      IND             SHC     g | h         n         m
        1    4.110202e+05         g         1         0
        2   -7.129615e+04         g         1         1
        3    2.098083e+04         h         1         1
        4    1.169532e+04         g         2         0
        5   -5.695356e+04         g         2         1
        6   -4.260138e+04         h         2         1
        7    4.830359e+04         g         2         2
        8    2.018956e+04         h         2         2
        9    2.987064e+03         g         3         0
       10   -3.744969e+04         g         3         1
       11   -3.296288e+04         h         3         1
       12    1.542231e+04         g         3         2
       13    4.258264e+04         h         3         2
       14   -1.579775e+03         g         3         3
       15   -2.749223e+04         h         3         3
       16   -3.457292e+04         g         4         0
       17   -8.018114e+03         g         4         1
       18    3.237376e+04         h         4         1
       19   -2.570451e+03         g         4         2
       20    2.751389e+04         h         4         2
       21   -1.081280e+04         g         4         3
       22   -5.889638e+02         h         4         3
       23   -1.801777e+04         g         4         4
       24   -1.223501e+03         h         4         4
       25   -1.810490e+04         g         5         0
       26    4.341197e+03         g         5         1
       27    4.548949e+04         h         5         1
       28    1.656714e+04         g         5         2
       29   -8.113521e+02         h         5         2
       30   -1.726376e+04         g         5         3
       31    5.990801e+03         h         5         3
       32   -2.575757e+03         g         5         4
       33    1.050887e+04         h         5         4
       34   -4.928644e+03         g         5         5
       35    1.013947e+04         h         5         5
       36   -2.110989e+04         g         6         0
       37    9.807141e+03         g         6         1
       38    1.391456e+04         h         6         1
       39    1.203059e+04         g         6         2
       40   -1.014837e+04         h         6         2
       41   -1.257703e+04         g         6         3
       42   -2.976220e+02         h         6         3
       43    2.777703e+03         g         6         4
       44    1.389736e+04         h         6         4
       45    1.522455e+03         g         6         5
       46   -3.686382e+03         h         6         5
       47    8.097321e+03         g         6         6
       48    4.750149e+03         h         6         6
       49    5.984454e+01         g         7         0
       50    5.584610e+03         g         7         1
       51   -7.494536e+03         h         7         1
       52   -6.875738e+03         g         7         2
       53   -1.134169e+04         h         7         2
       54   -1.523150e+03         g         7         3
       55    2.104883e+03         h         7         3
       56   -7.089684e+03         g         7         4
       57    5.319625e+03         h         7         4
       58    3.002388e+03         g         7         5
       59   -6.627687e+03         h         7         5
       60   -2.506287e+03         g         7         6
       61   -1.943065e+03         h         7         6
       62    3.669407e+03         g         7         7
       63   -5.887774e+03         h         7         7
       64    1.096925e+04         g         8         0
       65    1.233365e+03         g         8         1
       66   -2.469433e+03         h         8         1
       67   -7.385648e+03         g         8         2
       68   -1.285448e+04         h         8         2
       69   -1.231956e+02         g         8         3
       70    1.001463e+04         h         8         3
       71   -4.685707e+03         g         8         4
       72   -1.621812e+03         h         8         4
       73   -1.272431e+03         g         8         5
       74    2.353713e+03         h         8         5
       75   -4.322058e+03         g         8         6
       76   -3.152402e+03         h         8         6
       77   -1.441749e+03         g         8         7
       78    9.544006e+02         h         8         7
       79   -3.067200e+03         g         8         8
       80   -3.118645e+03         h         8         8
       81    8.748223e+03         g         9         0
       82   -3.130863e+03         g         9         1
       83   -7.752479e+03         h         9         1
       84    7.091596e+02         g         9         2
       85   -1.154792e+03         h         9         2
       86    9.989375e+02         g         9         3
       87    6.589104e+03         h         9         3
       88    3.575776e+03         g         9         4
       89   -1.424960e+03         h         9         4
       90   -3.096262e+03         g         9         5
       91    3.657981e+03         h         9         5
       92    1.375797e+03         g         9         6
       93   -1.903304e+02         h         9         6
       94   -1.438130e+03         g         9         7
       95    2.001666e+03         h         9         7
       96    1.363263e+03         g         9         8
       97    9.293078e+02         h         9         8
       98   -2.243114e+03         g         9         9
       99    1.903960e+03         h         9         9
      100   -2.352577e+03         g        10         0
      101    1.922488e+03         g        10         1
      102   -5.721722e+03         h        10         1
      103    2.261802e+03         g        10         2
      104    5.314917e+03         h        10         2
      105    4.154436e+03         g        10         3
      106   -2.566488e+03         h        10         3
      107    3.906273e+03         g        10         4
      108   -1.641645e+03         h        10         4
      109    6.369837e+02         g        10         5
      110   -2.717831e+02         h        10         5
      111    2.160118e+03         g        10         6
      112   -6.525002e+02         h        10         6
      113    7.084548e+02         g        10         7
      114   -1.647626e+03         h        10         7
      115    2.518156e+03         g        10         8
      116    3.979282e+02         h        10         8
      117    8.240613e+02         g        10         9
      118   -8.574937e+02         h        10         9
      119    1.212857e+03         g        10        10
      120    1.547256e+03         h        10        10
      121    1.301547e+03         g        11         0
      122    3.332071e+03         g        11         1
      123    3.069187e+02         h        11         1
      124   -1.658461e+03         g        11         2
      125    4.914309e+03         h        11         2
      126    3.932685e+03         g        11         3
      127   -4.256001e+03         h        11         3
      128    5.189303e+02         g        11         4
      129   -2.902307e+03         h        11         4
      130    3.689525e+02         g        11         5
      131   -4.907857e+02         h        11         5
      132   -1.206711e+03         g        11         6
      133   -2.688589e+03         h        11         6
      134   -4.264138e+02         g        11         7
      135   -1.330793e+03         h        11         7
      136    7.434732e+02         g        11         8
      137   -1.617908e+03         h        11         8
      138    2.713818e+02         g        11         9
      139   -1.499969e+03         h        11         9
      140   -3.048072e+02         g        11        10
      141   -6.239868e+02         h        11        10
      142    1.097669e+03         g        11        11
      143   -5.309588e+02         h        11        11
      144    2.295126e+03         g        12         0
      145    2.173629e+03         g        12         1
      146    4.753845e+03         h        12         1
      147   -6.691395e+02         g        12         2
      148    1.920995e+03         h        12         2
      149    3.699033e+02         g        12         3
      150   -1.962707e+03         h        12         3
      151   -6.495937e+02         g        12         4
      152   -1.152398e+03         h        12         4
      153   -1.017102e+03         g        12         5
      154    1.048475e+03         h        12         5
      155   -9.419748e+02         g        12         6
      156   -1.144276e+03         h        12         6
      157   -2.031795e+03         g        12         7
      158    9.133156e+02         h        12         7
      159    5.862166e+02         g        12         8
      160   -9.660457e+02         h        12         8
      161   -1.424995e+03         g        12         9
      162   -5.151768e+02         h        12         9
      163   -6.688180e+02         g        12        10
      164    1.070308e+01         h        12        10
      165   -7.873986e+02         g        12        11
      166    8.961723e+01         h        12        11
      167   -2.494469e+02         g        12        12
      168   -7.248739e+02         h        12        12
      169    9.369665e+02         g        13         0
      170   -2.784277e+02         g        13         1
      171    3.242153e+03         h        13         1
      172    1.188148e+03         g        13         2
      173    4.174647e+02         h        13         2
      174   -1.881818e+03         g        13         3
      175   -5.483920e+02         h        13         3
      176   -5.133564e+01         g        13         4
      177    2.064181e+03         h        13         4
      178    2.417983e+02         g        13         5
      179    1.322667e+02         h        13         5
      180    3.266267e+02         g        13         6
      181    1.077352e+03         h        13         6
      182   -8.923730e+02         g        13         7
      183    1.171967e+03         h        13         7
      184    1.019813e+03         g        13         8
      185    4.332809e+02         h        13         8
      186   -6.239732e+02         g        13         9
      187   -1.801407e+02         h        13         9
      188   -2.313878e+01         g        13        10
      189    1.192225e+03         h        13        10
      190   -1.864238e+02         g        13        11
      191    5.102003e+02         h        13        11
      192   -6.878239e+01         g        13        12
      193    7.179124e+02         h        13        12
      194   -3.003300e+02         g        13        13
      195    2.248331e+01         h        13        13
      196    1.279188e+03         g        14         0
      197   -1.860084e+03         g        14         1
      198   -1.056610e+02         h        14         1
      199    8.495423e+02         g        14         2
      200   -3.028223e+01         h        14         2
      201   -1.304598e+03         g        14         3
      202    1.141797e+02         h        14         3
      203   -3.555760e+01         g        14         4
      204    1.603035e+03         h        14         4
      205    1.282675e+03         g        14         5
      206   -1.083174e+03         h        14         5
      207    1.798845e+02         g        14         6
      208    7.452158e+02         h        14         6
      209    6.777018e+02         g        14         7
      210    2.965188e+02         h        14         7
      211    8.119954e+02         g        14         8
      212   -1.547873e+02         h        14         8
      213    2.841570e+02         g        14         9
      214   -1.663395e+02         h        14         9
      215    2.066940e+02         g        14        10
      216    5.629446e+02         h        14        10
      217    3.151084e+02         g        14        11
      218    3.699023e+02         h        14        11
      219    2.568264e+02         g        14        12
      220    1.909608e+02         h        14        12
      221    3.705258e+02         g        14        13
      222    1.664272e+02         h        14        13
      223   -4.161353e+01         g        14        14
      224    1.428281e+02         h        14        14
      225    8.003767e+02         g        15         0
      226   -1.540529e+03         g        15         1
      227   -1.481649e+03         h        15         1
      228   -2.240600e+02         g        15         2
      229   -3.959737e+02         h        15         2
      230   -5.045041e+02         g        15         3
      231    5.125364e+02         h        15         3
      232   -5.528884e+02         g        15         4
      233   -1.665678e+02         h        15         4
      234    1.512494e+02         g        15         5
      235   -7.973260e+02         h        15         5
      236   -3.365906e+02         g        15         6
      237    1.265419e+02         h        15         6
      238    2.855408e+02         g        15         7
      239    7.962494e+01         h        15         7
      240   -2.159036e+02         g        15         8
      241   -7.311767e+02         h        15         8
      242   -2.357723e+02         g        15         9
      243   -1.255528e+02         h        15         9
      244    2.313133e+02         g        15        10
      245    3.223017e+01         h        15        10
      246   -1.389732e+02         g        15        11
      247    5.928330e+01         h        15        11
      248    2.759837e+02         g        15        12
      249    5.429460e+01         h        15        12
      250   -5.207796e+01         g        15        13
      251   -1.652178e+02         h        15        13
      252    1.795604e+02         g        15        14
      253   -2.127447e+02         h        15        14
      254   -2.887691e+01         g        15        15
      255    1.137640e+02         h        15        15
      256   -3.503374e+02         g        16         0
      257   -6.601190e+02         g        16         1
      258   -9.543138e+02         h        16         1
      259   -5.361739e+02         g        16         2
      260   -1.769522e+02         h        16         2
      261   -3.847601e+02         g        16         3
      262    5.815142e+02         h        16         3
      263   -4.800214e+02         g        16         4
      264   -1.867857e+02         h        16         4
      265   -7.328320e+02         g        16         5
      266    2.094093e+02         h        16         5
      267   -1.233364e+02         g        16         6
      268    4.170473e+02         h        16         6
      269    4.984751e+01         g        16         7
      270    2.626721e+02         h        16         7
      271   -6.618674e+02         g        16         8
      272   -2.418376e+00         h        16         8
      273   -3.199262e+02         g        16         9
      274    3.485229e+02         h        16         9
      275   -2.031623e+01         g        16        10
      276    2.837741e+02         h        16        10
      277   -3.106634e+02         g        16        11
      278    8.867987e+01         h        16        11
      279   -8.936732e+01         g        16        12
      280    3.329907e+02         h        16        12
      281   -9.816922e+00         g        16        13
      282   -1.716912e+02         h        16        13
      283   -1.545000e+02         g        16        14
      284    5.740776e+01         h        16        14
      285   -6.608958e+01         g        16        15
      286   -2.123745e+02         h        16        15
      287    8.779449e+01         g        16        16
      288   -2.981012e+01         h        16        16
      289   -6.267788e+02         g        17         0
      290    3.144160e+01         g        17         1
      291    1.512070e+02         h        17         1
      292   -5.054963e+01         g        17         2
      293    8.868428e+01         h        17         2
      294   -5.949394e+01         g        17         3
      295    2.353544e+02         h        17         3
      296    1.580104e+02         g        17         4
      297    1.735123e+02         h        17         4
      298   -3.163845e+02         g        17         5
      299    5.317029e+02         h        17         5
      300    4.249428e+02         g        17         6
      301    2.499960e+02         h        17         6
      302    4.172873e+02         g        17         7
      303    1.044988e+02         h        17         7
      304   -3.015248e+02         g        17         8
      305    2.174716e+02         h        17         8
      306    1.504597e+02         g        17         9
      307    6.573986e+02         h        17         9
      308    1.295232e+02         g        17        10
      309    1.554709e+02         h        17        10
      310   -2.274135e+01         g        17        11
      311    3.191064e+02         h        17        11
      312   -4.598493e+01         g        17        12
      313    3.000145e+02         h        17        12
      314    1.204322e+02         g        17        13
      315    1.017662e+02         h        17        13
      316   -1.050681e+02         g        17        14
      317   -3.274845e+01         h        17        14
      318    9.577946e+01         g        17        15
      319    8.284567e+01         h        17        15
      320   -2.997235e+01         g        17        16
      321   -3.053999e+00         h        17        16
      322    8.548460e-03         g        17        17
      323   -2.210900e-02         h        17        17
      324   -2.495793e+02         g        18         0
      325    4.078131e+02         g        18         1
      326    5.426927e+02         h        18         1
      327    2.767643e+02         g        18         2
      328   -1.163704e+02         h        18         2
      329    2.992119e+02         g        18         3
      330   -2.581120e+02         h        18         3
      331    3.833202e+02         g        18         4
      332   -6.983428e+01         h        18         4
      333    3.433074e+01         g        18         5
      334    1.488855e+02         h        18         5
      335    4.760425e+02         g        18         6
      336   -3.335175e+02         h        18         6
      337    2.062582e+02         g        18         7
      338   -2.604781e+02         h        18         7
      339    8.124526e+01         g        18         8
      340   -1.052516e+02         h        18         8
      341    1.723564e+02         g        18         9
      342    3.310076e+02         h        18         9
      343    3.199874e+02         g        18        10
      344   -2.150968e+02         h        18        10
      345    1.575107e+01         g        18        11
      346    1.390965e+02         h        18        11
      347    1.604349e+02         g        18        12
      348    4.478737e+01         h        18        12
      349    3.504354e+01         g        18        13
      350    8.657617e+01         h        18        13
      351    8.749428e+01         g        18        14
      352   -4.647402e+01         h        18        14
      353   -3.099342e+01         g        18        15
      354   -2.372209e+01         h        18        15
      355    8.274225e+00         g        18        16
      356    8.733959e+01         h        18        16
      357    6.489467e-03         g        18        17
      358    1.965417e-03         h        18        17
      359   -1.413299e-02         g        18        18
      360   -3.541003e-03         h        18        18
      361    5.629446e+01         g        19         0
      362    3.492551e+02         g        19         1
      363    1.752058e+02         h        19         1
      364    1.012880e+02         g        19         2
      365   -2.493281e+02         h        19         2
      366    2.077290e+02         g        19         3
      367   -3.476632e+02         h        19         3
      368    5.741543e+01         g        19         4
      369   -1.634880e+02         h        19         4
      370   -4.828647e+01         g        19         5
      371   -1.085983e+02         h        19         5
      372    6.345895e+01         g        19         6
      373   -3.540165e+02         h        19         6
      374   -2.949420e+02         g        19         7
      375   -3.046716e+02         h        19         7
      376    1.015954e+02         g        19         8
      377   -3.381439e+01         h        19         8
      378   -8.944081e+01         g        19         9
      379   -8.477274e+01         h        19         9
      380    1.059195e+02         g        19        10
      381   -2.169527e+02         h        19        10
      382   -9.760683e+01         g        19        11
      383   -1.259181e+02         h        19        11
      384    6.609832e+01         g        19        12
      385   -4.853475e+01         h        19        12
      386   -6.383051e+01         g        19        13
      387   -1.886096e+01         h        19        13
      388    2.117010e+01         g        19        14
      389   -1.033531e+01         h        19        14
      390    1.767729e+01         g        19        15
      391   -1.342651e+02         h        19        15
      392   -9.980845e+01         g        19        16
      393   -1.555803e+01         h        19        16
      394   -1.496893e-03         g        19        17
      395    4.039731e-03         h        19        17
      396    1.121013e-04         g        19        18
      397   -5.758722e-03         h        19        18
      398   -4.320486e-03         g        19        19
      399    6.802723e-03         h        19        19
      400    1.274332e+02         g        20         0
      401    6.570965e+01         g        20         1
      402   -1.416081e+02         h        20         1
      403   -9.391562e+01         g        20         2
      404   -4.085723e+01         h        20         2
      405   -3.933658e+01         g        20         3
      406   -3.975980e+01         h        20         3
      407   -1.439466e+02         g        20         4
      408    4.384233e+01         h        20         4
      409   -9.429653e+00         g        20         5
      410   -4.057984e+01         h        20         5
      411   -2.187229e+02         g        20         6
      412   -4.123722e+00         h        20         6
      413   -2.873043e+02         g        20         7
      414   -5.399841e+01         h        20         7
      415    3.774426e+01         g        20         8
      416    1.773778e+02         h        20         8
      417   -9.280421e+01         g        20         9
      418   -1.266969e+02         h        20         9
      419   -1.323060e+02         g        20        10
      420   -9.070585e+00         h        20        10
      421   -6.217163e+01         g        20        11
      422   -8.945468e+01         h        20        11
      423   -6.821669e+01         g        20        12
      424   -2.520767e+01         h        20        12
      425   -5.891216e+01         g        20        13
      426    7.662360e+00         h        20        13
      427   -5.492599e+01         g        20        14
      428   -8.194706e+00         h        20        14
      429    4.867370e+01         g        20        15
      430   -5.065357e+01         h        20        15
      431   -1.087687e+02         g        20        16
      432   -6.189703e+01         h        20        16
      433   -2.487872e-03         g        20        17
      434   -2.822862e-04         h        20        17
      435    4.254151e-03         g        20        18
      436    2.175042e-05         h        20        18
      437   -3.418278e-03         g        20        19
      438   -1.859369e-04         h        20        19
      439    4.113292e-03         g        20        20
      440    2.610711e-03         h        20        20
      441    5.895819e+01         g        21         0
      442   -1.037436e+02         g        21         1
      443   -1.148994e+02         h        21         1
      444   -6.040720e+01         g        21         2
      445    1.401682e+02         h        21         2
      446   -7.985946e+01         g        21         3
      447    1.579051e+02         h        21         3
      448   -3.292902e+01         g        21         4
      449    9.968860e+01         h        21         4
      450    1.083640e+02         g        21         5
      451    2.370317e+01         h        21         5
      452   -1.594684e+02         g        21         6
      453    1.171902e+02         h        21         6
      454    7.235417e+00         g        21         7
      455    1.088334e+02         h        21         7
      456    5.626510e+01         g        21         8
      457    9.932945e+01         h        21         8
      458    3.162819e+01         g        21         9
      459   -1.489981e+01         h        21         9
      460   -1.099418e+02         g        21        10
      461    5.946171e+01         h        21        10
      462    2.630132e+01         g        21        11
      463    2.524220e+01         h        21        11
      464   -4.532778e+01         g        21        12
      465   -4.390396e+01         h        21        12
      466   -2.742074e+01         g        21        13
      467    5.036197e+01         h        21        13
      468   -5.030099e+00         g        21        14
      469   -1.679887e+01         h        21        14
      470    1.303431e+01         g        21        15
      471    3.343932e+01         h        21        15
      472   -6.610842e+01         g        21        16
      473   -6.567038e+01         h        21        16
      474   -6.069625e-04         g        21        17
      475   -1.168170e-03         h        21        17
      476    1.442001e-03         g        21        18
      477    2.174327e-03         h        21        18
      478   -2.787986e-04         g        21        19
      479   -1.833553e-03         h        21        19
      480    7.420505e-05         g        21        20
      481    1.885510e-03         h        21        20
      482    8.496095e-04         g        21        21
      483   -1.655634e-03         h        21        21
      484   -3.056119e+01         g        22         0
      485   -9.054289e+01         g        22         1
      486   -2.004265e+00         h        22         1
      487    1.946221e+01         g        22         2
      488    9.883606e+01         h        22         2
      489    3.735032e+00         g        22         3
      490    8.140769e+01         h        22         3
      491    5.818100e+01         g        22         4
      492   -9.172447e+00         h        22         4
      493    5.831394e+01         g        22         5
      494   -1.388921e+01         h        22         5
      495   -6.513365e+00         g        22         6
      496    3.633603e+01         h        22         6
      497    1.043606e+02         g        22         7
      498    7.296067e+01         h        22         7
      499    4.758388e+01         g        22         8
      500   -5.240412e+01         h        22         8
      501    3.114823e+01         g        22         9
      502    8.438764e+00         h        22         9
      503    9.377219e-01         g        22        10
      504    2.748053e+01         h        22        10
      505    1.592986e+01         g        22        11
      506    1.888166e+01         h        22        11
      507    1.130748e+01         g        22        12
      508   -5.052812e+01         h        22        12
      509   -1.961834e+01         g        22        13
      510    2.678082e+01         h        22        13
      511    4.575826e+01         g        22        14
      512   -1.510088e+01         h        22        14
      513   -1.334072e+01         g        22        15
      514    3.478061e+01         h        22        15
      515   -3.652019e+01         g        22        16
      516   -6.228671e+01         h        22        16
      517    3.488834e-04         g        22        17
      518   -5.121985e-04         h        22        17
      519   -4.406801e-04         g        22        18
      520    1.173101e-03         h        22        18
      521    5.366707e-04         g        22        19
      522   -6.702601e-04         h        22        19
      523   -8.273917e-04         g        22        20
      524    7.693512e-05         h        22        20
      525    5.829022e-04         g        22        21
      526   -5.117972e-05         h        22        21
      527   -6.787798e-04         g        22        22
      528   -4.232766e-04         h        22        22
      529   -4.666340e+01         g        23         0
      530   -1.838403e+01         g        23         1
      531    3.030950e+01         h        23         1
      532    2.446064e+01         g        23         2
      533   -6.978271e+00         h        23         2
      534    3.193922e+01         g        23         3
      535   -2.878149e+01         h        23         3
      536    1.141070e+01         g        23         4
      537   -4.965238e+01         h        23         4
      538   -4.101135e+01         g        23         5
      539   -3.044469e+01         h        23         5
      540    4.670029e+01         g        23         6
      541   -9.234075e+00         h        23         6
      542    3.608352e+01         g        23         7
      543   -1.459805e+00         h        23         7
      544   -1.578879e+01         g        23         8
      545   -5.427195e+01         h        23         8
      546   -1.898039e+01         g        23         9
      547   -1.480683e+01         h        23         9
      548    2.982261e+01         g        23        10
      549    1.766414e+01         h        23        10
      550   -2.680965e+01         g        23        11
      551   -2.488735e+01         h        23        11
      552    1.195844e+01         g        23        12
      553   -2.649007e+00         h        23        12
      554   -1.075428e+01         g        23        13
      555   -1.010551e+01         h        23        13
      556    3.969315e+01         g        23        14
      557   -2.087998e+00         h        23        14
      558   -1.458612e+01         g        23        15
      559    1.345747e+01         h        23        15
      560   -1.328086e+01         g        23        16
      561   -4.134394e+01         h        23        16
      562    1.906665e-04         g        23        17
      563    3.565959e-05         h        23        17
      564   -5.464837e-04         g        23        18
      565    3.101773e-04         h        23        18
      566    1.449165e-04         g        23        19
      567   -2.103464e-05         h        23        19
      568   -2.820646e-04         g        23        20
      569   -1.328364e-04         h        23        20
      570   -9.338739e-05         g        23        21
      571    3.304605e-04         h        23        21
      572    1.258774e-05         g        23        22
      573   -2.010789e-04         h        23        22
      574   -1.654020e-04         g        23        23
      575    2.622984e-04         h        23        23
      576   -2.978386e+00         g        24         0
      577    2.138272e+01         g        24         1
      578    1.382415e+01         h        24         1
      579    1.361736e+00         g        24         2
      580   -4.067455e+01         h        24         2
      581    1.138660e+00         g        24         3
      582   -3.437316e+01         h        24         3
      583   -3.213651e+01         g        24         4
      584   -6.188790e+00         h        24         4
      585   -4.105375e+01         g        24         5
      586   -4.686957e-01         h        24         5
      587    2.857922e+01         g        24         6
      588   -1.360519e+00         h        24         6
      589   -4.158961e+00         g        24         7
      590   -1.606887e+01         h        24         7
      591   -4.619312e+01         g        24         8
      592    1.672620e+00         h        24         8
      593   -1.308425e+01         g        24         9
      594   -9.141930e+00         h        24         9
      595    4.957294e+00         g        24        10
      596    1.481510e+01         h        24        10
      597   -1.926808e+01         g        24        11
      598   -1.944063e+01         h        24        11
      599   -9.895343e+00         g        24        12
      600    2.848450e+01         h        24        12
      601    7.317254e+00         g        24        13
      602   -2.135988e+01         h        24        13
      603    1.306294e+01         g        24        14
      604    6.425174e+00         h        24        14
      605   -5.337227e+00         g        24        15
      606    9.531255e-01         h        24        15
      607    1.358433e+00         g        24        16
      608   -1.524719e+01         h        24        16
      609    2.353694e-05         g        24        17
      610    2.587766e-04         h        24        17
      611   -1.404700e-04         g        24        18
      612    2.539924e-05         h        24        18
      613    4.324493e-05         g        24        19
      614   -6.139612e-06         h        24        19
      615   -8.434175e-06         g        24        20
      616    1.813729e-04         h        24        20
      617   -1.062100e-04         g        24        21
      618    6.947401e-05         h        24        21
      619    1.385858e-04         g        24        22
      620    6.074182e-05         h        24        22
      621   -6.531861e-05         g        24        23
      622    9.721109e-06         h        24        23
      623    1.259684e-04         g        24        24
      624    7.004769e-05         h        24        24
      625    2.329410e+01         g        25         0
      626    2.058694e+01         g        25         1
      627   -1.488957e+00         h        25         1
      628   -6.852743e+00         g        25         2
      629   -1.918928e+01         h        25         2
      630   -1.793754e+01         g        25         3
      631   -1.975325e+00         h        25         3
      632   -1.360633e+01         g        25         4
      633    1.976847e+01         h        25         4
      634    3.560873e+00         g        25         5
      635    1.627125e+01         h        25         5
      636    8.360091e+00         g        25         6
      637   -2.811058e-02         h        25         6
      638   -9.617446e-01         g        25         7
      639   -3.612458e+00         h        25         7
      640   -2.085940e+01         g        25         8
      641    1.260599e+01         h        25         8
      642    1.050948e+01         g        25         9
      643    7.339052e+00         h        25         9
      644   -5.974451e+00         g        25        10
      645   -3.187670e+00         h        25        10
      646    4.378490e+00         g        25        11
      647    6.068064e+00         h        25        11
      648   -1.257174e+01         g        25        12
      649    1.265315e+01         h        25        12
      650    1.244991e+01         g        25        13
      651   -1.004200e+01         h        25        13
      652   -4.142925e+00         g        25        14
      653    2.449719e+00         h        25        14
      654    3.371741e+00         g        25        15
      655   -5.543906e+00         h        25        15
      656   -3.598245e-01         g        25        16
      657    2.004484e+00         h        25        16
      658    9.475703e-05         g        25        17
      659    2.128187e-04         h        25        17
      660    1.463768e-05         g        25        18
      661   -1.475501e-04         h        25        18
      662    1.219928e-04         g        25        19
      663   -9.451836e-05         h        25        19
      664   -3.822805e-05         g        25        20
      665    1.380183e-04         h        25        20
      666    6.345274e-05         g        25        21
      667   -7.813786e-05         h        25        21
      668    9.739004e-06         g        25        22
      669    3.217163e-05         h        25        22
      670    2.684821e-05         g        25        23
      671   -4.748756e-05         h        25        23
      672    2.986618e-05         g        25        24
      673    4.842294e-05         h        25        24
      674    2.438514e-05         g        25        25
      675   -4.641656e-05         h        25        25
      676    1.063724e+01         g        26         0
      677    5.100286e+00         g        26         1
      678   -4.651299e+00         h        26         1
      679   -4.831098e+00         g        26         2
      680    2.719626e+00         h        26         2
      681   -8.309876e+00         g        26         3
      682    6.443524e+00         h        26         3
      683    1.045257e+01         g        26         4
      684    8.154235e+00         h        26         4
      685    1.504323e+01         g        26         5
      686    6.475375e+00         h        26         5
      687   -1.119506e+00         g        26         6
      688   -5.185750e+00         h        26         6
      689   -1.996261e+00         g        26         7
      690   -4.344600e-01         h        26         7
      691    8.347573e+00         g        26         8
      692    5.201236e-01         h        26         8
      693    9.293350e+00         g        26         9
      694    6.445248e+00         h        26         9
      695   -6.502771e-01         g        26        10
      696   -1.214919e+01         h        26        10
      697    5.694497e+00         g        26        11
      698    9.271554e+00         h        26        11
      699    2.045525e-01         g        26        12
      700   -6.439696e+00         h        26        12
      701    1.502006e+00         g        26        13
      702    4.219280e+00         h        26        13
      703   -5.931533e+00         g        26        14
      704   -3.711017e+00         h        26        14
      705    6.117905e+00         g        26        15
      706   -4.434389e+00         h        26        15
      707   -3.097319e+00         g        26        16
      708    7.680000e+00         h        26        16
      709    1.147008e-04         g        26        17
      710    1.140932e-04         h        26        17
      711   -3.699412e-05         g        26        18
      712   -1.998123e-04         h        26        18
      713    5.463283e-05         g        26        19
      714   -6.408911e-05         h        26        19
      715   -8.252881e-05         g        26        20
      716   -1.629906e-06         h        26        20
      717    5.163020e-05         g        26        21
      718   -4.226212e-05         h        26        21
      719   -5.264186e-05         g        26        22
      720   -1.568966e-05         h        26        22
      721    5.517792e-07         g        26        23
      722   -2.047561e-05         h        26        23
      723   -2.374723e-05         g        26        24
      724    8.700927e-07         h        26        24
      725    9.988804e-06         g        26        25
      726   -3.025850e-07         h        26        25
      727   -1.776232e-05         g        26        26
      728   -4.856764e-06         h        26        26
      729   -5.910079e+00         g        27         0
      730   -4.670896e+00         g        27         1
      731   -1.216960e+00         h        27         1
      732   -1.308349e+00         g        27         2
      733    7.586833e+00         h        27         2
      734    4.776701e+00         g        27         3
      735    9.363758e-01         h        27         3
      736    9.137141e+00         g        27         4
      737   -5.000647e+00         h        27         4
      738    2.839213e+00         g        27         5
      739   -3.389238e+00         h        27         5
      740   -5.839180e+00         g        27         6
      741   -2.260642e+00         h        27         6
      742   -6.794577e+00         g        27         7
      743   -1.821759e+00         h        27         7
      744    1.180718e+01         g        27         8
      745   -1.477708e+00         h        27         8
      746   -5.403165e-01         g        27         9
      747   -1.605396e+00         h        27         9
      748    8.597099e-01         g        27        10
      749   -4.932261e+00         h        27        10
      750   -4.443579e-01         g        27        11
      751   -1.299336e+00         h        27        11
      752    6.823006e+00         g        27        12
      753   -5.013749e+00         h        27        12
      754   -6.492332e+00         g        27        13
      755    6.475908e+00         h        27        13
      756   -9.037967e-01         g        27        14
      757   -3.443867e+00         h        27        14
      758    3.218291e+00         g        27        15
      759    4.353752e-01         h        27        15
      760    1.199511e+00         g        27        16
      761    5.019323e+00         h        27        16
      762    4.826453e-05         g        27        17
      763    5.840332e-05         h        27        17
      764   -5.120942e-05         g        27        18
      765   -1.089308e-04         h        27        18
      766   -3.122892e-05         g        27        19
      767    1.784384e-05         h        27        19
      768   -3.440773e-05         g        27        20
      769   -2.217617e-05         h        27        20
      770    2.861138e-06         g        27        21
      771    1.449648e-05         h        27        21
      772   -2.786846e-05         g        27        22
      773    9.469479e-06         h        27        22
      774   -1.026619e-05         g        27        23
      775   -1.900295e-06         h        27        23
      776   -2.190381e-05         g        27        24
      777    2.275779e-06         h        27        24
      778   -1.372753e-05         g        27        25
      779    7.625385e-06         h        27        25
      780   -3.000656e-06         g        27        26
      781   -5.651982e-06         h        27        26
      782   -6.757285e-08         g        27        27
      783    7.481418e-06         h        27        27
      784   -6.153984e+00         g        28         0
      785   -4.793764e+00         g        28         1
      786    1.382376e+00         h        28         1
      787    1.656229e+00         g        28         2
      788    3.405956e+00         h        28         2
      789    6.280248e+00         g        28         3
      790   -6.900900e-01         h        28         3
      791   -4.244237e-02         g        28         4
      792   -4.882459e+00         h        28         4
      793   -3.215290e+00         g        28         5
      794   -2.950332e+00         h        28         5
      795   -5.320921e+00         g        28         6
      796    2.389694e+00         h        28         6
      797   -3.602557e+00         g        28         7
      798   -1.018435e-01         h        28         7
      799    3.014590e+00         g        28         8
      800    1.343093e+00         h        28         8
      801   -2.324176e+00         g        28         9
      802   -2.279978e+00         h        28         9
      803   -1.437817e+00         g        28        10
      804    2.071204e+00         h        28        10
      805    4.453725e-01         g        28        11
      806   -4.156454e+00         h        28        11
      807    2.913629e+00         g        28        12
      808    1.242519e+00         h        28        12
      809   -3.721825e+00         g        28        13
      810    9.633519e-01         h        28        13
      811    1.361595e+00         g        28        14
      812   -4.908610e-01         h        28        14
      813   -7.879734e-01         g        28        15
      814    2.084923e+00         h        28        15
      815    3.957182e+00         g        28        16
      816   -6.532405e-01         h        28        16
      817   -5.969147e-06         g        28        17
      818    1.577988e-05         h        28        17
      819   -1.101062e-05         g        28        18
      820   -1.070737e-05         h        28        18
      821   -2.491847e-05         g        28        19
      822    4.115364e-05         h        28        19
      823    2.601854e-05         g        28        20
      824   -7.821775e-06         h        28        20
      825   -7.212008e-07         g        28        21
      826    1.121672e-05         h        28        21
      827    7.868803e-06         g        28        22
      828    2.553804e-05         h        28        22
      829    1.175430e-05         g        28        23
      830   -5.194324e-06         h        28        23
      831   -3.979534e-06         g        28        24
      832    8.557555e-06         h        28        24
      833   -4.157720e-07         g        28        25
      834   -1.689480e-06         h        28        25
      835    3.914261e-06         g        28        26
      836    3.452172e-06         h        28        26
      837   -1.455336e-06         g        28        27
      838    2.546469e-06         h        28        27
      839    1.935997e-06         g        28        28
      840   -1.815785e-07         h        28        28
      841   -1.785698e-01         g        29         0
      842   -1.135436e+00         g        29         1
      843    7.390712e-01         h        29         1
      844    2.279258e+00         g        29         2
      845   -6.243385e-01         h        29         2
      846    1.388377e+00         g        29         3
      847    3.708078e-01         h        29         3
      848   -2.594825e+00         g        29         4
      849   -3.280424e-01         h        29         4
      850   -1.241794e+00         g        29         5
      851    7.106613e-02         h        29         5
      852   -1.194582e+00         g        29         6
      853    1.844540e+00         h        29         6
      854    1.720436e+00         g        29         7
      855    1.337432e+00         h        29         7
      856   -1.740838e+00         g        29         8
      857    7.932304e-01         h        29         8
      858   -6.633677e-01         g        29         9
      859    1.002820e+00         h        29         9
      860   -7.524965e-01         g        29        10
      861    2.092080e+00         h        29        10
      862    2.123079e+00         g        29        11
      863    5.492501e-02         h        29        11
      864   -1.447349e+00         g        29        12
      865    1.161033e+00         h        29        12
      866    1.109804e+00         g        29        13
      867   -1.815006e+00         h        29        13
      868    4.697479e-01         g        29        14
      869    5.229653e-01         h        29        14
      870   -2.389478e+00         g        29        15
      871    9.672428e-01         h        29        15
      872    2.249418e+00         g        29        16
      873   -3.238523e+00         h        29        16
      874   -2.226113e-05         g        29        17
      875   -1.032091e-05         h        29        17
      876    1.209493e-05         g        29        18
      877    2.318746e-05         h        29        18
      878    4.120656e-06         g        29        19
      879    1.612578e-05         h        29        19
      880    2.783021e-05         g        29        20
      881   -1.110517e-05         h        29        20
      882    5.656987e-07         g        29        21
      883   -9.916452e-06         h        29        21
      884    1.293557e-05         g        29        22
      885    1.425666e-05         h        29        22
      886    1.739604e-05         g        29        23
      887   -1.366277e-05         h        29        23
      888   -1.360524e-06         g        29        24
      889    4.233472e-06         h        29        24
      890    1.142717e-05         g        29        25
      891   -6.190969e-06         h        29        25
      892   -2.953537e-07         g        29        26
      893   -1.864705e-07         h        29        26
      894    1.647722e-06         g        29        27
      895   -1.149771e-06         h        29        27
      896    6.308382e-07         g        29        28
      897    7.595127e-07         h        29        28
      898   -1.048354e-06         g        29        29
      899   -1.196113e-06         h        29        29
      900    1.609124e+00         g        30         0
      901    1.042923e+00         g        30         1
      902   -5.277882e-01         h        30         1
      903    6.969868e-01         g        30         2
      904   -1.523242e+00         h        30         2
      905   -1.693325e+00         g        30         3
      906    3.180593e-01         h        30         3
      907   -1.027281e+00         g        30         4
      908    1.454969e+00         h        30         4
      909    3.661906e-01         g        30         5
      910    6.495385e-01         h        30         5
      911    1.617878e+00         g        30         6
      912   -6.027868e-01         h        30         6
      913    2.452497e+00         g        30         7
      914    5.265962e-01         h        30         7
      915   -1.548853e+00         g        30         8
      916   -5.710434e-01         h        30         8
      917   -4.560830e-01         g        30         9
      918    1.340220e+00         h        30         9
      919    1.296659e+00         g        30        10
      920    3.722930e-01         h        30        10
      921    4.014038e-01         g        30        11
      922    1.937102e+00         h        30        11
      923   -1.368363e+00         g        30        12
      924   -6.795012e-01         h        30        12
      925    1.790608e+00         g        30        13
      926   -7.094786e-01         h        30        13
      927   -2.793675e-01         g        30        14
      928    3.485452e-01         h        30        14
      929   -1.598241e+00         g        30        15
      930    4.993181e-02         h        30        15
      931    3.281177e-01         g        30        16
      932   -1.484912e+00         h        30        16
      933   -1.700580e-05         g        30        17
      934   -8.975707e-06         h        30        17
      935    1.121701e-05         g        30        18
      936    1.752273e-05         h        30        18
      937    3.658233e-06         g        30        19
      938   -2.793437e-06         h        30        19
      939    2.767887e-06         g        30        20
      940   -1.147130e-05         h        30        20
      941   -3.781306e-06         g        30        21
      942   -7.926138e-06         h        30        21
      943    3.439640e-06         g        30        22
      944    2.788950e-06         h        30        22
      945    6.284458e-06         g        30        23
      946   -1.010290e-05         h        30        23
      947   -5.345226e-06         g        30        24
      948    2.501179e-06         h        30        24
      949    8.889668e-06         g        30        25
      950   -4.778811e-06         h        30        25
      951   -5.204332e-06         g        30        26
      952   -3.626276e-06         h        30        26
      953    3.713729e-07         g        30        27
      954   -1.248129e-06         h        30        27
      955   -8.353091e-07         g        30        28
      956   -8.836216e-07         h        30        28
      957    9.804423e-07         g        30        29
      958    6.982462e-07         h        30        29
      959   -5.450497e-07         g        30        30
      960    6.624647e-07         h        30        30
      961    4.535490e-01         g        31         0
      962    9.850544e-01         g        31         1
      963   -5.107585e-01         h        31         1
      964   -6.967078e-01         g        31         2
      965   -5.691644e-01         h        31         2
      966   -1.438315e+00         g        31         3
      967   -1.089039e-01         h        31         3
      968    5.930292e-02         g        31         4
      969    8.757224e-01         h        31         4
      970    1.239571e-01         g        31         5
      971    6.244998e-02         h        31         5
      972    1.484807e+00         g        31         6
      973   -1.011456e+00         h        31         6
      974    5.309851e-01         g        31         7
      975   -3.312802e-01         h        31         7
      976   -5.744503e-01         g        31         8
      977   -5.055367e-01         h        31         8
      978   -3.894691e-01         g        31         9
      979   -3.680051e-01         h        31         9
      980    1.154292e+00         g        31        10
      981    8.137819e-02         h        31        10
      982   -1.178277e+00         g        31        11
      983    5.401620e-01         h        31        11
      984    8.120876e-02         g        31        12
      985   -4.580235e-01         h        31        12
      986    4.180135e-01         g        31        13
      987    3.611112e-01         h        31        13
      988   -2.525023e-01         g        31        14
      989    2.701573e-01         h        31        14
      990   -1.014126e-01         g        31        15
      991   -2.199536e-01         h        31        15
      992   -1.999093e-01         g        31        16
      993    6.889391e-01         h        31        16
      994   -5.208309e-06         g        31        17
      995   -3.224449e-07         h        31        17
      996    6.290613e-06         g        31        18
      997    5.928426e-06         h        31        18
      998   -6.123145e-06         g        31        19
      999   -4.857731e-06         h        31        19
     1000   -5.901262e-06         g        31        20
     1001   -2.362987e-06         h        31        20
     1002   -4.071839e-06         g        31        21
     1003    2.722320e-06         h        31        21
     1004    7.869703e-07         g        31        22
     1005   -1.316979e-06         h        31        22
     1006   -1.142281e-06         g        31        23
     1007   -1.124088e-06         h        31        23
     1008   -3.100521e-06         g        31        24
     1009    3.490654e-06         h        31        24
     1010    4.049162e-06         g        31        25
     1011   -9.237961e-07         h        31        25
     1012   -5.052898e-06         g        31        26
     1013   -1.949945e-06         h        31        26
     1014    2.560214e-08         g        31        27
     1015    6.367788e-07         h        31        27
     1016   -1.146725e-06         g        31        28
     1017   -5.928718e-07         h        31        28
     1018    7.374639e-07         g        31        29
     1019    1.196222e-06         h        31        29
     1020   -3.372447e-07         g        31        30
     1021   -1.082490e-06         h        31        30
     1022    3.551138e-08         g        31        31
     1023    2.531902e-07         h        31        31
     1024   -1.369745e-01         g        32         0
     1025    2.098654e-01         g        32         1
     1026    3.997367e-02         h        32         1
     1027   -7.094982e-01         g        32         2
     1028    2.681378e-01         h        32         2
     1029   -1.953186e-01         g        32         3
     1030   -6.628909e-02         h        32         3
     1031    2.065904e-01         g        32         4
     1032    6.309359e-02         h        32         4
     1033   -8.510650e-02         g        32         5
     1034   -1.385287e-01         h        32         5
     1035    2.992108e-01         g        32         6
     1036   -6.630513e-02         h        32         6
     1037   -5.403240e-01         g        32         7
     1038   -1.983665e-01         h        32         7
     1039   -1.005137e-01         g        32         8
     1040   -7.999852e-02         h        32         8
     1041    2.558885e-01         g        32         9
     1042   -8.751349e-01         h        32         9
     1043   -2.551450e-01         g        32        10
     1044    1.694786e-01         h        32        10
     1045   -7.939012e-01         g        32        11
     1046   -5.196821e-01         h        32        11
     1047    3.824598e-01         g        32        12
     1048    2.949024e-01         h        32        12
     1049   -2.531784e-01         g        32        13
     1050    2.759928e-01         h        32        13
     1051   -9.241363e-02         g        32        14
     1052    8.827000e-02         h        32        14
     1053    6.833473e-01         g        32        15
     1054   -1.933385e-01         h        32        15
     1055   -2.714663e-01         g        32        16
     1056    7.962644e-01         h        32        16
     1057    2.616174e-06         g        32        17
     1058    7.075091e-07         h        32        17
     1059    2.525644e-06         g        32        18
     1060   -8.936077e-07         h        32        18
     1061   -5.490554e-06         g        32        19
     1062   -2.382159e-06         h        32        19
     1063   -1.487535e-06         g        32        20
     1064    4.397254e-06         h        32        20
     1065   -1.559474e-06         g        32        21
     1066    3.308087e-06         h        32        21
     1067    2.544784e-06         g        32        22
     1068   -1.968214e-06         h        32        22
     1069   -2.060830e-06         g        32        23
     1070    1.823978e-06         h        32        23
     1071    9.839053e-07         g        32        24
     1072    2.782224e-06         h        32        24
     1073    1.281150e-06         g        32        25
     1074    3.687716e-07         h        32        25
     1075   -1.739827e-06         g        32        26
     1076   -3.439340e-07         h        32        26
     1077    9.685280e-07         g        32        27
     1078    1.203884e-06         h        32        27
     1079   -4.245165e-07         g        32        28
     1080   -4.789264e-07         h        32        28
     1081    4.292706e-07         g        32        29
     1082    4.082144e-07         h        32        29
     1083    3.692575e-07         g        32        30
     1084   -6.047440e-07         h        32        30
     1085   -9.016497e-08         g        32        31
     1086    2.781048e-07         h        32        31
     1087   -5.183005e-09         g        32        32
     1088    3.104780e-07         h        32        32