      IND             SHC     g | h         n         m
        1    4.109934e+05         g         1         0
        2   -7.130590e+04         g         1         1
        3    2.095840e+04         h         1         1
        4    1.179670e+04         g         2         0
        5   -5.697240e+04         g         2         1
        6   -4.254900e+04         h         2         1
        7    4.825020e+04         g         2         2
        8    2.022150e+04         h         2         2
        9    2.799300e+03         g         3         0
       10   -3.748840e+04         g         3         1
       11   -3.289060e+04         h         3         1
       12    1.539680e+04         g         3         2
       13    4.251840e+04         h         3         2
       14   -1.489800e+03         g         3         3
       15   -2.739770e+04         h         3         3
       16   -3.440200e+04         g         4         0
       17   -8.080800e+03         g         4         1
       18    3.245240e+04         h         4         1
       19   -2.440500e+03         g         4         2
       20    2.743860e+04         h         4         2
       21   -1.084830e+04         g         4         3
       22   -5.014000e+02         h         4         3
       23   -1.791910e+04         g         4         4
       24   -1.325100e+03         h         4         4
       25   -1.826570e+04         g         5         0
       26    4.221800e+03         g         5         1
       27    4.536310e+04         h         5         1
       28    1.659950e+04         g         5         2
       29   -8.262000e+02         h         5         2
       30   -1.734580e+04         g         5         3
       31    6.000600e+03         h         5         3
       32   -2.544500e+03         g         5         4
       33    1.056880e+04         h         5         4
       34   -4.987700e+03         g         5         5
       35    1.009150e+04         h         5         5
       36   -2.096800e+04         g         6         0
       37    9.887600e+03         g         6         1
       38    1.401690e+04         h         6         1
       39    1.219240e+04         g         6         2
       40   -1.011910e+04         h         6         2
       41   -1.254870e+04         g         6         3
       42   -2.949000e+02         h         6         3
       43    2.742200e+03         g         6         4
       44    1.394830e+04         h         6         4
       45    1.557600e+03         g         6         5
       46   -3.686900e+03         h         6         5
       47    8.018200e+03         g         6         6
       48    4.783100e+03         h         6         6
       49    5.990000e+01         g         7         0
       50    5.366100e+03         g         7         1
       51   -7.654800e+03         h         7         1
       52   -7.099500e+03         g         7         2
       53   -1.139860e+04         h         7         2
       54   -1.533400e+03         g         7         3
       55    2.171000e+03         h         7         3
       56   -7.055700e+03         g         7         4
       57    5.301600e+03         h         7         4
       58    3.060600e+03         g         7         5
       59   -6.618100e+03         h         7         5
       60   -2.488300e+03         g         7         6
       61   -1.933800e+03         h         7         6
       62    3.700800e+03         g         7         7
       63   -5.802900e+03         h         7         7
       64    1.084950e+04         g         8         0
       65    1.323800e+03         g         8         1
       66   -2.297400e+03         h         8         1
       67   -6.952200e+03         g         8         2
       68   -1.283350e+04         h         8         2
       69   -9.500000e+01         g         8         3
       70    1.001960e+04         h         8         3
       71   -4.746600e+03         g         8         4
       72   -1.725600e+03         h         8         4
       73   -1.301700e+03         g         8         5
       74    2.387100e+03         h         8         5
       75   -4.284600e+03         g         8         6
       76   -3.237100e+03         h         8         6
       77   -1.436700e+03         g         8         7
       78    9.061000e+02         h         8         7
       79   -3.024600e+03         g         8         8
       80   -3.178300e+03         h         8         8
       81    8.914400e+03         g         9         0
       82   -3.506700e+03         g         9         1
       83   -7.899600e+03         h         9         1
       84    2.881000e+02         g         9         2
       85   -1.328300e+03         h         9         2
       86    7.736000e+02         g         9         3
       87    6.566500e+03         h         9         3
       88    3.592700e+03         g         9         4
       89   -1.275300e+03         h         9         4
       90   -3.170800e+03         g         9         5
       91    3.617100e+03         h         9         5
       92    1.406300e+03         g         9         6
       93   -1.948000e+02         h         9         6
       94   -1.526600e+03         g         9         7
       95    1.960300e+03         h         9         7
       96    1.313300e+03         g         9         8
       97    9.569000e+02         h         9         8
       98   -2.314600e+03         g         9         9
       99    1.831700e+03         h         9         9
      100   -2.516500e+03         g        10         0
      101    1.883200e+03         g        10         1
      102   -5.689800e+03         h        10         1
      103    2.836100e+03         g        10         2
      104    5.570300e+03         h        10         2
      105    4.259400e+03         g        10         3
      106   -2.541600e+03         h        10         3
      107    3.776700e+03         g        10         4
      108   -1.795200e+03         h        10         4
      109    7.644000e+02         g        10         5
      110   -2.178000e+02         h        10         5
      111    2.112300e+03         g        10         6
      112   -6.283000e+02         h        10         6
      113    7.248000e+02         g        10         7
      114   -1.619600e+03         h        10         7
      115    2.496300e+03         g        10         8
      116    4.546000e+02         h        10         8
      117    8.401000e+02         g        10         9
      118   -8.400000e+02         h        10         9
      119    1.179400e+03         g        10        10
      120    1.581400e+03         h        10        10
      121    1.311600e+03         g        11         0
      122    3.056900e+03         g        11         1
      123    5.491000e+02         h        11         1
      124   -2.060600e+03         g        11         2
      125    4.527600e+03         h        11         2
      126    3.550100e+03         g        11         3
      127   -4.223000e+03         h        11         3
      128    5.897000e+02         g        11         4
      129   -2.761900e+03         h        11         4
      130    1.948000e+02         g        11         5
      131   -4.760000e+02         h        11         5
      132   -1.073300e+03         g        11         6
      133   -2.714400e+03         h        11         6
      134   -5.217000e+02         g        11         7
      135   -1.349200e+03         h        11         7
      136    6.853000e+02         g        11         8
      137   -1.649000e+03         h        11         8
      138    3.502000e+02         g        11         9
      139   -1.471500e+03         h        11         9
      140   -3.266000e+02         g        11        10
      141   -5.830000e+02         h        11        10
      142    1.088800e+03         g        11        11
      143   -4.998000e+02         h        11        11
      144    2.300500e+03         g        12         0
      145    1.688400e+03         g        12         1
      146    4.204200e+03         h        12         1
      147   -2.917000e+02         g        12         2
      148    2.228000e+03         h        12         2
      149    4.832000e+02         g        12         3
      150   -1.901100e+03         h        12         3
      151   -5.819000e+02         g        12         4
      152   -1.271200e+03         h        12         4
      153   -8.184000e+02         g        12         5
      154    1.073400e+03         h        12         5
      155   -1.095600e+03         g        12         6
      156   -1.111900e+03         h        12         6
      157   -1.987800e+03         g        12         7
      158    8.729000e+02         h        12         7
      159    4.845000e+02         g        12         8
      160   -8.379000e+02         h        12         8
      161   -1.473100e+03         g        12         9
      162   -4.628000e+02         h        12         9
      163   -6.665000e+02         g        12        10
      164   -2.200000e+01         h        12        10
      165   -7.554000e+02         g        12        11
      166    1.103000e+02         h        12        11
      167   -2.208000e+02         g        12        12
      168   -7.127000e+02         h        12        12
      169    7.515000e+02         g        13         0
      170   -4.564000e+02         g        13         1
      171    4.125600e+03         h        13         1
      172    1.160400e+03         g        13         2
      173   -4.400000e+01         h        13         2
      174   -2.307800e+03         g        13         3
      175   -4.554000e+02         h        13         3
      176   -7.710000e+01         g        13         4
      177    2.160600e+03         h        13         4
      178   -1.690000e+01         g        13         5
      179    2.554000e+02         h        13         5
      180    5.948000e+02         g        13         6
      181    1.105100e+03         h        13         6
      182   -9.507000e+02         g        13         7
      183    1.214200e+03         h        13         7
      184    1.042300e+03         g        13         8
      185    1.961000e+02         h        13         8
      186   -6.418000e+02         g        13         9
      187   -2.077000e+02         h        13         9
      188    4.160000e+01         g        13        10
      189    1.195700e+03         h        13        10
      190   -2.291000e+02         g        13        11
      191    4.724000e+02         h        13        11
      192   -4.030000e+01         g        13        12
      193    7.216000e+02         h        13        12
      194   -2.878000e+02         g        13        13
      195    5.130000e+01         h        13        13
      196    1.164600e+03         g        14         0
      197   -2.478000e+03         g        14         1
      198   -8.478000e+02         h        14         1
      199    9.077000e+02         g        14         2
      200   -1.249000e+02         h        14         2
      201   -1.280700e+03         g        14         3
      202    1.088000e+02         h        14         3
      203    1.485000e+02         g        14         4
      204    1.456200e+03         h        14         4
      205    1.468800e+03         g        14         5
      206   -1.284600e+03         h        14         5
      207   -8.100000e+00         g        14         6
      208    8.965000e+02         h        14         6
      209    6.045000e+02         g        14         7
      210    2.370000e+02         h        14         7
      211    7.872000e+02         g        14         8
      212    2.258000e+02         h        14         8
      213    3.277000e+02         g        14         9
      214   -8.090000e+01         h        14         9
      215    1.116000e+02         g        14        10
      216    6.969000e+02         h        14        10
      217    2.452000e+02         g        14        11
      218    3.265000e+02         h        14        11
      219    1.273000e+02         g        14        12
      220    2.259000e+02         h        14        12
      221    4.259000e+02         g        14        13
      222    7.100000e+01         h        14        13
      223    6.300000e+00         g        14        14
      224    1.244000e+02         h        14        14
      225    4.694000e+02         g        15         0
      226   -1.929200e+03         g        15         1
      227   -1.146400e+03         h        15         1
      228   -3.870000e+01         g        15         2
      229   -5.804000e+02         h        15         2
      230   -8.159000e+02         g        15         3
      231    5.273000e+02         h        15         3
      232   -7.757000e+02         g        15         4
      233    1.200000e+02         h        15         4
      234    3.100000e+01         g        15         5
      235   -4.789000e+02         h        15         5
      236   -1.499000e+02         g        15         6
      237    1.484000e+02         h        15         6
      238    3.182000e+02         g        15         7
      239    4.570000e+01         h        15         7
      240   -2.983000e+02         g        15         8
      241   -8.825000e+02         h        15         8
      242   -1.493000e+02         g        15         9
      243   -2.066000e+02         h        15         9
      244    2.414000e+02         g        15        10
      245   -7.490000e+01         h        15        10
      246   -6.940000e+01         g        15        11
      247    5.100000e+01         h        15        11
      248    3.670000e+02         g        15        12
      249    3.640000e+01         h        15        12
      250   -2.220000e+01         g        15        13
      251   -4.440000e+01         h        15        13
      252    9.180000e+01         g        15        14
      253   -2.859000e+02         h        15        14
      254   -4.370000e+01         g        15        15
      255    1.351000e+02         h        15        15
      256   -8.092000e+02         g        16         0
      257   -8.889000e+02         g        16         1
      258   -9.328000e+02         h        16         1
      259   -6.040000e+02         g        16         2
      260   -6.081000e+02         h        16         2
      261   -3.391000e+02         g        16         3
      262    5.102000e+02         h        16         3
      263   -3.506000e+02         g        16         4
      264   -5.874000e+02         h        16         4
      265   -5.038000e+02         g        16         5
      266   -3.940000e+01         h        16         5
      267   -2.355000e+02         g        16         6
      268    3.581000e+02         h        16         6
      269    9.000000e+00         g        16         7
      270    2.798000e+02         h        16         7
      271   -4.987000e+02         g        16         8
      272    2.445000e+02         h        16         8
      273   -2.832000e+02         g        16         9
      274    4.873000e+02         h        16         9
      275   -5.090000e+01         g        16        10
      276    3.667000e+02         h        16        10
      277   -5.152000e+02         g        16        11
      278    9.390000e+01         h        16        11
      279   -2.553000e+02         g        16        12
      280    2.828000e+02         h        16        12
      281    1.560000e+01         g        16        13
      282   -2.677000e+02         h        16        13
      283   -2.470000e+01         g        16        14
      284    3.980000e+01         h        16        14
      285   -1.765000e+02         g        16        15
      286   -2.131000e+02         h        16        15
      287    4.920000e+01         g        16        16
      288    3.240000e+01         h        16        16
      289   -1.238700e+03         g        17         0
      290   -1.902000e+02         g        17         1
      291   -2.092000e+02         h        17         1
      292   -1.015000e+02         g        17         2
      293   -1.580000e+01         h        17         2
      294   -5.800000e+01         g        17         3
      295    5.440000e+01         h        17         3
      296    1.000000e+01         g        17         4
      297    3.087000e+02         h        17         4
      298   -5.259000e+02         g        17         5
      299    7.220000e+02         h        17         5
      300    4.684000e+02         g        17         6
      301    2.333000e+02         h        17         6
      302    8.810000e+01         g        17         7
      303   -8.210000e+01         h        17         7
      304   -3.851000e+02         g        17         8
      305    2.215000e+02         h        17         8
      306    7.760000e+01         g        17         9
      307    4.886000e+02         h        17         9
      308    7.570000e+01         g        17        10
      309    2.063000e+02         h        17        10
      310   -1.489000e+02         g        17        11
      311    1.767000e+02         h        17        11
      312    2.018000e+02         g        17        12
      313    3.534000e+02         h        17        12
      314    6.170000e+01         g        17        13
      315    2.048000e+02         h        17        13
      316   -2.436000e+02         g        17        14
      317   -2.950000e+01         h        17        14
      318    1.682000e+02         g        17        15
      319    1.280000e+01         h        17        15
      320   -4.220000e+01         g        17        16
      321   -8.960000e+01         h        17        16
      322    7.300000e+00         g        17        17
      323   -1.666000e+02         h        17        17
      324   -7.960000e+02         g        18         0
      325    4.436000e+02         g        18         1
      326    6.709000e+02         h        18         1
      327    2.669000e+02         g        18         2
      328   -1.761000e+02         h        18         2
      329    3.912000e+02         g        18         3
      330   -3.403000e+02         h        18         3
      331    3.662000e+02         g        18         4
      332    3.700000e+01         h        18         4
      333    1.758000e+02         g        18         5
      334    3.043000e+02         h        18         5
      335    5.125000e+02         g        18         6
      336   -3.488000e+02         h        18         6
      337    1.510000e+02         g        18         7
      338   -2.919000e+02         h        18         7
      339    2.149000e+02         g        18         8
      340    1.656000e+02         h        18         8
      341    2.434000e+02         g        18         9
      342    3.609000e+02         h        18         9
      343    3.375000e+02         g        18        10
      344   -1.190000e+02         h        18        10
      345   -1.020000e+01         g        18        11
      346    1.001000e+02         h        18        11
      347   -3.490000e+01         g        18        12
      348    2.690000e+01         h        18        12
      349    1.612000e+02         g        18        13
      350    1.000000e+00         h        18        13
      351    2.223000e+02         g        18        14
      352   -6.020000e+01         h        18        14
      353   -1.196000e+02         g        18        15
      354    6.650000e+01         h        18        15
      355    2.800000e+01         g        18        16
      356    2.778000e+02         h        18        16
      357    1.326000e+02         g        18        17
      358    2.910000e+01         h        18        17
      359   -1.806000e+02         g        18        18
      360    1.530000e+01         h        18        18
      361   -4.937000e+02         g        19         0
      362    4.867000e+02         g        19         1
      363    8.580000e+01         h        19         1
      364   -6.200000e+01         g        19         2
      365   -4.121000e+02         h        19         2
      366    5.392000e+02         g        19         3
      367   -5.020000e+02         h        19         3
      368    1.874000e+02         g        19         4
      369   -4.251000e+02         h        19         4
      370    1.368000e+02         g        19         5
      371   -2.322000e+02         h        19         5
      372   -9.400000e+00         g        19         6
      373   -4.770000e+02         h        19         6
      374   -5.812000e+02         g        19         7
      375   -4.635000e+02         h        19         7
      376    2.918000e+02         g        19         8
      377    7.360000e+01         h        19         8
      378   -1.981000e+02         g        19         9
      379   -2.283000e+02         h        19         9
      380    9.550000e+01         g        19        10
      381   -9.680000e+01         h        19        10
      382   -3.726000e+02         g        19        11
      383   -2.560000e+02         h        19        11
      384    1.907000e+02         g        19        12
      385   -2.280000e+02         h        19        12
      386   -1.196000e+02         g        19        13
      387    1.193000e+02         h        19        13
      388   -1.190000e+01         g        19        14
      389   -7.690000e+01         h        19        14
      390    7.440000e+01         g        19        15
      391   -3.198000e+02         h        19        15
      392   -3.914000e+02         g        19        16
      393   -2.840000e+02         h        19        16
      394   -3.310000e+01         g        19        17
      395    1.979000e+02         h        19        17
      396   -1.180000e+02         g        19        18
      397   -2.396000e+02         h        19        18
      398   -5.720000e+01         g        19        19
      399    3.026000e+02         h        19        19
      400   -3.199000e+02         g        20         0
      401    1.136000e+02         g        20         1
      402   -2.976000e+02         h        20         1
      403   -2.622000e+02         g        20         2
      404   -1.370000e+01         h        20         2
      405    9.420000e+01         g        20         3
      406   -1.184000e+02         h        20         3
      407   -3.067000e+02         g        20         4
      408    1.056000e+02         h        20         4
      409   -1.392000e+02         g        20         5
      410    1.019000e+02         h        20         5
      411   -2.915000e+02         g        20         6
      412    4.530000e+01         h        20         6
      413   -7.166000e+02         g        20         7
      414   -2.130000e+02         h        20         7
      415    5.550000e+01         g        20         8
      416    3.725000e+02         h        20         8
      417   -2.190000e+02         g        20         9
      418   -3.828000e+02         h        20         9
      419   -1.651000e+02         g        20        10
      420    1.542000e+02         h        20        10
      421   -2.066000e+02         g        20        11
      422   -2.903000e+02         h        20        11
      423   -1.157000e+02         g        20        12
      424    1.710000e+01         h        20        12
      425   -1.175000e+02         g        20        13
      426    6.700000e+00         h        20        13
      427   -5.690000e+01         g        20        14
      428    1.320000e+01         h        20        14
      429   -6.900000e+00         g        20        15
      430   -4.930000e+01         h        20        15
      431    3.140000e+01         g        20        16
      432   -3.220000e+01         h        20        16
      433   -1.469000e+02         g        20        17
      434   -1.528000e+02         h        20        17
      435    4.537000e+02         g        20        18
      436    6.220000e+01         h        20        18
      437   -2.565000e+02         g        20        19
      438    8.500000e+00         h        20        19
      439    4.242000e+02         g        20        20
      440    3.500000e+01         h        20        20
      441   -7.150000e+01         g        21         0
      442   -1.570000e+02         g        21         1
      443   -1.558000e+02         h        21         1
      444   -1.279000e+02         g        21         2
      445    3.123000e+02         h        21         2
      446   -7.390000e+01         g        21         3
      447    2.911000e+02         h        21         3
      448   -9.800000e+01         g        21         4
      449    2.079000e+02         h        21         4
      450    2.221000e+02         g        21         5
      451    1.658000e+02         h        21         5
      452   -2.993000e+02         g        21         6
      453    2.912000e+02         h        21         6
      454   -1.248000e+02         g        21         7
      455    1.988000e+02         h        21         7
      456    1.556000e+02         g        21         8
      457    4.421000e+02         h        21         8
      458    6.100000e+01         g        21         9
      459   -1.040000e+02         h        21         9
      460   -1.375000e+02         g        21        10
      461    2.096000e+02         h        21        10
      462   -5.210000e+01         g        21        11
      463   -4.500000e+01         h        21        11
      464   -1.771000e+02         g        21        12
      465   -1.396000e+02         h        21        12
      466   -5.160000e+01         g        21        13
      467    2.294000e+02         h        21        13
      468    4.430000e+01         g        21        14
      469   -5.980000e+01         h        21        14
      470    3.570000e+01         g        21        15
      471   -3.000000e+01         h        21        15
      472   -3.658000e+02         g        21        16
      473   -1.820000e+02         h        21        16
      474    9.140000e+01         g        21        17
      475    1.621000e+02         h        21        17
      476   -2.006000e+02         g        21        18
      477    1.317000e+02         h        21        18
      478    2.800000e+01         g        21        19
      479   -3.569000e+02         h        21        19
      480   -1.138000e+02         g        21        20
      481    3.795000e+02         h        21        20
      482    1.670000e+01         g        21        21
      483   -3.186000e+02         h        21        21
      484   -4.860000e+01         g        22         0
      485   -1.979000e+02         g        22         1
      486   -5.250000e+01         h        22         1
      487   -1.640000e+01         g        22         2
      488    1.806000e+02         h        22         2
      489    8.400000e+01         g        22         3
      490    1.825000e+02         h        22         3
      491    1.556000e+02         g        22         4
      492   -6.950000e+01         h        22         4
      493    1.949000e+02         g        22         5
      494   -2.450000e+01         h        22         5
      495   -9.160000e+01         g        22         6
      496    9.320000e+01         h        22         6
      497    5.550000e+01         g        22         7
      498    1.881000e+02         h        22         7
      499    1.836000e+02         g        22         8
      500    5.450000e+01         h        22         8
      501    4.310000e+01         g        22         9
      502   -6.850000e+01         h        22         9
      503   -1.640000e+01         g        22        10
      504    9.380000e+01         h        22        10
      505   -1.496000e+02         g        22        11
      506   -8.730000e+01         h        22        11
      507    3.310000e+01         g        22        12
      508   -1.753000e+02         h        22        12
      509   -3.940000e+01         g        22        13
      510    2.024000e+02         h        22        13
      511    1.234000e+02         g        22        14
      512   -4.980000e+01         h        22        14
      513   -6.220000e+01         g        22        15
      514   -1.292000e+02         h        22        15
      515   -7.490000e+01         g        22        16
      516   -2.411000e+02         h        22        16
      517   -2.800000e+01         g        22        17
      518   -6.360000e+01         h        22        17
      519    1.421000e+02         g        22        18
      520    6.840000e+01         h        22        18
      521    1.472000e+02         g        22        19
      522    1.681000e+02         h        22        19
      523   -3.075000e+02         g        22        20
      524   -1.600000e+02         h        22        20
      525    2.282000e+02         g        22        21
      526    6.260000e+01         h        22        21
      527   -3.654000e+02         g        22        22
      528   -1.175000e+02         h        22        22
      529   -5.370000e+01         g        23         0
      530   -1.207000e+02         g        23         1
      531    5.280000e+01         h        23         1
      532    2.300000e+01         g        23         2
      533   -2.100000e+00         h        23         2
      534    5.390000e+01         g        23         3
      535   -5.190000e+01         h        23         3
      536   -2.580000e+01         g        23         4
      537   -9.290000e+01         h        23         4
      538   -1.855000e+02         g        23         5
      539   -7.900000e+00         h        23         5
      540    6.520000e+01         g        23         6
      541    2.110000e+01         h        23         6
      542   -4.570000e+01         g        23         7
      543    1.640000e+01         h        23         7
      544   -2.230000e+01         g        23         8
      545   -5.130000e+01         h        23         8
      546   -3.450000e+01         g        23         9
      547   -1.358000e+02         h        23         9
      548    1.040000e+01         g        23        10
      549    5.610000e+01         h        23        10
      550   -1.589000e+02         g        23        11
      551   -1.726000e+02         h        23        11
      552   -1.560000e+01         g        23        12
      553    4.080000e+01         h        23        12
      554   -5.940000e+01         g        23        13
      555    2.130000e+01         h        23        13
      556    1.222000e+02         g        23        14
      557    1.960000e+01         h        23        14
      558   -1.195000e+02         g        23        15
      559   -6.310000e+01         h        23        15
      560   -1.830000e+01         g        23        16
      561   -1.359000e+02         h        23        16
      562    1.082000e+02         g        23        17
      563   -3.100000e+00         h        23        17
      564   -3.560000e+01         g        23        18
      565    5.590000e+01         h        23        18
      566   -9.460000e+01         g        23        19
      567   -6.350000e+01         h        23        19
      568    1.470000e+02         g        23        20
      569   -6.300000e+00         h        23        20
      570   -8.850000e+01         g        23        21
      571    1.881000e+02         h        23        21
      572    1.991000e+02         g        23        22
      573   -1.193000e+02         h        23        22
      574   -1.216000e+02         g        23        23
      575    3.132000e+02         h        23        23
      576    1.285000e+02         g        24         0
      577   -3.190000e+01         g        24         1
      578    5.940000e+01         h        24         1
      579    3.850000e+01         g        24         2
      580   -4.540000e+01         h        24         2
      581   -8.070000e+01         g        24         3
      582   -7.600000e+01         h        24         3
      583   -1.186000e+02         g        24         4
      584    1.390000e+01         h        24         4
      585   -1.774000e+02         g        24         5
      586    2.650000e+01         h        24         5
      587    4.480000e+01         g        24         6
      588    6.300000e+01         h        24         6
      589   -2.680000e+01         g        24         7
      590    9.100000e+00         h        24         7
      591   -1.533000e+02         g        24         8
      592    2.960000e+01         h        24         8
      593    7.600000e+00         g        24         9
      594   -7.600000e+00         h        24         9
      595   -4.960000e+01         g        24        10
      596    3.830000e+01         h        24        10
      597   -4.870000e+01         g        24        11
      598   -8.160000e+01         h        24        11
      599   -1.221000e+02         g        24        12
      600    6.330000e+01         h        24        12
      601   -1.700000e+00         g        24        13
      602    4.000000e+01         h        24        13
      603    4.010000e+01         g        24        14
      604    5.030000e+01         h        24        14
      605   -5.710000e+01         g        24        15
      606   -5.250000e+01         h        24        15
      607   -8.270000e+01         g        24        16
      608   -8.820000e+01         h        24        16
      609    1.705000e+02         g        24        17
      610    9.990000e+01         h        24        17
      611   -1.091000e+02         g        24        18
      612    5.930000e+01         h        24        18
      613    2.800000e+01         g        24        19
      614   -5.220000e+01         h        24        19
      615   -4.550000e+01         g        24        20
      616    1.064000e+02         h        24        20
      617   -4.210000e+01         g        24        21
      618   -6.210000e+01         h        24        21
      619    1.640000e+01         g        24        22
      620    3.460000e+01         h        24        22
      621   -4.270000e+01         g        24        23
      622   -1.711000e+02         h        24        23
      623    1.748000e+02         g        24        24
      624    4.350000e+01         h        24        24
      625    2.030000e+02         g        25         0
      626    4.230000e+01         g        25         1
      627   -6.200000e+00         h        25         1
      628    1.710000e+01         g        25         2
      629   -6.240000e+01         h        25         2
      630   -7.950000e+01         g        25         3
      631   -1.750000e+01         h        25         3
      632   -1.500000e+00         g        25         4
      633    7.280000e+01         h        25         4
      634    3.140000e+01         g        25         5
      635   -6.100000e+00         h        25         5
      636    1.880000e+01         g        25         6
      637   -1.220000e+01         h        25         6
      638    2.150000e+01         g        25         7
      639    2.820000e+01         h        25         7
      640   -9.460000e+01         g        25         8
      641   -1.800000e+01         h        25         8
      642    3.500000e+01         g        25         9
      643    1.224000e+02         h        25         9
      644   -6.060000e+01         g        25        10
      645   -3.340000e+01         h        25        10
      646   -1.170000e+01         g        25        11
      647    2.400000e+01         h        25        11
      648   -8.470000e+01         g        25        12
      649    1.970000e+01         h        25        12
      650    6.010000e+01         g        25        13
      651    7.060000e+01         h        25        13
      652    5.800000e+00         g        25        14
      653    6.220000e+01         h        25        14
      654   -4.900000e+00         g        25        15
      655   -6.010000e+01         h        25        15
      656    2.590000e+01         g        25        16
      657   -5.440000e+01         h        25        16
      658    1.173000e+02         g        25        17
      659    5.400000e+01         h        25        17
      660    9.200000e+00         g        25        18
      661   -4.850000e+01         h        25        18
      662    9.960000e+01         g        25        19
      663    4.540000e+01         h        25        19
      664   -1.262000e+02         g        25        20
      665    2.490000e+01         h        25        20
      666    3.420000e+01         g        25        21
      667   -7.730000e+01         h        25        21
      668    2.590000e+01         g        25        22
      669    3.690000e+01         h        25        22
      670    2.370000e+01         g        25        23
      671    4.800000e+00         h        25        23
      672    8.980000e+01         g        25        24
      673    8.570000e+01         h        25        24
      674    6.320000e+01         g        25        25
      675   -2.620000e+02         h        25        25
      676    4.200000e+01         g        26         0
      677    6.970000e+01         g        26         1
      678    5.100000e+00         h        26         1
      679   -1.260000e+01         g        26         2
      680   -5.080000e+01         h        26         2
      681   -7.000000e+00         g        26         3
      682    9.500000e+00         h        26         3
      683    5.840000e+01         g        26         4
      684    3.390000e+01         h        26         4
      685    7.180000e+01         g        26         5
      686   -7.200000e+00         h        26         5
      687    3.010000e+01         g        26         6
      688   -7.300000e+01         h        26         6
      689    2.480000e+01         g        26         7
      690   -1.290000e+01         h        26         7
      691    7.000000e-01         g        26         8
      692   -4.810000e+01         h        26         8
      693    8.700000e+00         g        26         9
      694    5.540000e+01         h        26         9
      695    1.080000e+01         g        26        10
      696   -6.080000e+01         h        26        10
      697   -2.140000e+01         g        26        11
      698    3.900000e+01         h        26        11
      699   -1.000000e-01         g        26        12
      700    4.690000e+01         h        26        12
      701    2.760000e+01         g        26        13
      702    4.380000e+01         h        26        13
      703    1.710000e+01         g        26        14
      704    2.920000e+01         h        26        14
      705    2.310000e+01         g        26        15
      706   -1.900000e+00         h        26        15
      707    5.990000e+01         g        26        16
      708    5.800000e+00         h        26        16
      709    8.940000e+01         g        26        17
      710    3.600000e+01         h        26        17
      711    4.000000e+01         g        26        18
      712   -1.138000e+02         h        26        18
      713   -3.050000e+01         g        26        19
      714    2.920000e+01         h        26        19
      715   -4.250000e+01         g        26        20
      716   -2.290000e+01         h        26        20
      717    2.900000e+01         g        26        21
      718   -1.000000e+01         h        26        21
      719   -2.130000e+01         g        26        22
      720   -2.340000e+01         h        26        22
      721    5.100000e+00         g        26        23
      722   -3.050000e+01         h        26        23
      723   -2.055000e+02         g        26        24
      724    6.670000e+01         h        26        24
      725    6.010000e+01         g        26        25
      726    1.269000e+02         h        26        25
      727   -1.423000e+02         g        26        26
      728   -4.330000e+01         h        26        26
      729   -9.730000e+01         g        27         0
      730    2.940000e+01         g        27         1
      731    2.320000e+01         h        27         1
      732   -1.780000e+01         g        27         2
      733    8.100000e+00         h        27         2
      734    3.040000e+01         g        27         3
      735    1.680000e+01         h        27         3
      736    2.310000e+01         g        27         4
      737   -4.410000e+01         h        27         4
      738    1.610000e+01         g        27         5
      739    6.200000e+00         h        27         5
      740    1.310000e+01         g        27         6
      741   -1.700000e+01         h        27         6
      742    8.600000e+00         g        27         7
      743   -3.020000e+01         h        27         7
      744    2.830000e+01         g        27         8
      745    7.000000e-01         h        27         8
      746   -1.400000e+01         g        27         9
      747   -4.550000e+01         h        27         9
      748    5.240000e+01         g        27        10
      749   -1.810000e+01         h        27        10
      750    1.030000e+01         g        27        11
      751    1.320000e+01         h        27        11
      752    1.740000e+01         g        27        12
      753    3.180000e+01         h        27        12
      754   -3.320000e+01         g        27        13
      755    2.070000e+01         h        27        13
      756    1.200000e+01         g        27        14
      757   -1.440000e+01         h        27        14
      758    2.210000e+01         g        27        15
      759    3.070000e+01         h        27        15
      760    1.570000e+01         g        27        16
      761    4.100000e+01         h        27        16
      762    4.250000e+01         g        27        17
      763    2.300000e+01         h        27        17
      764    1.880000e+01         g        27        18
      765   -5.640000e+01         h        27        18
      766   -6.250000e+01         g        27        19
      767    1.600000e+00         h        27        19
      768   -2.370000e+01         g        27        20
      769   -1.470000e+01         h        27        20
      770    1.540000e+01         g        27        21
      771   -1.630000e+01         h        27        21
      772   -3.850000e+01         g        27        22
      773   -3.110000e+01         h        27        22
      774   -1.020000e+01         g        27        23
      775   -3.250000e+01         h        27        23
      776   -1.064000e+02         g        27        24
      777   -4.920000e+01         h        27        24
      778   -2.550000e+01         g        27        25
      779    7.970000e+01         h        27        25
      780   -2.600000e+00         g        27        26
      781   -4.530000e+01         h        27        26
      782   -8.680000e+01         g        27        27
      783    3.580000e+01         h        27        27
      784   -6.680000e+01         g        28         0
      785   -1.960000e+01         g        28         1
      786   -9.500000e+00         h        28         1
      787   -3.900000e+00         g        28         2
      788    3.740000e+01         h        28         2
      789    2.780000e+01         g        28         3
      790    1.400000e+01         h        28         3
      791   -9.300000e+00         g        28         4
      792   -4.610000e+01         h        28         4
      793   -6.200000e+00         g        28         5
      794   -2.300000e+00         h        28         5
      795   -1.220000e+01         g        28         6
      796    3.470000e+01         h        28         6
      797   -6.200000e+00         g        28         7
      798   -6.700000e+00         h        28         7
      799    1.670000e+01         g        28         8
      800    2.160000e+01         h        28         8
      801   -9.100000e+00         g        28         9
      802   -3.310000e+01         h        28         9
      803    1.780000e+01         g        28        10
      804    1.660000e+01         h        28        10
      805    3.420000e+01         g        28        11
      806   -5.000000e-01         h        28        11
      807   -4.000000e-01         g        28        12
      808   -2.050000e+01         h        28        12
      809   -3.060000e+01         g        28        13
      810   -3.900000e+00         h        28        13
      811   -3.200000e+00         g        28        14
      812   -1.650000e+01         h        28        14
      813    2.900000e+00         g        28        15
      814    1.450000e+01         h        28        15
      815    1.700000e+00         g        28        16
      816    2.040000e+01         h        28        16
      817   -1.970000e+01         g        28        17
      818   -1.420000e+01         h        28        17
      819    2.200000e+00         g        28        18
      820    1.570000e+01         h        28        18
      821    1.670000e+01         g        28        19
      822   -1.290000e+01         h        28        19
      823   -2.050000e+01         g        28        20
      824   -1.180000e+01         h        28        20
      825   -3.500000e+00         g        28        21
      826   -4.280000e+01         h        28        21
      827    9.800000e+00         g        28        22
      828   -8.600000e+00         h        28        22
      829    7.600000e+00         g        28        23
      830    2.740000e+01         h        28        23
      831    1.280000e+01         g        28        24
      832   -6.750000e+01         h        28        24
      833   -3.540000e+01         g        28        25
      834   -2.200000e+00         h        28        25
      835    4.370000e+01         g        28        26
      836   -1.920000e+01         h        28        26
      837    1.050000e+01         g        28        27
      838    2.890000e+01         h        28        27
      839   -2.360000e+01         g        28        28
      840    7.940000e+01         h        28        28
      841    1.530000e+01         g        29         0
      842   -2.220000e+01         g        29         1
      843   -2.360000e+01         h        29         1
      844    8.200000e+00         g        29         2
      845    1.340000e+01         h        29         2
      846    5.400000e+00         g        29         3
      847    8.000000e-01         h        29         3
      848   -1.010000e+01         g        29         4
      849    9.200000e+00         h        29         4
      850   -4.400000e+00         g        29         5
      851   -9.700000e+00         h        29         5
      852   -1.310000e+01         g        29         6
      853    1.720000e+01         h        29         6
      854   -6.500000e+00         g        29         7
      855    1.100000e+01         h        29         7
      856    3.000000e+00         g        29         8
      857    4.000000e+00         h        29         8
      858    4.200000e+00         g        29         9
      859    1.470000e+01         h        29         9
      860   -1.970000e+01         g        29        10
      861    1.390000e+01         h        29        10
      862    1.320000e+01         g        29        11
      863   -2.400000e+00         h        29        11
      864    1.200000e+00         g        29        12
      865   -2.810000e+01         h        29        12
      866    6.900000e+00         g        29        13
      867   -2.170000e+01         h        29        13
      868   -7.700000e+00         g        29        14
      869    1.600000e+00         h        29        14
      870   -1.800000e+00         g        29        15
      871    1.500000e+00         h        29        15
      872    6.100000e+00         g        29        16
      873   -9.800000e+00         h        29        16
      874   -2.710000e+01         g        29        17
      875   -2.190000e+01         h        29        17
      876   -1.120000e+01         g        29        18
      877    2.690000e+01         h        29        18
      878    4.060000e+01         g        29        19
      879   -1.560000e+01         h        29        19
      880    8.100000e+00         g        29        20
      881   -1.260000e+01         h        29        20
      882   -1.430000e+01         g        29        21
      883   -2.860000e+01         h        29        21
      884    2.390000e+01         g        29        22
      885    8.000000e+00         h        29        22
      886    1.150000e+01         g        29        23
      887    2.560000e+01         h        29        23
      888    2.000000e+00         g        29        24
      889   -1.100000e+01         h        29        24
      890   -9.800000e+00         g        29        25
      891   -1.030000e+01         h        29        25
      892    5.200000e+00         g        29        26
      893   -1.790000e+01         h        29        26
      894    4.100000e+00         g        29        27
      895    2.000000e+00         h        29        27
      896    4.280000e+01         g        29        28
      897    5.800000e+00         h        29        28
      898    5.300000e+00         g        29        29
      899    4.060000e+01         h        29        29
      900    3.220000e+01         g        30         0
      901   -1.000000e-01         g        30         1
      902   -1.000000e+00         h        30         1
      903    8.000000e+00         g        30         2
      904   -1.020000e+01         h        30         2
      905   -1.280000e+01         g        30         3
      906   -8.800000e+00         h        30         3
      907   -8.000000e-01         g        30         4
      908    2.910000e+01         h        30         4
      909   -4.600000e+00         g        30         5
      910   -2.400000e+00         h        30         5
      911   -3.200000e+00         g        30         6
      912   -1.040000e+01         h        30         6
      913    8.000000e-01         g        30         7
      914    6.700000e+00         h        30         7
      915   -5.900000e+00         g        30         8
      916   -4.900000e+00         h        30         8
      917    4.400000e+00         g        30         9
      918    1.690000e+01         h        30         9
      919   -1.430000e+01         g        30        10
      920    2.300000e+00         h        30        10
      921   -9.400000e+00         g        30        11
      922   -1.600000e+00         h        30        11
      923    8.000000e+00         g        30        12
      924   -3.200000e+00         h        30        12
      925    1.610000e+01         g        30        13
      926   -1.400000e+01         h        30        13
      927   -3.300000e+00         g        30        14
      928    8.200000e+00         h        30        14
      929    3.600000e+00         g        30        15
      930    5.000000e-01         h        30        15
      931    3.700000e+00         g        30        16
      932   -9.800000e+00         h        30        16
      933    1.000000e+00         g        30        17
      934   -4.400000e+00         h        30        17
      935   -1.090000e+01         g        30        18
      936    6.200000e+00         h        30        18
      937    4.300000e+00         g        30        19
      938   -5.800000e+00         h        30        19
      939    2.120000e+01         g        30        20
      940   -4.700000e+00         h        30        20
      941   -5.400000e+00         g        30        21
      942    1.000000e-01         h        30        21
      943    7.000000e-01         g        30        22
      944    1.020000e+01         h        30        22
      945   -5.200000e+00         g        30        23
      946   -3.400000e+00         h        30        23
      947   -1.300000e+01         g        30        24
      948    9.900000e+00         h        30        24
      949    5.000000e+00         g        30        25
      950   -2.500000e+00         h        30        25
      951   -1.920000e+01         g        30        26
      952   -1.170000e+01         h        30        26
      953   -1.430000e+01         g        30        27
      954   -1.050000e+01         h        30        27
      955    3.210000e+01         g        30        28
      956   -2.150000e+01         h        30        28
      957    2.800000e+01         g        30        29
      958    1.460000e+01         h        30        29
      959    2.690000e+01         g        30        30
      960    3.830000e+01         h        30        30