      IND             SHC     g | h         n         m
        1    5.633760e+05         g         1         0
        2   -9.779427e+04         g         1         1
        3    2.865661e+04         h         1         1
        4    1.863748e+04         g         2         0
        5   -8.660307e+04         g         2         1
        6   -6.520870e+04         h         2         1
        7    7.332306e+04         g         2         2
        8    3.124100e+04         h         2         2
        9    4.902616e+03         g         3         0
       10   -6.316205e+04         g         3         1
       11   -5.546404e+04         h         3         1
       12    2.578874e+04         g         3         2
       13    7.185531e+04         h         3         2
       14   -2.167559e+03         g         3         3
       15   -4.653198e+04         h         3         3
       16   -6.328822e+04         g         4         0
       17   -1.575163e+04         g         4         1
       18    5.953053e+04         h         4         1
       19   -5.033021e+03         g         4         2
       20    5.241425e+04         h         4         2
       21   -2.023531e+04         g         4         3
       22   -1.517710e+03         h         4         3
       23   -3.379059e+04         g         4         4
       24   -2.891625e+03         h         4         4
       25   -3.954753e+04         g         5         0
       26    9.064987e+03         g         5         1
       27    9.691318e+04         h         5         1
       28    3.439467e+04         g         5         2
       29   -2.812490e+03         h         5         2
       30   -3.645265e+04         g         5         3
       31    1.219915e+04         h         5         3
       32   -5.448514e+03         g         5         4
       33    2.200312e+04         h         5         4
       34   -1.067977e+04         g         5         5
       35    2.099765e+04         h         5         5
       36   -4.547115e+04         g         6         0
       37    2.113421e+04         g         6         1
       38    2.903509e+04         h         6         1
       39    2.819222e+04         g         6         2
       40   -2.103334e+04         h         6         2
       41   -2.878034e+04         g         6         3
       42   -1.161898e+03         h         6         3
       43    5.748385e+03         g         6         4
       44    3.216908e+04         h         6         4
       45    3.216057e+03         g         6         5
       46   -8.346492e+03         h         6         5
       47    1.853075e+04         g         6         6
       48    1.139411e+04         h         6         6
       49   -3.936445e+03         g         7         0
       50    1.571057e+04         g         7         1
       51   -1.496441e+04         h         7         1
       52   -1.737572e+04         g         7         2
       53   -3.228610e+04         h         7         2
       54   -4.595497e+03         g         7         3
       55    4.887157e+03         h         7         3
       56   -1.771189e+04         g         7         4
       57    1.415580e+04         h         7         4
       58    8.823278e+03         g         7         5
       59   -1.727382e+04         h         7         5
       60   -6.116501e+03         g         7         6
       61   -5.084677e+03         h         7         6
       62    9.866476e+03         g         7         7
       63   -1.483495e+04         h         7         7
       64    3.818398e+04         g         8         0
       65    3.745846e+02         g         8         1
       66   -1.170124e+04         h         8         1
       67   -2.126501e+04         g         8         2
       68   -3.347988e+04         h         8         2
       69    4.023276e+02         g         8         3
       70    2.897324e+04         h         8         3
       71   -1.377714e+04         g         8         4
       72   -4.957934e+03         h         8         4
       73   -4.965884e+03         g         8         5
       74    6.829567e+03         h         8         5
       75   -1.235848e+04         g         8         6
       76   -9.467973e+03         h         8         6
       77   -3.940340e+03         g         8         7
       78    2.679277e+03         h         8         7
       79   -8.872570e+03         g         8         8
       80   -9.207472e+03         h         8         8
       81    2.257200e+04         g         9         0
       82   -7.208202e+03         g         9         1
       83   -2.068718e+04         h         9         1
       84    3.747764e+03         g         9         2
       85   -6.419337e+03         h         9         2
       86    2.331374e+03         g         9         3
       87    1.994215e+04         h         9         3
       88    1.134432e+04         g         9         4
       89   -3.859017e+03         h         9         4
       90   -8.843984e+03         g         9         5
       91    1.127524e+04         h         9         5
       92    5.107346e+03         g         9         6
       93   -5.808576e+02         h         9         6
       94   -5.128758e+03         g         9         7
       95    5.961045e+03         h         9         7
       96    4.574997e+03         g         9         8
       97    2.632461e+03         h         9         8
       98   -7.583951e+03         g         9         9
       99    5.858100e+03         h         9         9
      100   -1.656900e+03         g        10         0
      101    3.076205e+03         g        10         1
      102   -2.260230e+04         h        10         1
      103    6.494808e+03         g        10         2
      104    1.992584e+04         h        10         2
      105    1.472705e+04         g        10         3
      106   -8.165239e+03         h        10         3
      107    1.409117e+04         g        10         4
      108   -5.392269e+03         h        10         4
      109    1.412139e+03         g        10         5
      110   -1.279547e+03         h        10         5
      111    6.920988e+03         g        10         6
      112   -2.815727e+03         h        10         6
      113    2.963664e+03         g        10         7
      114   -5.523478e+03         h        10         7
      115    8.951743e+03         g        10         8
      116    1.308158e+03         h        10         8
      117    3.111827e+03         g        10         9
      118   -2.553244e+03         h        10         9
      119    3.859299e+03         g        10        10
      120    5.992843e+03         h        10        10
      121    3.337247e+03         g        11         0
      122    1.380232e+04         g        11         1
      123    2.473311e+03         h        11         1
      124   -4.812873e+03         g        11         2
      125    1.943437e+04         h        11         2
      126    1.597408e+04         g        11         3
      127   -1.681573e+04         h        11         3
      128    1.290966e+03         g        11         4
      129   -1.210898e+04         h        11         4
      130    1.576942e+03         g        11         5
      131   -1.499797e+03         h        11         5
      132   -3.577067e+03         g        11         6
      133   -1.105550e+04         h        11         6
      134   -1.245009e+03         g        11         7
      135   -5.353935e+03         h        11         7
      136    3.247092e+03         g        11         8
      137   -7.377545e+03         h        11         8
      138    1.055572e+03         g        11         9
      139   -6.140727e+03         h        11         9
      140   -5.325203e+02         g        11        10
      141   -2.442126e+03         h        11        10
      142    4.044559e+03         g        11        11
      143   -1.989935e+03         h        11        11
      144    1.139227e+04         g        12         0
      145    8.375382e+03         g        12         1
      146    2.154745e+04         h        12         1
      147   -2.749529e+03         g        12         2
      148    7.589656e+03         h        12         2
      149    2.994722e+02         g        12         3
      150   -8.768500e+03         h        12         3
      151   -2.598887e+03         g        12         4
      152   -4.529910e+03         h        12         4
      153   -4.071436e+03         g        12         5
      154    4.384258e+03         h        12         5
      155   -4.302767e+03         g        12         6
      156   -5.330493e+03         h        12         6
      157   -8.850914e+03         g        12         7
      158    3.506279e+03         h        12         7
      159    2.372939e+03         g        12         8
      160   -4.158897e+03         h        12         8
      161   -6.058168e+03         g        12         9
      162   -2.713030e+03         h        12         9
      163   -3.252721e+03         g        12        10
      164   -1.367910e+02         h        12        10
      165   -2.759338e+03         g        12        11
      166   -2.772954e+01         h        12        11
      167   -8.157091e+02         g        12        12
      168   -2.576081e+03         h        12        12
      169    7.787733e+03         g        13         0
      170   -4.469438e+03         g        13         1
      171    1.578093e+04         h        13         1
      172    5.969815e+03         g        13         2
      173    2.299897e+03         h        13         2
      174   -9.571657e+03         g        13         3
      175   -2.095322e+03         h        13         3
      176    1.398870e+02         g        13         4
      177    9.074727e+03         h        13         4
      178    1.006869e+03         g        13         5
      179    1.369278e+03         h        13         5
      180    1.027278e+03         g        13         6
      181    4.829176e+03         h        13         6
      182   -3.904950e+03         g        13         7
      183    5.447136e+03         h        13         7
      184    5.612784e+03         g        13         8
      185    1.708830e+03         h        13         8
      186   -3.066852e+03         g        13         9
      187   -7.459682e+02         h        13         9
      188   -8.792458e+02         g        13        10
      189    5.199262e+03         h        13        10
      190   -1.236925e+03         g        13        11
      191    2.399552e+03         h        13        11
      192   -6.398061e+02         g        13        12
      193    2.400458e+03         h        13        12
      194   -1.711677e+03         g        13        13
      195    1.269684e+02         h        13        13
      196    5.611320e+03         g        14         0
      197   -1.154629e+04         g        14         1
      198    5.896586e+02         h        14         1
      199    5.689429e+03         g        14         2
      200   -3.464414e+02         h        14         2
      201   -6.827443e+03         g        14         3
      202    6.373248e+02         h        14         3
      203   -3.486690e+02         g        14         4
      204    8.335124e+03         h        14         4
      205    6.789602e+03         g        14         5
      206   -5.129975e+03         h        14         5
      207    6.113540e+02         g        14         6
      208    4.503756e+03         h        14         6
      209    3.372157e+03         g        14         7
      210    1.130733e+03         h        14         7
      211    4.084038e+03         g        14         8
      212   -1.339278e+03         h        14         8
      213    1.270183e+03         g        14         9
      214   -1.945394e+03         h        14         9
      215    1.567771e+03         g        14        10
      216    2.405508e+03         h        14        10
      217    2.182494e+03         g        14        11
      218    1.381167e+03         h        14        11
      219    1.266400e+03         g        14        12
      220    1.558846e+03         h        14        12
      221    1.485944e+03         g        14        13
      222    7.556813e+02         h        14        13
      223   -1.802959e+02         g        14        14
      224    1.056013e+03         h        14        14
      225    4.603782e+03         g        15         0
      226   -1.185234e+04         g        15         1
      227   -7.699568e+03         h        15         1
      228   -1.150029e+03         g        15         2
      229   -3.363049e+03         h        15         2
      230   -3.696945e+03         g        15         3
      231    2.478942e+03         h        15         3
      232   -2.780982e+03         g        15         4
      233   -2.577434e+02         h        15         4
      234    1.000102e+03         g        15         5
      235   -4.822486e+03         h        15         5
      236   -2.923526e+03         g        15         6
      237    1.320021e+03         h        15         6
      238    2.366513e+03         g        15         7
      239   -5.915761e+02         h        15         7
      240   -1.795279e+03         g        15         8
      241   -4.015995e+03         h        15         8
      242   -1.137415e+03         g        15         9
      243   -1.151766e+03         h        15         9
      244    8.271906e+02         g        15        10
      245   -1.183154e+03         h        15        10
      246    5.492152e+01         g        15        11
      247   -4.922710e+02         h        15        11
      248    9.189336e+02         g        15        12
      249   -4.997970e+02         h        15        12
      250    8.683644e+02         g        15        13
      251   -7.999313e+02         h        15        13
      252    7.494166e+02         g        15        14
      253   -8.740307e+02         h        15        14
      254    5.917604e+02         g        15        15
      255    2.596762e+02         h        15        15
      256   -2.046304e+03         g        16         0
      257   -7.988619e+03         g        16         1
      258   -4.782289e+03         h        16         1
      259   -4.049423e+03         g        16         2
      260   -2.693159e+03         h        16         2
      261   -2.624653e+03         g        16         3
      262    3.037213e+03         h        16         3
      263   -2.147690e+03         g        16         4
      264   -1.926626e+03         h        16         4
      265   -5.679207e+03         g        16         5
      266    7.047364e+02         h        16         5
      267   -1.716035e+03         g        16         6
      268    3.022730e+03         h        16         6
      269    3.538277e+02         g        16         7
      270    1.003374e+03         h        16         7
      271   -4.465835e+03         g        16         8
      272   -2.404315e+02         h        16         8
      273   -2.513380e+03         g        16         9
      274    2.418337e+03         h        16         9
      275    1.286891e+02         g        16        10
      276    1.115533e+02         h        16        10
      277   -1.986545e+03         g        16        11
      278    2.443634e+02         h        16        11
      279   -5.098296e+02         g        16        12
      280    9.727655e+02         h        16        12
      281   -5.454122e+02         g        16        13
      282   -7.366840e+02         h        16        13
      283   -4.008370e+02         g        16        14
      284   -5.313486e+02         h        16        14
      285   -4.036994e+02         g        16        15
      286   -7.008801e+02         h        16        15
      287    2.837988e+02         g        16        16
      288   -2.842868e+02         h        16        16
      289   -6.740996e+03         g        17         0
      290   -1.165910e+03         g        17         1
      291    2.934804e+03         h        17         1
      292   -4.760286e+02         g        17         2
      293   -4.617459e+02         h        17         2
      294    6.028538e+02         g        17         3
      295    9.631029e+02         h        17         3
      296    1.502635e+03         g        17         4
      297    1.092357e+02         h        17         4
      298   -3.563179e+03         g        17         5
      299    3.166278e+03         h        17         5
      300    2.975665e+03         g        17         6
      301    2.788436e+03         h        17         6
      302    1.944542e+03         g        17         7
      303    5.627720e+02         h        17         7
      304   -2.003338e+03         g        17         8
      305    2.359953e+03         h        17         8
      306    7.049045e+02         g        17         9
      307    3.469629e+03         h        17         9
      308    1.460272e+03         g        17        10
      309    6.860244e+02         h        17        10
      310   -3.559243e+02         g        17        11
      311    1.213235e+03         h        17        11
      312    1.973638e+02         g        17        12
      313    1.992160e+03         h        17        12
      314    2.409786e+02         g        17        13
      315    4.899650e+02         h        17        13
      316   -4.375910e+02         g        17        14
      317    3.543080e+02         h        17        14
      318   -2.393453e+02         g        17        15
      319    5.471018e+01         h        17        15
      320   -4.922606e+02         g        17        16
      321    1.350029e+02         h        17        16
      322   -1.038837e+02         g        17        17
      323   -2.371559e+02         h        17        17
      324   -3.506714e+03         g        18         0
      325    4.317967e+03         g        18         1
      326    5.471546e+03         h        18         1
      327    3.079386e+03         g        18         2
      328   -1.148211e+03         h        18         2
      329    2.691800e+03         g        18         3
      330   -2.461476e+03         h        18         3
      331    3.406019e+03         g        18         4
      332   -9.181417e+02         h        18         4
      333    2.819888e+02         g        18         5
      334    5.442206e+02         h        18         5
      335    4.079004e+03         g        18         6
      336   -1.931276e+03         h        18         6
      337    1.374837e+03         g        18         7
      338   -2.261446e+03         h        18         7
      339    3.343685e+02         g        18         8
      340    6.208986e+02         h        18         8
      341    2.269394e+03         g        18         9
      342    5.991725e+02         h        18         9
      343    1.523431e+03         g        18        10
      344   -1.497707e+03         h        18        10
      345    7.521409e+02         g        18        11
      346    6.234138e+01         h        18        11
      347    1.250580e+03         g        18        12
      348    3.593467e+02         h        18        12
      349    8.096370e+02         g        18        13
      350    7.480779e+01         h        18        13
      351    5.093921e+02         g        18        14
      352   -9.349717e+01         h        18        14
      353    2.876592e+02         g        18        15
      354    7.164364e+01         h        18        15
      355    3.847290e+01         g        18        16
      356    8.074144e+01         h        18        16
      357    8.634627e+00         g        18        17
      358    3.256052e+02         h        18        17
      359   -1.757215e+02         g        18        18
      360    6.224355e+00         h        18        18
      361    6.113964e+02         g        19         0
      362    4.252602e+03         g        19         1
      363    1.804579e+03         h        19         1
      364    1.894981e+03         g        19         2
      365   -2.491649e+03         h        19         2
      366    6.350308e+02         g        19         3
      367   -3.261002e+03         h        19         3
      368    1.446801e+03         g        19         4
      369   -1.780128e+03         h        19         4
      370    3.110008e+01         g        19         5
      371   -1.674005e+03         h        19         5
      372    6.378728e+02         g        19         6
      373   -3.752974e+03         h        19         6
      374   -2.112177e+03         g        19         7
      375   -2.669047e+03         h        19         7
      376    5.674698e+01         g        19         8
      377   -2.111188e+02         h        19         8
      378    3.493875e+02         g        19         9
      379   -1.497354e+03         h        19         9
      380   -7.874568e+02         g        19        10
      381   -1.975262e+03         h        19        10
      382   -2.543131e+02         g        19        11
      383   -7.084346e+02         h        19        11
      384    3.963133e+02         g        19        12
      385   -8.659908e+02         h        19        12
      386   -1.773134e+02         g        19        13
      387   -6.911817e+02         h        19        13
      388    2.126629e+02         g        19        14
      389   -5.130788e+02         h        19        14
      390    1.919155e+01         g        19        15
      391   -6.418329e+02         h        19        15
      392    7.332456e+01         g        19        16
      393   -2.356298e+02         h        19        16
      394    3.959156e+01         g        19        17
      395   -3.610385e+01         h        19        17
      396    1.925140e+02         g        19        18
      397    5.206843e+01         h        19        18
      398   -3.975117e+01         g        19        19
      399    1.168718e+02         h        19        19
      400    4.999177e+02         g        20         0
      401    7.175272e+02         g        20         1
      402   -1.370152e+03         h        20         1
      403   -7.753704e+02         g        20         2
      404   -1.173899e+03         h        20         2
      405   -1.433098e+03         g        20         3
      406   -2.834446e+02         h        20         3
      407   -8.189019e+02         g        20         4
      408    1.408075e+02         h        20         4
      409   -4.176841e+02         g        20         5
      410   -4.728496e+02         h        20         5
      411   -1.746769e+03         g        20         6
      412   -7.699759e+02         h        20         6
      413   -2.793056e+03         g        20         7
      414    3.173082e+01         h        20         7
      415    6.729540e+01         g        20         8
      416    1.055016e+03         h        20         8
      417   -6.968419e+02         g        20         9
      418   -7.229308e+02         h        20         9
      419   -1.910776e+03         g        20        10
      420    5.478198e+00         h        20        10
      421   -4.894967e+02         g        20        11
      422    3.007892e+02         h        20        11
      423   -4.560493e+02         g        20        12
      424   -3.887307e+02         h        20        12
      425   -7.693726e+02         g        20        13
      426   -2.392977e+01         h        20        13
      427   -3.919558e+02         g        20        14
      428   -4.224088e+00         h        20        14
      429   -3.505884e+02         g        20        15
      430   -4.146148e+02         h        20        15
      431   -3.944192e+02         g        20        16
      432   -1.335131e+02         h        20        16
      433   -1.252291e+02         g        20        17
      434   -8.948141e+01         h        20        17
      435   -4.092804e+01         g        20        18
      436   -5.653311e+00         h        20        18
      437    5.890307e+01         g        20        19
      438   -9.937102e+01         h        20        19
      439    6.824522e+01         g        20        20
      440    5.197515e+01         h        20        20
      441   -5.922390e+02         g        21         0
      442   -1.405691e+03         g        21         1
      443   -1.520610e+03         h        21         1
      444   -8.705517e+02         g        21         2
      445    9.100477e+02         h        21         2
      446   -5.926853e+02         g        21         3
      447    2.443392e+03         h        21         3
      448   -5.888086e+02         g        21         4
      449    1.300673e+03         h        21         4
      450    1.028343e+03         g        21         5
      451    1.052969e+03         h        21         5
      452   -7.341198e+02         g        21         6
      453    1.371953e+03         h        21         6
      454   -1.913772e+02         g        21         7
      455    1.600763e+03         h        21         7
      456    1.326751e+03         g        21         8
      457    8.780326e+02         h        21         8
      458    1.543754e+02         g        21         9
      459    4.703285e+01         h        21         9
      460   -5.867721e+02         g        21        10
      461    1.002736e+03         h        21        10
      462    5.328227e+02         g        21        11
      463    7.536110e+02         h        21        11
      464    3.636122e+01         g        21        12
      465   -9.001095e+01         h        21        12
      466   -1.715513e+02         g        21        13
      467    6.148812e+02         h        21        13
      468    3.162122e+01         g        21        14
      469    3.229630e+02         h        21        14
      470   -1.468968e+02         g        21        15
      471    1.237594e+02         h        21        15
      472   -2.167088e+02         g        21        16
      473    1.189056e+02         h        21        16
      474   -1.015206e+02         g        21        17
      475    1.874870e+02         h        21        17
      476   -7.972282e+01         g        21        18
      477    8.350568e+01         h        21        18
      478   -9.175596e+00         g        21        19
      479    3.905256e+01         h        21        19
      480   -4.980377e+01         g        21        20
      481   -5.208219e+01         h        21        20
      482    4.737402e+01         g        21        21
      483   -3.665455e+01         h        21        21
      484   -2.942039e+02         g        22         0
      485   -9.457522e+02         g        22         1
      486   -1.034888e+03         h        22         1
      487    2.432367e+02         g        22         2
      488    1.095585e+03         h        22         2
      489    6.713722e+02         g        22         3
      490    1.937730e+03         h        22         3
      491    3.161513e+02         g        22         4
      492    1.321024e+02         h        22         4
      493    1.380657e+03         g        22         5
      494    6.000037e+02         h        22         5
      495    5.417172e+02         g        22         6
      496    5.823737e+02         h        22         6
      497    1.223498e+03         g        22         7
      498    6.349316e+02         h        22         7
      499    1.364288e+03         g        22         8
      500   -7.791693e+02         h        22         8
      501    3.171293e+02         g        22         9
      502   -4.550332e+02         h        22         9
      503    4.963626e+02         g        22        10
      504    3.057110e+02         h        22        10
      505    7.040758e+02         g        22        11
      506   -2.080517e+02         h        22        11
      507    2.879563e+02         g        22        12
      508   -4.888025e+02         h        22        12
      509    2.551037e+02         g        22        13
      510    1.536610e+02         h        22        13
      511    4.192179e+02         g        22        14
      512   -6.248873e+01         h        22        14
      513    5.441280e+01         g        22        15
      514   -1.976199e+01         h        22        15
      515    1.540392e+02         g        22        16
      516    3.170156e+01         h        22        16
      517    5.877049e+01         g        22        17
      518    6.891795e+01         h        22        17
      519    9.657554e+01         g        22        18
      520    1.052275e+02         h        22        18
      521    3.539202e+01         g        22        19
      522    6.724543e+01         h        22        19
      523    2.225914e+01         g        22        20
      524    1.552737e+01         h        22        20
      525   -4.055740e+01         g        22        21
      526    2.107511e+01         h        22        21
      527   -1.581202e+01         g        22        22
      528   -3.592113e+01         h        22        22
      529    1.035635e+02         g        23         0
      530    1.229494e+02         g        23         1
      531   -6.643604e+02         h        23         1
      532    1.901539e+02         g        23         2
      533    1.625411e+02         h        23         2
      534    4.337286e+02         g        23         3
      535    9.572734e+01         h        23         3
      536    4.135040e+01         g        23         4
      537   -7.400089e+02         h        23         4
      538   -6.431611e+01         g        23         5
      539   -1.739962e+02         h        23         5
      540    2.450405e+02         g        23         6
      541   -2.781110e+02         h        23         6
      542    4.066733e+02         g        23         7
      543   -2.524344e+02         h        23         7
      544   -1.304470e+02         g        23         8
      545   -1.141769e+03         h        23         8
      546   -4.820325e+02         g        23         9
      547   -4.479249e+02         h        23         9
      548    1.957790e+02         g        23        10
      549   -7.378662e+01         h        23        10
      550   -1.458083e+02         g        23        11
      551   -6.720044e+02         h        23        11
      552   -3.169392e+02         g        23        12
      553   -3.735400e+02         h        23        12
      554    1.998643e+01         g        23        13
      555   -2.084458e+02         h        23        13
      556    2.906467e+01         g        23        14
      557   -3.000888e+02         h        23        14
      558   -1.351308e+02         g        23        15
      559   -1.670388e+02         h        23        15
      560    4.618655e+01         g        23        16
      561   -1.076776e+02         h        23        16
      562    9.930433e+00         g        23        17
      563   -1.504240e+02         h        23        17
      564    4.814472e+01         g        23        18
      565    5.295436e+00         h        23        18
      566    7.075140e+01         g        23        19
      567   -2.918484e+01         h        23        19
      568    4.033895e+01         g        23        20
      569    1.959067e+00         h        23        20
      570    1.572289e+01         g        23        21
      571   -9.507436e+00         h        23        21
      572    7.082646e+00         g        23        22
      573    2.800075e+01         h        23        22
      574   -2.444669e+01         g        23        23
      575    4.291956e+00         h        23        23
      576    8.915488e+01         g        24         0
      577    5.462008e+02         g        24         1
      578    1.878763e+02         h        24         1
      579   -3.025318e+02         g        24         2
      580   -2.586442e+02         h        24         2
      581   -1.068479e+02         g        24         3
      582   -6.204919e+02         h        24         3
      583   -4.157532e+02         g        24         4
      584   -1.799290e+02         h        24         4
      585   -8.839336e+02         g        24         5
      586   -3.100251e+01         h        24         5
      587   -1.721792e+02         g        24         6
      588   -9.976662e+00         h        24         6
      589   -2.725712e+02         g        24         7
      590    6.771991e+01         h        24         7
      591   -8.807072e+02         g        24         8
      592   -1.022835e+02         h        24         8
      593   -5.454492e+02         g        24         9
      594    4.012391e+02         h        24         9
      595   -2.082709e+01         g        24        10
      596    2.625779e+02         h        24        10
      597   -4.720037e+02         g        24        11
      598   -6.001378e+01         h        24        11
      599   -4.870369e+02         g        24        12
      600    3.011277e+02         h        24        12
      601   -5.742925e+01         g        24        13
      602    7.913293e+01         h        24        13
      603   -2.490843e+02         g        24        14
      604   -3.687986e+01         h        24        14
      605   -2.201104e+02         g        24        15
      606    1.416711e+02         h        24        15
      607   -8.946172e+01         g        24        16
      608    1.328207e+01         h        24        16
      609   -1.084658e+02         g        24        17
      610   -4.610036e+01         h        24        17
      611   -6.462915e+01         g        24        18
      612    1.893778e+01         h        24        18
      613    8.462318e+00         g        24        19
      614   -4.884127e+00         h        24        19
      615   -7.675616e+00         g        24        20
      616   -2.287831e+01         h        24        20
      617    1.480866e+01         g        24        21
      618   -1.881137e+01         h        24        21
      619    7.753037e-01         g        24        22
      620   -1.311628e+01         h        24        22
      621    1.969574e+01         g        24        23
      622   -3.309913e-01         h        24        23
      623    7.628482e-02         g        24        24
      624    1.589852e+01         h        24        24
      625    2.524818e+02         g        25         0
      626    4.903394e+02         g        25         1
      627    7.203842e+02         h        25         1
      628   -1.277650e+02         g        25         2
      629   -1.785415e+02         h        25         2
      630   -3.155634e+01         g        25         3
      631   -4.568631e+02         h        25         3
      632   -1.482663e+02         g        25         4
      633    3.368563e+02         h        25         4
      634   -3.589707e+02         g        25         5
      635    1.027817e+02         h        25         5
      636    4.794902e+01         g        25         6
      637    1.254887e+02         h        25         6
      638   -4.614986e+01         g        25         7
      639    2.759452e+02         h        25         7
      640   -3.265965e+02         g        25         8
      641    4.543786e+02         h        25         8
      642    1.329860e+02         g        25         9
      643    6.234818e+02         h        25         9
      644    3.125144e+02         g        25        10
      645    2.222536e+02         h        25        10
      646   -5.077194e+01         g        25        11
      647    3.084124e+02         h        25        11
      648    5.555518e+01         g        25        12
      649    4.882309e+02         h        25        12
      650    2.075684e+02         g        25        13
      651    1.633008e+02         h        25        13
      652   -1.528946e+01         g        25        14
      653    1.314118e+02         h        25        14
      654    3.517186e+01         g        25        15
      655    2.919859e+02         h        25        15
      656    6.812775e+01         g        25        16
      657    1.031769e+02         h        25        16
      658   -3.821266e+01         g        25        17
      659    8.049365e+01         h        25        17
      660    9.337653e+00         g        25        18
      661    8.438459e+01         h        25        18
      662    8.675392e+00         g        25        19
      663    5.286490e+01         h        25        19
      664    3.015001e+00         g        25        20
      665    2.118574e+01         h        25        20
      666   -5.090038e+00         g        25        21
      667    2.476473e+00         h        25        21
      668   -5.192152e+00         g        25        22
      669   -1.619243e+01         h        25        22
      670   -6.376041e+00         g        25        23
      671   -6.397987e+00         h        25        23
      672    2.662420e+00         g        25        24
      673   -1.248551e+01         h        25        24
      674    9.416760e+00         g        25        25
      675    1.703263e+00         h        25        25
      676    3.709221e+02         g        26         0
      677    2.211973e+02         g        26         1
      678    3.176743e+02         h        26         1
      679    1.357708e+02         g        26         2
      680   -8.976425e+01         h        26         2
      681    7.029482e+01         g        26         3
      682   -2.848201e+02         h        26         3
      683    1.494546e+02         g        26         4
      684    1.251764e+02         h        26         4
      685    1.725210e+02         g        26         5
      686   -1.901296e+02         h        26         5
      687    8.390810e+01         g        26         6
      688   -1.884093e+02         h        26         6
      689    9.040297e+01         g        26         7
      690   -7.937189e+01         h        26         7
      691    1.555243e+02         g        26         8
      692    1.571123e+02         h        26         8
      693    3.533973e+02         g        26         9
      694    4.740598e+01         h        26         9
      695    2.924604e+02         g        26        10
      696   -2.298042e+02         h        26        10
      697    1.654871e+02         g        26        11
      698    4.438948e+01         h        26        11
      699    3.170147e+02         g        26        12
      700    7.989032e+01         h        26        12
      701    2.159753e+02         g        26        13
      702   -1.557653e+02         h        26        13
      703    1.110776e+02         g        26        14
      704   -1.652013e+01         h        26        14
      705    1.987751e+02         g        26        15
      706    5.072388e+01         h        26        15
      707    1.388887e+02         g        26        16
      708   -3.036176e+01         h        26        16
      709    4.945423e+01         g        26        17
      710    7.600453e+00         h        26        17
      711    8.735609e+01         g        26        18
      712    2.094357e+01         h        26        18
      713    5.057667e+01         g        26        19
      714    3.709156e+00         h        26        19
      715    3.626939e+01         g        26        20
      716    2.450846e+01         h        26        20
      717    1.848177e+01         g        26        21
      718   -4.994604e-01         h        26        21
      719   -1.658814e+00         g        26        22
      720   -4.961045e-01         h        26        22
      721   -1.116229e+01         g        26        23
      722   -3.176789e+00         h        26        23
      723   -7.950167e+00         g        26        24
      724    1.227748e+00         h        26        24
      725   -7.703350e+00         g        26        25
      726   -3.086090e+00         h        26        25
      727    1.765619e+00         g        26        26
      728   -5.326107e+00         h        26        26
      729    9.149610e+01         g        27         0
      730   -1.237223e+02         g        27         1
      731   -1.944398e+02         h        27         1
      732    1.336947e+00         g        27         2
      733    4.501660e+01         h        27         2
      734   -8.626682e+01         g        27         3
      735   -4.997808e+01         h        27         3
      736    4.912086e+01         g        27         4
      737   -1.026397e+02         h        27         4
      738    1.444951e+02         g        27         5
      739   -2.381657e+02         h        27         5
      740   -1.996899e+02         g        27         6
      741   -2.129166e+02         h        27         6
      742   -8.044422e+01         g        27         7
      743   -2.171016e+02         h        27         7
      744    7.061820e+01         g        27         8
      745   -8.265556e+01         h        27         8
      746    1.870048e+01         g        27         9
      747   -2.675104e+02         h        27         9
      748   -1.371847e+02         g        27        10
      749   -3.188007e+02         h        27        10
      750   -1.891666e+01         g        27        11
      751   -9.679225e+01         h        27        11
      752    6.649760e+01         g        27        12
      753   -1.731562e+02         h        27        12
      754   -9.050020e+01         g        27        13
      755   -2.379153e+02         h        27        13
      756   -5.429691e+01         g        27        14
      757   -7.663144e+01         h        27        14
      758    7.650410e+01         g        27        15
      759   -1.130583e+02         h        27        15
      760   -2.150653e+01         g        27        16
      761   -1.154567e+02         h        27        16
      762   -8.503281e+00         g        27        17
      763   -3.911478e+01         h        27        17
      764    2.876281e+01         g        27        18
      765   -5.864353e+01         h        27        18
      766    9.762097e+00         g        27        19
      767   -4.775368e+01         h        27        19
      768    1.366869e+01         g        27        20
      769   -1.134030e+01         h        27        20
      770    1.752073e+01         g        27        21
      771   -1.793368e+01         h        27        21
      772   -3.471281e+00         g        27        22
      773   -1.056547e+01         h        27        22
      774   -1.649791e+00         g        27        23
      775    4.958191e-01         h        27        23
      776   -6.118012e+00         g        27        24
      777    5.939430e+00         h        27        24
      778   -2.232548e+00         g        27        25
      779    6.803339e+00         h        27        25
      780   -3.038746e+00         g        27        26
      781    4.468282e+00         h        27        26
      782   -3.370037e+00         g        27        27
      783   -1.328573e+00         h        27        27
      784   -1.991519e+02         g        28         0
      785   -2.842200e+02         g        28         1
      786   -1.828032e+02         h        28         1
      787   -9.741029e+01         g        28         2
      788    2.123820e+02         h        28         2
      789   -1.145123e+02         g        28         3
      790    2.338397e+02         h        28         3
      791   -2.602395e+01         g        28         4
      792   -3.700837e+01         h        28         4
      793    5.093422e+01         g        28         5
      794    4.748144e+01         h        28         5
      795   -1.960267e+02         g        28         6
      796    7.281389e+01         h        28         6
      797   -6.441482e+01         g        28         7
      798   -8.840438e+00         h        28         7
      799   -9.194237e+00         g        28         8
      800   -1.610442e+01         h        28         8
      801   -1.559126e+02         g        28         9
      802   -8.690492e+01         h        28         9
      803   -2.709677e+02         g        28        10
      804   -2.124220e+01         h        28        10
      805   -8.912860e+01         g        28        11
      806    5.665896e+01         h        28        11
      807   -9.364325e+01         g        28        12
      808   -6.643390e+01         h        28        12
      809   -2.166107e+02         g        28        13
      810    1.032993e+01         h        28        13
      811   -1.010139e+02         g        28        14
      812    6.066656e+01         h        28        14
      813   -3.155278e+01         g        28        15
      814   -3.627385e+01         h        28        15
      815   -1.089732e+02         g        28        16
      816   -1.432841e+01         h        28        16
      817   -5.146549e+01         g        28        17
      818    4.089103e+01         h        28        17
      819   -2.561549e+01         g        28        18
      820   -2.775995e+01         h        28        18
      821   -4.180616e+01         g        28        19
      822   -1.351455e+01         h        28        19
      823   -1.358734e+01         g        28        20
      824   -1.143729e+00         h        28        20
      825   -8.749397e+00         g        28        21
      826   -8.775926e+00         h        28        21
      827   -1.193076e+01         g        28        22
      828   -8.740121e+00         h        28        22
      829   -6.653647e+00         g        28        23
      830   -7.235697e-01         h        28        23
      831   -3.260094e-01         g        28        24
      832    9.353087e-01         h        28        24
      833    2.063864e+00         g        28        25
      834    5.348558e+00         h        28        25
      835    3.871701e+00         g        28        26
      836    3.867306e+00         h        28        26
      837    1.654331e+00         g        28        27
      838    2.329761e+00         h        28        27
      839   -1.392714e+00         g        28        28
      840    2.290111e+00         h        28        28
      841   -1.623384e+02         g        29         0
      842   -1.626930e+02         g        29         1
      843    6.597721e-01         h        29         1
      844    2.965343e+01         g        29         2
      845    1.742260e+02         h        29         2
      846    3.521387e+01         g        29         3
      847    2.218765e+02         h        29         3
      848    6.190525e+01         g        29         4
      849    5.448089e+00         h        29         4
      850    7.561476e+01         g        29         5
      851    1.538614e+02         h        29         5
      852    6.965099e+01         g        29         6
      853    1.602083e+02         h        29         6
      854    1.031328e+02         g        29         7
      855    6.241527e+01         h        29         7
      856    6.741070e+01         g        29         8
      857    2.034067e+00         h        29         8
      858   -3.115488e+01         g        29         9
      859    5.308573e+01         h        29         9
      860   -5.043771e+01         g        29        10
      861    1.341275e+02         h        29        10
      862    4.474379e+01         g        29        11
      863    8.238132e+01         h        29        11
      864   -2.030029e+00         g        29        12
      865    2.191186e+01         h        29        12
      866   -6.036796e+01         g        29        13
      867    1.375230e+02         h        29        13
      868    4.228669e+01         g        29        14
      869    1.014722e+02         h        29        14
      870    9.883316e+00         g        29        15
      871    1.082838e+01         h        29        15
      872   -2.577132e+01         g        29        16
      873    6.316575e+01         h        29        16
      874    1.582967e+01         g        29        17
      875    7.158559e+01         h        29        17
      876    3.063351e+00         g        29        18
      877    1.281656e+01         h        29        18
      878   -1.917289e+01         g        29        19
      879    2.263676e+01         h        29        19
      880    3.659416e+00         g        29        20
      881    1.881161e+01         h        29        20
      882   -6.793053e+00         g        29        21
      883    5.777601e+00         h        29        21
      884   -7.813479e+00         g        29        22
      885    7.175465e+00         h        29        22
      886   -6.771416e+00         g        29        23
      887    1.392979e+00         h        29        23
      888   -3.162812e+00         g        29        24
      889    2.313565e+00         h        29        24
      890    4.163273e-01         g        29        25
      891   -4.765293e-01         h        29        25
      892    3.371278e+00         g        29        26
      893    1.016662e-01         h        29        26
      894    3.716264e+00         g        29        27
      895   -1.449943e+00         h        29        27
      896    1.215870e+00         g        29        28
      897   -1.876175e-01         h        29        28
      898    1.511164e+00         g        29        29
      899    1.247738e+00         h        29        29
      900    1.224567e+00         g        30         0
      901    2.035585e+01         g        30         1
      902    2.959945e+01         h        30         1
      903    8.233791e+01         g        30         2
      904   -3.490966e+01         h        30         2
      905    7.502569e+01         g        30         3
      906   -1.541791e+01         h        30         3
      907    5.325334e+01         g        30         4
      908   -4.190531e+01         h        30         4
      909    2.077347e+01         g        30         5
      910    2.519522e+01         h        30         5
      911    1.523924e+02         g        30         6
      912    2.790413e+01         h        30         6
      913    9.381094e+01         g        30         7
      914   -3.454137e+01         h        30         7
      915    4.038513e+01         g        30         8
      916   -6.301203e+01         h        30         8
      917    5.404926e+01         g        30         9
      918    1.020171e+01         h        30         9
      919    8.152402e+01         g        30        10
      920    4.811268e+01         h        30        10
      921    8.269408e+01         g        30        11
      922   -5.338426e+01         h        30        11
      923    3.919376e+01         g        30        12
      924   -2.997071e+01         h        30        12
      925    6.075920e+01         g        30        13
      926    4.342754e+01         h        30        13
      927    9.381467e+01         g        30        14
      928   -1.511224e+01         h        30        14
      929    2.457500e+01         g        30        15
      930   -4.646391e+01         h        30        15
      931    3.235556e+01         g        30        16
      932    1.853677e+01         h        30        16
      933    5.693310e+01         g        30        17
      934    1.555207e-01         h        30        17
      935    1.704166e+01         g        30        18
      936   -1.211157e+01         h        30        18
      937    1.164465e+01         g        30        19
      938    5.477199e+00         h        30        19
      939    1.891263e+01         g        30        20
      940   -8.723715e-01         h        30        20
      941    4.419234e+00         g        30        21
      942   -1.517719e+00         h        30        21
      943    1.359641e+00         g        30        22
      944    6.068993e+00         h        30        22
      945    1.124834e+00         g        30        23
      946    4.273868e-01         h        30        23
      947   -4.098969e+00         g        30        24
      948    1.969659e+00         h        30        24
      949    1.030699e-01         g        30        25
      950    2.087058e+00         h        30        25
      951   -1.002998e+00         g        30        26
      952   -3.552850e-01         h        30        26
      953    1.189520e+00         g        30        27
      954   -1.687857e+00         h        30        27
      955    1.865293e-01         g        30        28
      956   -2.903598e+00         h        30        28
      957    4.465280e-01         g        30        29
      958   -5.223950e-01         h        30        29
      959    1.120802e+00         g        30        30
      960   -9.786004e-01         h        30        30
      961    6.199049e+01         g        31         0
      962    7.502741e+01         g        31         1
      963    1.038116e+01         h        31         1
      964   -1.005119e+01         g        31         2
      965   -1.489800e+02         h        31         2
      966   -7.804585e+00         g        31         3
      967   -1.244457e+02         h        31         3
      968   -4.993933e+01         g        31         4
      969   -1.474780e+01         h        31         4
      970   -8.083337e+01         g        31         5
      971   -4.447256e+01         h        31         5
      972    3.946043e+01         g        31         6
      973   -3.571574e+01         h        31         6
      974   -3.480649e+01         g        31         7
      975   -3.786209e+01         h        31         7
      976   -5.726460e+01         g        31         8
      977   -3.169079e+01         h        31         8
      978    1.936235e+01         g        31         9
      979   -2.936473e+00         h        31         9
      980    3.559044e+01         g        31        10
      981   -1.969956e+01         h        31        10
      982   -1.121728e+01         g        31        11
      983   -8.287150e+01         h        31        11
      984   -2.773132e+01         g        31        12
      985   -3.910515e+01         h        31        12
      986    3.340778e+01         g        31        13
      987   -2.701959e+01         h        31        13
      988    6.935399e+00         g        31        14
      989   -7.551293e+01         h        31        14
      990   -4.066635e+01         g        31        15
      991   -4.996969e+01         h        31        15
      992    1.252937e+00         g        31        16
      993   -1.705839e+01         h        31        16
      994    1.126823e+01         g        31        17
      995   -4.250616e+01         h        31        17
      996   -2.018647e+01         g        31        18
      997   -2.482117e+01         h        31        18
      998   -2.132461e+00         g        31        19
      999   -8.123852e+00         h        31        19
     1000    1.179865e+00         g        31        20
     1001   -1.936565e+01         h        31        20
     1002   -4.478164e+00         g        31        21
     1003   -7.191992e+00         h        31        21
     1004    1.686294e-01         g        31        22
     1005   -1.209153e+00         h        31        22
     1006    8.981545e-01         g        31        23
     1007   -2.373667e+00         h        31        23
     1008   -2.761000e+00         g        31        24
     1009   -1.745186e+00         h        31        24
     1010    6.784309e-02         g        31        25
     1011    3.275762e+00         h        31        25
     1012    1.221789e+00         g        31        26
     1013    4.723217e-01         h        31        26
     1014   -2.758503e-02         g        31        27
     1015    9.595336e-01         h        31        27
     1016   -2.680700e-01         g        31        28
     1017   -1.302851e+00         h        31        28
     1018   -1.722943e+00         g        31        29
     1019   -1.192401e+00         h        31        29
     1020    1.818009e-01         g        31        30
     1021   -7.956025e-01         h        31        30
     1022   -5.036677e-01         g        31        31
     1023   -1.224411e+00         h        31        31
     1024    4.298418e+01         g        32         0
     1025    3.413486e+01         g        32         1
     1026    2.799545e+01         h        32         1
     1027   -5.589896e+01         g        32         2
     1028   -8.855863e+01         h        32         2
     1029   -3.696171e+01         g        32         3
     1030   -5.601982e+01         h        32         3
     1031   -6.255560e+01         g        32         4
     1032    4.870321e+01         h        32         4
     1033   -7.223389e+01         g        32         5
     1034   -1.100489e+01         h        32         5
     1035   -2.725734e+01         g        32         6
     1036   -9.374197e-01         h        32         6
     1037   -6.276971e+01         g        32         7
     1038    3.243544e+01         h        32         7
     1039   -5.190186e+01         g        32         8
     1040    4.907631e+01         h        32         8
     1041    1.274069e+00         g        32         9
     1042    3.179544e+01         h        32         9
     1043   -4.175227e-01         g        32        10
     1044    1.262575e+00         h        32        10
     1045   -5.116733e+01         g        32        11
     1046    1.818718e+00         h        32        11
     1047   -4.003358e+01         g        32        12
     1048    2.519418e+01         h        32        12
     1049    1.744642e+00         g        32        13
     1050   -2.891046e+00         h        32        13
     1051   -4.313759e+01         g        32        14
     1052   -2.033880e+01         h        32        14
     1053   -5.894107e+01         g        32        15
     1054    1.939960e+01         h        32        15
     1055   -1.320364e+01         g        32        16
     1056    1.008742e+01         h        32        16
     1057   -2.348460e+01         g        32        17
     1058   -1.400489e+01         h        32        17
     1059   -3.386575e+01         g        32        18
     1060    9.885530e+00         h        32        18
     1061   -1.224429e+01         g        32        19
     1062    9.149961e+00         h        32        19
     1063   -1.324948e+01         g        32        20
     1064   -5.852750e+00         h        32        20
     1065   -1.181153e+01         g        32        21
     1066    3.981875e+00         h        32        21
     1067   -1.632164e+00         g        32        22
     1068    1.889064e+00         h        32        22
     1069   -2.529573e+00         g        32        23
     1070   -2.262390e-01         h        32        23
     1071   -1.624376e+00         g        32        24
     1072   -1.064402e+00         h        32        24
     1073   -8.002401e-01         g        32        25
     1074    1.170768e+00         h        32        25
     1075    2.752277e+00         g        32        26
     1076    2.211986e-01         h        32        26
     1077    1.143389e+00         g        32        27
     1078   -8.590370e-01         h        32        27
     1079    1.188692e+00         g        32        28
     1080   -8.804168e-02         h        32        28
     1081   -7.810008e-01         g        32        29
     1082   -5.981984e-01         h        32        29
     1083   -1.208398e+00         g        32        30
     1084    6.210635e-01         h        32        30
     1085   -6.356688e-01         g        32        31
     1086   -8.056338e-01         h        32        31
     1087   -1.207938e+00         g        32        32
     1088    3.979158e-02         h        32        32
     1089    1.693289e+01         g        33         0
     1090   -3.109650e-01         g        33         1
     1091    2.188097e+01         h        33         1
     1092   -1.411700e+01         g        33         2
     1093    6.413390e+00         h        33         2
     1094    1.958237e+00         g        33         3
     1095    1.019000e+01         h        33         3
     1096    3.074384e+00         g        33         4
     1097    3.651120e+01         h        33         4
     1098    4.438605e+00         g        33         5
     1099    2.772770e+00         h        33         5
     1100   -1.643659e+01         g        33         6
     1101    5.490422e+00         h        33         6
     1102   -5.832495e+00         g        33         7
     1103    3.422958e+01         h        33         7
     1104    1.430737e+01         g        33         8
     1105    5.003406e+01         h        33         8
     1106    1.686059e+01         g        33         9
     1107    1.577846e+01         h        33         9
     1108    1.218321e+01         g        33        10
     1109    8.182181e+00         h        33        10
     1110   -8.148397e+00         g        33        11
     1111    3.962959e+01         h        33        11
     1112    1.146491e+01         g        33        12
     1113    4.278124e+01         h        33        12
     1114    2.071821e+01         g        33        13
     1115    7.740353e+00         h        33        13
     1116   -1.231244e+01         g        33        14
     1117    2.382536e+01         h        33        14
     1118   -3.559971e+00         g        33        15
     1119    4.810110e+01         h        33        15
     1120    1.572706e+01         g        33        16
     1121    2.129271e+01         h        33        16
     1122   -5.171266e+00         g        33        17
     1123    9.134593e+00         h        33        17
     1124   -3.342482e+00         g        33        18
     1125    2.853142e+01         h        33        18
     1126    6.572829e+00         g        33        19
     1127    1.546104e+01         h        33        19
     1128   -4.150768e+00         g        33        20
     1129    6.708410e+00         h        33        20
     1130   -1.243867e+00         g        33        21
     1131    1.122994e+01         h        33        21
     1132    3.713152e+00         g        33        22
     1133    4.171887e+00         h        33        22
     1134   -8.237301e-01         g        33        23
     1135    2.211407e+00         h        33        23
     1136    9.179549e-01         g        33        24
     1137    1.277397e+00         h        33        24
     1138    3.492564e-02         g        33        25
     1139   -3.363386e-01         h        33        25
     1140    1.477635e+00         g        33        26
     1141   -2.684963e-01         h        33        26
     1142    1.109664e+00         g        33        27
     1143   -2.323287e+00         h        33        27
     1144   -1.146481e-01         g        33        28
     1145   -1.503800e+00         h        33        28
     1146    6.892747e-02         g        33        29
     1147   -1.342782e+00         h        33        29
     1148   -7.823455e-01         g        33        30
     1149    3.927717e-01         h        33        30
     1150    1.091913e-01         g        33        31
     1151    8.586616e-01         h        33        31
     1152   -1.014181e+00         g        33        32
     1153    3.433646e-01         h        33        32
     1154   -2.732236e-01         g        33        33
     1155    1.092944e+00         h        33        33
     1156   -1.746267e+01         g        34         0
     1157   -8.539642e+00         g        34         1
     1158   -1.056366e+01         h        34         1
     1159    2.025112e+01         g        34         2
     1160    4.462306e+01         h        34         2
     1161    1.610410e+01         g        34         3
     1162    1.935474e+01         h        34         3
     1163    2.998620e+01         g        34         4
     1164   -1.724576e+01         h        34         4
     1165    3.270572e+01         g        34         5
     1166   -4.124917e+00         h        34         5
     1167   -1.096881e+01         g        34         6
     1168   -1.592561e+01         h        34         6
     1169    1.532136e+01         g        34         7
     1170   -1.015706e+01         h        34         7
     1171    2.538536e+01         g        34         8
     1172   -3.553507e+00         h        34         8
     1173   -1.953987e+00         g        34         9
     1174   -2.321655e+01         h        34         9
     1175    1.833118e-01         g        34        10
     1176   -1.160361e+01         h        34        10
     1177    1.579414e+01         g        34        11
     1178    1.243986e+01         h        34        11
     1179    2.398180e+01         g        34        12
     1180    2.741909e-01         h        34        12
     1181    1.344745e+01         g        34        13
     1182   -1.504174e+01         h        34        13
     1183    9.756398e+00         g        34        14
     1184    9.778687e+00         h        34        14
     1185    3.083467e+01         g        34        15
     1186    1.358240e+01         h        34        15
     1187    2.015215e+01         g        34        16
     1188   -8.214679e+00         h        34        16
     1189    7.852155e+00         g        34        17
     1190   -3.374387e-01         h        34        17
     1191    1.759846e+01         g        34        18
     1192    6.699191e+00         h        34        18
     1193    1.431354e+01         g        34        19
     1194   -3.022980e+00         h        34        19
     1195    3.141951e+00         g        34        20
     1196   -3.116486e-01         h        34        20
     1197    7.173694e+00         g        34        21
     1198    2.621384e+00         h        34        21
     1199    6.302108e+00         g        34        22
     1200   -2.703504e+00         h        34        22
     1201    4.214130e-01         g        34        23
     1202    8.524119e-02         h        34        23
     1203    2.618283e+00         g        34        24
     1204    9.491347e-01         h        34        24
     1205    9.102175e-01         g        34        25
     1206   -1.358926e+00         h        34        25
     1207    4.066758e-01         g        34        26
     1208   -6.601427e-01         h        34        26
     1209    2.111748e-01         g        34        27
     1210   -1.292687e+00         h        34        27
     1211   -1.249614e+00         g        34        28
     1212   -1.441534e+00         h        34        28
     1213   -1.357293e+00         g        34        29
     1214   -5.094483e-01         h        34        29
     1215   -1.187328e+00         g        34        30
     1216   -1.724921e-02         h        34        30
     1217    2.528345e-01         g        34        31
     1218    7.450915e-01         h        34        31
     1219    6.165440e-01         g        34        32
     1220    1.182040e-01         h        34        32
     1221    1.589775e-01         g        34        33
     1222    9.942255e-01         h        34        33
     1223    9.837537e-01         g        34        34
     1224    5.000059e-01         h        34        34
     1225   -2.597359e+01         g        35         0
     1226   -4.678509e+00         g        35         1
     1227   -1.614046e+01         h        35         1
     1228    1.356307e+01         g        35         2
     1229    2.787435e+01         h        35         2
     1230    2.459376e+00         g        35         3
     1231    1.079612e+01         h        35         3
     1232    1.150238e+01         g        35         4
     1233   -2.408254e+01         h        35         4
     1234    1.350260e+01         g        35         5
     1235    1.507686e+00         h        35         5
     1236   -9.136852e+00         g        35         6
     1237   -1.115835e+01         h        35         6
     1238    1.676545e+00         g        35         7
     1239   -1.770957e+01         h        35         7
     1240    1.599518e+00         g        35         8
     1241   -1.957686e+01         h        35         8
     1242   -2.187386e+01         g        35         9
     1243   -1.957009e+01         h        35         9
     1244   -1.653834e+01         g        35        10
     1245   -9.725997e+00         h        35        10
     1246    3.341804e+00         g        35        11
     1247   -4.582638e+00         h        35        11
     1248    4.812984e-01         g        35        12
     1249   -1.799615e+01         h        35        12
     1250   -1.438050e+01         g        35        13
     1251   -1.475181e+01         h        35        13
     1252    3.839912e-01         g        35        14
     1253   -3.474549e+00         h        35        14
     1254    1.441812e+01         g        35        15
     1255   -1.105507e+01         h        35        15
     1256   -3.108983e+00         g        35        16
     1257   -1.976942e+01         h        35        16
     1258   -2.832312e+00         g        35        17
     1259   -5.317465e+00         h        35        17
     1260    9.409719e+00         g        35        18
     1261   -9.904779e+00         h        35        18
     1262    5.308249e-01         g        35        19
     1263   -1.215789e+01         h        35        19
     1264   -1.416955e+00         g        35        20
     1265   -4.460120e+00         h        35        20
     1266    2.753806e+00         g        35        21
     1267   -5.129376e+00         h        35        21
     1268    1.224859e+00         g        35        22
     1269   -6.493608e+00         h        35        22
     1270   -1.455876e+00         g        35        23
     1271   -2.270882e+00         h        35        23
     1272    1.468855e+00         g        35        24
     1273   -1.825872e-03         h        35        24
     1274    4.871368e-01         g        35        25
     1275   -1.733960e+00         h        35        25
     1276   -1.121709e-01         g        35        26
     1277   -5.692631e-01         h        35        26
     1278   -2.090287e-01         g        35        27
     1279   -1.915354e-01         h        35        27
     1280   -5.244705e-01         g        35        28
     1281   -1.618011e-01         h        35        28
     1282   -1.294631e+00         g        35        29
     1283    5.733661e-01         h        35        29
     1284   -7.057275e-01         g        35        30
     1285    1.127890e+00         h        35        30
     1286   -8.078278e-02         g        35        31
     1287    1.012989e+00         h        35        31
     1288    5.570039e-01         g        35        32
     1289   -9.593819e-02         h        35        32
     1290    1.962783e-01         g        35        33
     1291   -3.912113e-01         h        35        33
     1292    8.794057e-01         g        35        34
     1293    1.796932e-02         h        35        34
     1294    7.140472e-01         g        35        35
     1295   -8.149626e-01         h        35        35