      IND             SHC     g | h         n         m
        1    4.792979e+05         g         1         0
        2   -8.317325e+04         g         1         1
        3    2.463493e+04         h         1         1
        4    1.444781e+04         g         2         0
        5   -6.994066e+04         g         2         1
        6   -5.242641e+04         h         2         1
        7    5.928212e+04         g         2         2
        8    2.482793e+04         h         2         2
        9    3.581489e+03         g         3         0
       10   -4.832392e+04         g         3         1
       11   -4.229526e+04         h         3         1
       12    1.983281e+04         g         3         2
       13    5.477266e+04         h         3         2
       14   -2.081166e+03         g         3         3
       15   -3.550882e+04         h         3         3
       16   -4.644867e+04         g         4         0
       17   -1.118519e+04         g         4         1
       18    4.337567e+04         h         4         1
       19   -3.539082e+03         g         4         2
       20    3.783480e+04         h         4         2
       21   -1.463639e+04         g         4         3
       22   -8.766265e+02         h         4         3
       23   -2.452241e+04         g         4         4
       24   -1.702338e+03         h         4         4
       25   -2.726417e+04         g         5         0
       26    6.632563e+03         g         5         1
       27    6.620593e+04         h         5         1
       28    2.368737e+04         g         5         2
       29   -1.986539e+03         h         5         2
       30   -2.498491e+04         g         5         3
       31    8.539194e+03         h         5         3
       32   -3.628777e+03         g         5         4
       33    1.510208e+04         h         5         4
       34   -7.027444e+03         g         5         5
       35    1.450123e+04         h         5         5
       36   -3.026316e+04         g         6         0
       37    1.402336e+04         g         6         1
       38    1.922312e+04         h         6         1
       39    1.816002e+04         g         6         2
       40   -1.388256e+04         h         6         2
       41   -1.847946e+04         g         6         3
       42   -3.568803e+02         h         6         3
       43    3.975485e+03         g         6         4
       44    2.080061e+04         h         6         4
       45    2.149725e+03         g         6         5
       46   -5.555628e+03         h         6         5
       47    1.224018e+04         g         6         6
       48    7.138018e+03         h         6         6
       49   -3.072993e+03         g         7         0
       50    9.958194e+03         g         7         1
       51   -9.725670e+03         h         7         1
       52   -1.063857e+04         g         7         2
       53   -1.975579e+04         h         7         2
       54   -3.103113e+03         g         7         3
       55    3.152180e+03         h         7         3
       56   -1.098952e+04         g         7         4
       57    8.602424e+03         h         7         4
       58    5.160481e+03         g         7         5
       59   -1.055919e+04         h         7         5
       60   -3.973741e+03         g         7         6
       61   -3.094744e+03         h         7         6
       62    5.773177e+03         g         7         7
       63   -9.351205e+03         h         7         7
       64    2.095122e+04         g         8         0
       65    5.302027e+02         g         8         1
       66   -6.628596e+03         h         8         1
       67   -1.249207e+04         g         8         2
       68   -1.947283e+04         h         8         2
       69    5.329369e+02         g         8         3
       70    1.734085e+04         h         8         3
       71   -8.061183e+03         g         8         4
       72   -2.929663e+03         h         8         4
       73   -2.722518e+03         g         8         5
       74    3.830562e+03         h         8         5
       75   -7.243963e+03         g         8         6
       76   -5.438724e+03         h         8         6
       77   -2.242042e+03         g         8         7
       78    1.612491e+03         h         8         7
       79   -5.173735e+03         g         8         8
       80   -5.166509e+03         h         8         8
       81    1.108494e+04         g         9         0
       82   -3.837966e+03         g         9         1
       83   -1.165718e+04         h         9         1
       84    2.133518e+03         g         9         2
       85   -3.572555e+03         h         9         2
       86    1.325486e+03         g         9         3
       87    1.145643e+04         h         9         3
       88    6.256820e+03         g         9         4
       89   -2.423858e+03         h         9         4
       90   -4.773255e+03         g         9         5
       91    6.494163e+03         h         9         5
       92    2.643494e+03         g         9         6
       93   -3.607418e+02         h         9         6
       94   -2.702987e+03         g         9         7
       95    3.284045e+03         h         9         7
       96    2.499826e+03         g         9         8
       97    1.509773e+03         h         9         8
       98   -3.973582e+03         g         9         9
       99    3.286765e+03         h         9         9
      100   -2.566761e+03         g        10         0
      101    1.761694e+03         g        10         1
      102   -1.210082e+04         h        10         1
      103    3.649548e+03         g        10         2
      104    1.034416e+04         h        10         2
      105    7.754468e+03         g        10         3
      106   -3.856110e+03         h        10         3
      107    7.520038e+03         g        10         4
      108   -2.987235e+03         h        10         4
      109    6.972272e+02         g        10         5
      110   -5.715311e+02         h        10         5
      111    3.615628e+03         g        10         6
      112   -1.551310e+03         h        10         6
      113    1.527673e+03         g        10         7
      114   -2.912276e+03         h        10         7
      115    4.685242e+03         g        10         8
      116    8.295330e+02         h        10         8
      117    1.625587e+03         g        10         9
      118   -1.423191e+03         h        10         9
      119    2.094707e+03         g        10        10
      120    2.962670e+03         h        10        10
      121   -3.052224e+02         g        11         0
      122    6.900782e+03         g        11         1
      123    1.051239e+03         h        11         1
      124   -2.326039e+03         g        11         2
      125    9.428083e+03         h        11         2
      126    8.162950e+03         g        11         3
      127   -7.789596e+03         h        11         3
      128    7.324976e+02         g        11         4
      129   -6.078573e+03         h        11         4
      130    8.700992e+02         g        11         5
      131   -7.426482e+02         h        11         5
      132   -2.023570e+03         g        11         6
      133   -5.409878e+03         h        11         6
      134   -6.050435e+02         g        11         7
      135   -2.794188e+03         h        11         7
      136    1.541445e+03         g        11         8
      137   -3.434448e+03         h        11         8
      138    4.816775e+02         g        11         9
      139   -3.108596e+03         h        11         9
      140   -3.121703e+02         g        11        10
      141   -1.247891e+03         h        11        10
      142    1.930858e+03         g        11        11
      143   -1.001209e+03         h        11        11
      144    3.198859e+03         g        12         0
      145    4.091394e+03         g        12         1
      146    9.825506e+03         h        12         1
      147   -1.306450e+03         g        12         2
      148    3.344661e+03         h        12         2
      149    4.429850e+02         g        12         3
      150   -3.517936e+03         h        12         3
      151   -1.196749e+03         g        12         4
      152   -2.055211e+03         h        12         4
      153   -1.874905e+03         g        12         5
      154    2.281600e+03         h        12         5
      155   -2.434323e+03         g        12         6
      156   -2.381644e+03         h        12         6
      157   -4.008663e+03         g        12         7
      158    1.539694e+03         h        12         7
      159    9.704511e+02         g        12         8
      160   -1.785029e+03         h        12         8
      161   -2.864654e+03         g        12         9
      162   -1.271899e+03         h        12         9
      163   -1.461478e+03         g        12        10
      164   -5.025261e+01         h        12        10
      165   -1.326549e+03         g        12        11
      166    3.435616e+01         h        12        11
      167   -3.719976e+02         g        12        12
      168   -1.162007e+03         h        12        12
      169    1.221106e+03         g        13         0
      170   -1.528396e+03         g        13         1
      171    6.845333e+03         h        13         1
      172    2.620409e+03         g        13         2
      173    6.836598e+02         h        13         2
      174   -3.770228e+03         g        13         3
      175   -2.508391e+02         h        13         3
      176    6.001841e+01         g        13         4
      177    4.126798e+03         h        13         4
      178    4.949071e+02         g        13         5
      179    7.154999e+02         h        13         5
      180    1.912824e+02         g        13         6
      181    2.205041e+03         h        13         6
      182   -1.552855e+03         g        13         7
      183    2.301068e+03         h        13         7
      184    2.419198e+03         g        13         8
      185    8.470435e+02         h        13         8
      186   -1.322083e+03         g        13         9
      187   -3.549424e+02         h        13         9
      188   -2.210762e+02         g        13        10
      189    2.342369e+03         h        13        10
      190   -5.558330e+02         g        13        11
      191    1.063862e+03         h        13        11
      192   -1.765536e+02         g        13        12
      193    1.117508e+03         h        13        12
      194   -7.333309e+02         g        13        13
      195    1.512781e+01         h        13        13
      196    3.341230e+02         g        14         0
      197   -4.064153e+03         g        14         1
      198    1.113737e+02         h        14         1
      199    2.208563e+03         g        14         2
      200   -5.930821e+02         h        14         2
      201   -2.312044e+03         g        14         3
      202    8.626347e+02         h        14         3
      203   -3.082125e+02         g        14         4
      204    3.358991e+03         h        14         4
      205    3.008284e+03         g        14         5
      206   -2.261355e+03         h        14         5
      207    6.884516e+01         g        14         6
      208    1.823846e+03         h        14         6
      209    1.520712e+03         g        14         7
      210    2.693487e+02         h        14         7
      211    1.655599e+03         g        14         8
      212   -6.313250e+02         h        14         8
      213    6.075645e+02         g        14         9
      214   -9.820864e+02         h        14         9
      215    8.593001e+02         g        14        10
      216    1.029501e+03         h        14        10
      217    9.503489e+02         g        14        11
      218    5.022607e+02         h        14        11
      219    6.619203e+02         g        14        12
      220    6.879860e+02         h        14        12
      221    6.739095e+02         g        14        13
      222    2.364888e+02         h        14        13
      223   -1.391729e+02         g        14        14
      224    4.206324e+02         h        14        14
      225    2.180119e+02         g        15         0
      226   -3.740883e+03         g        15         1
      227   -3.446562e+03         h        15         1
      228   -6.923157e+02         g        15         2
      229   -1.604227e+03         h        15         2
      230   -1.136025e+03         g        15         3
      231    1.417528e+03         h        15         3
      232   -1.453977e+03         g        15         4
      233   -3.503046e+02         h        15         4
      234    6.106070e+02         g        15         5
      235   -1.894345e+03         h        15         5
      236   -1.360361e+03         g        15         6
      237    4.057273e+02         h        15         6
      238    8.937094e+02         g        15         7
      239   -3.576065e+02         h        15         7
      240   -8.211282e+02         g        15         8
      241   -1.734735e+03         h        15         8
      242   -4.882529e+02         g        15         9
      243   -6.948145e+02         h        15         9
      244    4.611332e+02         g        15        10
      245   -4.257796e+02         h        15        10
      246    4.433224e+01         g        15        11
      247   -3.914026e+02         h        15        11
      248    4.698078e+02         g        15        12
      249   -2.252850e+02         h        15        12
      250    3.765937e+02         g        15        13
      251   -4.293594e+02         h        15        13
      252    2.568856e+02         g        15        14
      253   -3.982075e+02         h        15        14
      254    2.114032e+02         g        15        15
      255    1.569067e+02         h        15        15
      256   -1.707975e+03         g        16         0
      257   -1.964320e+03         g        16         1
      258   -2.296271e+03         h        16         1
      259   -1.688568e+03         g        16         2
      260   -9.775363e+02         h        16         2
      261   -8.851338e+02         g        16         3
      262    1.490347e+03         h        16         3
      263   -1.102444e+03         g        16         4
      264   -8.424641e+02         h        16         4
      265   -1.891788e+03         g        16         5
      266    4.596242e+02         h        16         5
      267   -7.293891e+02         g        16         6
      268    1.024563e+03         h        16         6
      269    1.080779e+02         g        16         7
      270    3.973998e+02         h        16         7
      271   -1.749528e+03         g        16         8
      272   -8.040961e+01         h        16         8
      273   -1.034924e+03         g        16         9
      274    7.373216e+02         h        16         9
      275    9.454357e+01         g        16        10
      276    2.279308e+02         h        16        10
      277   -6.976320e+02         g        16        11
      278   -1.191440e+02         h        16        11
      279   -2.043787e+02         g        16        12
      280    3.532866e+02         h        16        12
      281   -2.345649e+02         g        16        13
      282   -3.944920e+02         h        16        13
      283   -2.152948e+02         g        16        14
      284   -2.462512e+02         h        16        14
      285   -2.107025e+02         g        16        15
      286   -2.639521e+02         h        16        15
      287    1.495768e+02         g        16        16
      288   -7.971749e+01         h        16        16
      289   -2.326820e+03         g        17         0
      290    5.293157e+02         g        17         1
      291    5.874047e+02         h        17         1
      292   -3.006062e+02         g        17         2
      293    4.666513e+01         h        17         2
      294    3.023970e+02         g        17         3
      295    5.118159e+02         h        17         3
      296    4.093643e+02         g        17         4
      297    3.119569e+01         h        17         4
      298   -1.036100e+03         g        17         5
      299    1.260703e+03         h        17         5
      300    1.103816e+03         g        17         6
      301    8.785835e+02         h        17         6
      302    8.135704e+02         g        17         7
      303    2.207949e+02         h        17         7
      304   -7.119337e+02         g        17         8
      305    9.118959e+02         h        17         8
      306    3.281600e+02         g        17         9
      307    1.147452e+03         h        17         9
      308    5.827449e+02         g        17        10
      309    4.243706e+02         h        17        10
      310    2.717222e+01         g        17        11
      311    2.637379e+02         h        17        11
      312   -1.106155e+01         g        17        12
      313    7.230662e+02         h        17        12
      314    4.364866e+01         g        17        13
      315    1.349772e+02         h        17        13
      316   -2.472499e+02         g        17        14
      317    1.304568e+02         h        17        14
      318   -1.596780e+02         g        17        15
      319    3.590248e+01         h        17        15
      320   -1.947982e+02         g        17        16
      321    8.427226e+01         h        17        16
      322   -1.299822e+01         g        17        17
      323   -1.191573e+02         h        17        17
      324   -3.465286e+02         g        18         0
      325    2.080222e+03         g        18         1
      326    1.380055e+03         h        18         1
      327    8.215075e+02         g        18         2
      328   -1.246695e+02         h        18         2
      329    1.114732e+03         g        18         3
      330   -9.621003e+02         h        18         3
      331    1.055630e+03         g        18         4
      332   -3.304980e+02         h        18         4
      333    2.214983e+02         g        18         5
      334    1.943129e+02         h        18         5
      335    1.388079e+03         g        18         6
      336   -7.471288e+02         h        18         6
      337    6.101562e+02         g        18         7
      338   -8.048533e+02         h        18         7
      339    6.941321e+01         g        18         8
      340    1.629771e+02         h        18         8
      341    9.172143e+02         g        18         9
      342    1.541523e+02         h        18         9
      343    5.771115e+02         g        18        10
      344   -5.202275e+02         h        18        10
      345    3.897215e+02         g        18        11
      346   -1.264549e+02         h        18        11
      347    3.497401e+02         g        18        12
      348    1.127605e+02         h        18        12
      349    2.613585e+02         g        18        13
      350    4.168299e+01         h        18        13
      351    1.316296e+02         g        18        14
      352    2.293901e+01         h        18        14
      353    5.540188e+01         g        18        15
      354    7.428907e+01         h        18        15
      355    5.700037e+00         g        18        16
      356    9.284598e+01         h        18        16
      357    2.086261e+01         g        18        17
      358    1.252873e+02         h        18        17
      359   -8.422199e+01         g        18        18
      360   -1.444985e+01         h        18        18
      361    1.075001e+03         g        19         0
      362    1.599351e+03         g        19         1
      363    2.506415e+02         h        19         1
      364    3.240270e+02         g        19         2
      365   -5.654863e+02         h        19         2
      366    4.508053e+02         g        19         3
      367   -1.315191e+03         h        19         3
      368    3.063662e+02         g        19         4
      369   -5.692255e+02         h        19         4
      370    4.557699e+01         g        19         5
      371   -5.495195e+02         h        19         5
      372    1.084362e+02         g        19         6
      373   -1.255290e+03         h        19         6
      374   -6.407745e+02         g        19         7
      375   -8.500352e+02         h        19         7
      376   -9.295246e+01         g        19         8
      377   -1.554238e+02         h        19         8
      378    1.421968e+02         g        19         9
      379   -4.410609e+02         h        19         9
      380   -2.632195e+02         g        19        10
      381   -7.489387e+02         h        19        10
      382   -1.040565e+02         g        19        11
      383   -3.173367e+02         h        19        11
      384    5.300363e+01         g        19        12
      385   -2.684820e+02         h        19        12
      386   -5.943467e+01         g        19        13
      387   -2.118700e+02         h        19        13
      388    6.263639e+01         g        19        14
      389   -1.128275e+02         h        19        14
      390    1.781059e+01         g        19        15
      391   -1.789703e+02         h        19        15
      392    5.239859e+01         g        19        16
      393   -2.902956e+01         h        19        16
      394    5.792169e+01         g        19        17
      395   -5.884226e-01         h        19        17
      396    7.642135e+01         g        19        18
      397    1.787031e+01         h        19        18
      398   -2.994204e+01         g        19        19
      399    5.643446e+01         h        19        19
      400    6.901262e+02         g        20         0
      401    2.129623e+02         g        20         1
      402   -4.030930e+02         h        20         1
      403   -4.015931e+02         g        20         2
      404   -2.118489e+02         h        20         2
      405   -2.945249e+02         g        20         3
      406   -2.574669e+02         h        20         3
      407   -3.657183e+02         g        20         4
      408    1.074932e+02         h        20         4
      409   -1.008127e+02         g        20         5
      410   -1.534903e+02         h        20         5
      411   -6.608263e+02         g        20         6
      412   -2.437656e+02         h        20         6
      413   -8.968808e+02         g        20         7
      414    1.025929e+02         h        20         7
      415   -3.005485e+01         g        20         8
      416    3.296981e+02         h        20         8
      417   -2.646746e+02         g        20         9
      418   -1.043799e+02         h        20         9
      419   -6.108500e+02         g        20        10
      420   -3.916524e+01         h        20        10
      421   -2.573684e+02         g        20        11
      422    1.201548e+02         h        20        11
      423   -1.882631e+02         g        20        12
      424   -3.534005e+01         h        20        12
      425   -2.340294e+02         g        20        13
      426    7.394060e+00         h        20        13
      427   -1.412903e+02         g        20        14
      428    3.974151e+01         h        20        14
      429   -8.642578e+01         g        20        15
      430   -1.214658e+02         h        20        15
      431   -1.040819e+02         g        20        16
      432   -4.035548e+01         h        20        16
      433   -9.398019e+00         g        20        17
      434   -4.436012e+01         h        20        17
      435    7.272269e+00         g        20        18
      436   -1.900914e+01         h        20        18
      437    2.635239e+01         g        20        19
      438   -3.839414e+01         h        20        19
      439    3.393119e+01         g        20        20
      440    2.861646e+01         h        20        20
      441    7.376966e+01         g        21         0
      442   -5.505391e+02         g        21         1
      443   -2.420855e+02         h        21         1
      444   -2.311549e+02         g        21         2
      445    3.430443e+02         h        21         2
      446   -1.918171e+02         g        21         3
      447    6.586585e+02         h        21         3
      448   -1.565922e+02         g        21         4
      449    4.381570e+02         h        21         4
      450    3.310151e+02         g        21         5
      451    2.523733e+02         h        21         5
      452   -3.132967e+02         g        21         6
      453    4.285184e+02         h        21         6
      454   -9.049189e+01         g        21         7
      455    5.496833e+02         h        21         7
      456    4.330423e+02         g        21         8
      457    3.279023e+02         h        21         8
      458    3.173888e+01         g        21         9
      459    8.572626e+01         h        21         9
      460   -1.520992e+02         g        21        10
      461    3.180591e+02         h        21        10
      462    1.078688e+02         g        21        11
      463    3.002877e+02         h        21        11
      464    3.851507e+01         g        21        12
      465    7.213011e+01         h        21        12
      466   -2.191055e+01         g        21        13
      467    1.963782e+02         h        21        13
      468   -1.191607e+01         g        21        14
      469    1.396072e+02         h        21        14
      470   -2.830463e+01         g        21        15
      471    5.365477e+01         h        21        15
      472   -7.127867e+01         g        21        16
      473    3.419094e+01         h        21        16
      474   -3.650739e+01         g        21        17
      475    4.255664e+01         h        21        17
      476   -2.390501e+01         g        21        18
      477    1.537415e+01         h        21        18
      478   -5.996215e+00         g        21        19
      479   -4.307563e+00         h        21        19
      480   -1.490500e+01         g        21        20
      481   -2.530453e+01         h        21        20
      482    2.299186e+01         g        21        21
      483   -1.740719e+01         h        21        21
      484   -6.964862e+01         g        22         0
      485   -5.024410e+02         g        22         1
      486   -1.596357e+02         h        22         1
      487    1.540369e+02         g        22         2
      488    3.969698e+02         h        22         2
      489    7.791045e+01         g        22         3
      490    5.221256e+02         h        22         3
      491    1.566990e+02         g        22         4
      492    5.910353e+01         h        22         4
      493    3.913362e+02         g        22         5
      494    8.096614e+01         h        22         5
      495    8.405657e+01         g        22         6
      496    2.213556e+02         h        22         6
      497    3.580042e+02         g        22         7
      498    1.877966e+02         h        22         7
      499    4.316164e+02         g        22         8
      500   -1.804082e+02         h        22         8
      501    1.117659e+02         g        22         9
      502   -1.478569e+02         h        22         9
      503    1.571159e+02         g        22        10
      504    9.563287e+01         h        22        10
      505    2.136930e+02         g        22        11
      506   -1.914773e+01         h        22        11
      507    1.436226e+02         g        22        12
      508   -1.130164e+02         h        22        12
      509    1.066947e+02         g        22        13
      510    3.236398e+01         h        22        13
      511    1.159914e+02         g        22        14
      512    9.710700e+00         h        22        14
      513    4.144820e+01         g        22        15
      514    9.834524e+00         h        22        15
      515    3.976811e+01         g        22        16
      516    1.901171e+01         h        22        16
      517    1.584652e+01         g        22        17
      518    2.464052e+01         h        22        17
      519    2.252360e+01         g        22        18
      520    3.966263e+01         h        22        18
      521    9.572866e+00         g        22        19
      522    1.897453e+01         h        22        19
      523   -3.362776e+00         g        22        20
      524    2.563455e+00         h        22        20
      525   -2.140353e+01         g        22        21
      526    2.424749e+00         h        22        21
      527   -4.732245e+00         g        22        22
      528   -1.609845e+01         h        22        22
      529   -1.292688e+02         g        23         0
      530   -1.979337e+02         g        23         1
      531   -1.213209e+02         h        23         1
      532    9.985264e+01         g        23         2
      533    1.559311e+02         h        23         2
      534    4.151751e+01         g        23         3
      535    2.390723e+01         h        23         3
      536    5.193359e+01         g        23         4
      537   -1.853757e+02         h        23         4
      538   -2.571697e+01         g        23         5
      539   -9.700651e+01         h        23         5
      540    4.136112e+01         g        23         6
      541   -1.336255e+01         h        23         6
      542    1.637340e+02         g        23         7
      543   -1.061106e+02         h        23         7
      544   -3.844260e+01         g        23         8
      545   -3.226717e+02         h        23         8
      546   -1.245530e+02         g        23         9
      547   -1.691236e+02         h        23         9
      548    3.814111e+01         g        23        10
      549   -2.367026e+01         h        23        10
      550   -2.440500e+01         g        23        11
      551   -1.795279e+02         h        23        11
      552   -5.478030e+01         g        23        12
      553   -1.321181e+02         h        23        12
      554    3.002338e+00         g        23        13
      555   -7.856513e+01         h        23        13
      556    1.181029e+01         g        23        14
      557   -7.932235e+01         h        23        14
      558   -1.394492e+01         g        23        15
      559   -5.302635e+01         h        23        15
      560    1.483813e+01         g        23        16
      561   -3.059652e+01         h        23        16
      562    1.691754e+01         g        23        17
      563   -3.908979e+01         h        23        17
      564    1.741555e+01         g        23        18
      565    2.266202e+00         h        23        18
      566    3.115807e+01         g        23        19
      567   -5.112311e+00         h        23        19
      568    1.198625e+01         g        23        20
      569   -2.326856e+00         h        23        20
      570   -1.619703e+00         g        23        21
      571    1.627028e+00         h        23        21
      572   -2.182099e+00         g        23        22
      573    1.544152e+01         h        23        22
      574   -1.125762e+01         g        23        23
      575    9.320308e-01         h        23        23
      576   -1.404208e+02         g        24         0
      577    3.599093e+01         g        24         1
      578    1.052997e+02         h        24         1
      579   -4.523958e+01         g        24         2
      580   -2.506913e+01         h        24         2
      581   -3.472736e+01         g        24         3
      582   -1.458717e+02         h        24         3
      583   -9.744573e+01         g        24         4
      584   -4.715305e+01         h        24         4
      585   -2.326043e+02         g        24         5
      586   -9.363241e+00         h        24         5
      587   -2.445150e+01         g        24         6
      588    2.473638e+01         h        24         6
      589   -2.071965e+01         g        24         7
      590   -3.262972e+01         h        24         7
      591   -2.619484e+02         g        24         8
      592   -5.692914e+01         h        24         8
      593   -1.513014e+02         g        24         9
      594    7.963209e+01         h        24         9
      595   -2.465392e+01         g        24        10
      596    7.480715e+01         h        24        10
      597   -1.161428e+02         g        24        11
      598   -2.153664e+01         h        24        11
      599   -1.291360e+02         g        24        12
      600    5.118586e+01         h        24        12
      601   -4.222772e+01         g        24        13
      602    1.567438e+01         h        24        13
      603   -6.235197e+01         g        24        14
      604   -1.148033e+01         h        24        14
      605   -5.411032e+01         g        24        15
      606    1.801056e+01         h        24        15
      607   -2.903288e+01         g        24        16
      608   -3.829410e+00         h        24        16
      609   -2.095711e+01         g        24        17
      610   -1.928400e+01         h        24        17
      611   -1.750031e+01         g        24        18
      612   -9.048527e+00         h        24        18
      613    7.488084e+00         g        24        19
      614   -8.865846e+00         h        24        19
      615    1.088574e+00         g        24        20
      616   -1.744476e+01         h        24        20
      617   -1.350074e-01         g        24        21
      618   -8.830324e+00         h        24        21
      619    1.715470e+00         g        24        22
      620    1.958699e+00         h        24        22
      621    7.810645e+00         g        24        23
      622    6.533350e+00         h        24        23
      623   -4.721853e-02         g        24        24
      624    9.119571e+00         h        24        24
      625    1.545484e+00         g        25         0
      626    1.244927e+02         g        25         1
      627    2.073211e+02         h        25         1
      628   -7.374343e+00         g        25         2
      629   -1.068039e+02         h        25         2
      630   -2.727205e+00         g        25         3
      631   -1.104072e+02         h        25         3
      632   -4.885084e+01         g        25         4
      633    7.067589e+01         h        25         4
      634   -1.042079e+02         g        25         5
      635    4.486152e+01         h        25         5
      636    4.816797e+01         g        25         6
      637    2.731998e+01         h        25         6
      638    5.488466e-01         g        25         7
      639    3.415263e+01         h        25         7
      640   -1.111452e+02         g        25         8
      641    9.655894e+01         h        25         8
      642    3.205892e+01         g        25         9
      643    1.554273e+02         h        25         9
      644    7.109369e+01         g        25        10
      645    5.897775e+01         h        25        10
      646   -8.972366e-01         g        25        11
      647    6.563043e+01         h        25        11
      648    3.299617e-01         g        25        12
      649    1.086977e+02         h        25        12
      650    3.647768e+01         g        25        13
      651    5.042366e+01         h        25        13
      652    2.334877e+00         g        25        14
      653    3.281377e+01         h        25        14
      654   -1.527797e+00         g        25        15
      655    6.064780e+01         h        25        15
      656    6.921163e+00         g        25        16
      657    2.503080e+01         h        25        16
      658   -1.187146e+01         g        25        17
      659    1.559676e+01         h        25        17
      660   -7.258810e+00         g        25        18
      661    1.119058e+01         h        25        18
      662   -4.419034e+00         g        25        19
      663    7.584458e+00         h        25        19
      664   -4.113106e+00         g        25        20
      665   -1.305617e+00         h        25        20
      666   -8.192275e+00         g        25        21
      667   -5.411806e+00         h        25        21
      668   -5.125801e+00         g        25        22
      669   -2.010437e+00         h        25        22
      670    1.552342e+00         g        25        23
      671   -4.877811e-01         h        25        23
      672    6.643946e+00         g        25        24
      673   -9.993918e-01         h        25        24
      674    4.723076e+00         g        25        25
      675    5.705380e-01         h        25        25
      676    1.018378e+02         g        26         0
      677    8.548924e+01         g        26         1
      678    5.827842e+01         h        26         1
      679    2.463099e+01         g        26         2
      680   -1.129630e+02         h        26         2
      681    1.103866e+01         g        26         3
      682   -7.670867e+01         h        26         3
      683    1.550658e+01         g        26         4
      684    2.891000e+01         h        26         4
      685    1.585459e+01         g        26         5
      686   -2.020966e+01         h        26         5
      687    5.216722e+01         g        26         6
      688   -4.842765e+01         h        26         6
      689    6.054226e+00         g        26         7
      690   -2.266643e+01         h        26         7
      691    2.711514e+01         g        26         8
      692    4.256933e+01         h        26         8
      693    9.151935e+01         g        26         9
      694    2.226510e+01         h        26         9
      695    7.098478e+01         g        26        10
      696   -5.924715e+01         h        26        10
      697    4.476017e+01         g        26        11
      698   -2.221019e+00         h        26        11
      699    6.261303e+01         g        26        12
      700    1.297817e+01         h        26        12
      701    5.109381e+01         g        26        13
      702   -2.675016e+01         h        26        13
      703    3.476319e+01         g        26        14
      704   -7.783275e+00         h        26        14
      705    3.613473e+01         g        26        15
      706    8.827879e+00         h        26        15
      707    2.948161e+01         g        26        16
      708   -1.504504e+00         h        26        16
      709    8.599283e+00         g        26        17
      710    1.399004e+00         h        26        17
      711    1.460234e+01         g        26        18
      712    5.508354e+00         h        26        18
      713    7.098225e+00         g        26        19
      714    3.204561e+00         h        26        19
      715    3.915447e+00         g        26        20
      716    8.170085e+00         h        26        20
      717    9.976768e-01         g        26        21
      718    9.781638e-01         h        26        21
      719   -5.920700e+00         g        26        22
      720    2.407590e+00         h        26        22
      721   -7.990357e-01         g        26        23
      722    2.403204e+00         h        26        23
      723   -8.885047e-01         g        26        24
      724    4.091769e-01         h        26        24
      725   -1.153575e-01         g        26        25
      726   -4.838655e+00         h        26        25
      727   -3.346121e-01         g        26        26
      728   -1.857506e+00         h        26        26
      729    4.501441e+01         g        27         0
      730   -5.453967e-01         g        27         1
      731   -7.020849e+01         h        27         1
      732   -1.804805e+01         g        27         2
      733   -4.464664e+01         h        27         2
      734   -1.338082e+01         g        27         3
      735   -1.390187e+01         h        27         3
      736    5.097832e+00         g        27         4
      737   -1.600444e+01         h        27         4
      738    2.149348e+01         g        27         5
      739   -3.747862e+01         h        27         5
      740   -2.248708e+01         g        27         6
      741   -4.557039e+01         h        27         6
      742   -3.621948e+01         g        27         7
      743   -3.917732e+01         h        27         7
      744    2.589774e+01         g        27         8
      745   -9.101567e-02         h        27         8
      746    1.267255e+01         g        27         9
      747   -5.211243e+01         h        27         9
      748   -2.699099e+01         g        27        10
      749   -7.372631e+01         h        27        10
      750   -8.766545e+00         g        27        11
      751   -2.629519e+01         h        27        11
      752    9.209411e+00         g        27        12
      753   -3.500263e+01         h        27        12
      754   -1.642164e+01         g        27        13
      755   -4.902894e+01         h        27        13
      756   -1.039755e+01         g        27        14
      757   -2.251925e+01         h        27        14
      758    1.334724e+01         g        27        15
      759   -2.617919e+01         h        27        15
      760    7.996855e-02         g        27        16
      761   -2.208066e+01         h        27        16
      762   -2.718604e+00         g        27        17
      763   -1.162797e+01         h        27        17
      764    6.550661e+00         g        27        18
      765   -9.678649e+00         h        27        18
      766    3.392102e+00         g        27        19
      767   -8.986723e+00         h        27        19
      768    3.154891e+00         g        27        20
      769   -3.910024e-01         h        27        20
      770    5.994643e+00         g        27        21
      771   -9.543830e-01         h        27        21
      772   -5.869081e-01         g        27        22
      773   -1.261819e+00         h        27        22
      774    2.087739e+00         g        27        23
      775    3.665860e+00         h        27        23
      776    1.207612e+00         g        27        24
      777    1.509922e+00         h        27        24
      778   -9.119316e-01         g        27        25
      779    1.806875e+00         h        27        25
      780   -4.918273e+00         g        27        26
      781   -7.453513e-01         h        27        26
      782   -1.071151e+00         g        27        27
      783   -3.333985e-01         h        27        27
      784   -3.564358e+01         g        28         0
      785   -3.916712e+01         g        28         1
      786   -5.301831e+01         h        28         1
      787   -2.241549e+01         g        28         2
      788    3.360283e+01         h        28         2
      789   -1.010123e+01         g        28         3
      790    5.219008e+01         h        28         3
      791    2.382910e+00         g        28         4
      792   -1.094003e+01         h        28         4
      793    1.862432e+01         g        28         5
      794    9.167273e+00         h        28         5
      795   -3.678574e+01         g        28         6
      796    1.105248e+01         h        28         6
      797   -2.550800e+01         g        28         7
      798    1.387516e+00         h        28         7
      799    1.209255e+01         g        28         8
      800    1.261210e+01         h        28         8
      801   -2.710944e+01         g        28         9
      802   -1.929603e+01         h        28         9
      803   -5.528084e+01         g        28        10
      804   -3.517232e+00         h        28        10
      805   -2.217774e+01         g        28        11
      806    1.616290e+01         h        28        11
      807   -1.870433e+01         g        28        12
      808   -6.598066e+00         h        28        12
      809   -3.866792e+01         g        28        13
      810    2.332007e+00         h        28        13
      811   -2.702277e+01         g        28        14
      812    1.017709e+01         h        28        14
      813   -6.386380e+00         g        28        15
      814   -7.006824e+00         h        28        15
      815   -1.768806e+01         g        28        16
      816   -5.748201e+00         h        28        16
      817   -1.345997e+01         g        28        17
      818    2.034080e+00         h        28        17
      819   -4.879947e+00         g        28        18
      820   -4.095325e+00         h        28        18
      821   -7.351003e+00         g        28        19
      822   -5.039911e+00         h        28        19
      823   -2.816319e+00         g        28        20
      824   -8.674468e-01         h        28        20
      825    4.927388e-01         g        28        21
      826   -1.515110e+00         h        28        21
      827   -2.801760e-01         g        28        22
      828   -2.690778e+00         h        28        22
      829    2.613451e-01         g        28        23
      830   -8.897870e-01         h        28        23
      831    2.884157e+00         g        28        24
      832   -1.423272e-01         h        28        24
      833    2.865300e-01         g        28        25
      834    6.638929e-01         h        28        25
      835   -2.685726e-01         g        28        26
      836    1.558532e+00         h        28        26
      837   -2.021499e+00         g        28        27
      838    2.685429e+00         h        28        27
      839   -3.778741e-01         g        28        28
      840    6.346868e-02         h        28        28
      841   -3.950635e+01         g        29         0
      842   -1.883555e+01         g        29         1
      843   -5.866810e+00         h        29         1
      844    1.231961e+01         g        29         2
      845    5.142616e+01         h        29         2
      846    9.148205e+00         g        29         3
      847    4.419747e+01         h        29         3
      848    1.886333e+01         g        29         4
      849   -8.589658e+00         h        29         4
      850    2.688245e+01         g        29         5
      851    2.350331e+01         h        29         5
      852    2.935308e+00         g        29         6
      853    2.126041e+01         h        29         6
      854    1.528111e+01         g        29         7
      855    1.322266e+01         h        29         7
      856    1.947837e+01         g        29         8
      857    5.438747e+00         h        29         8
      858   -6.326137e+00         g        29         9
      859    5.993077e+00         h        29         9
      860   -9.829664e+00         g        29        10
      861    2.729841e+01         h        29        10
      862    8.410765e+00         g        29        11
      863    2.183068e+01         h        29        11
      864    2.953140e+00         g        29        12
      865    6.970944e+00         h        29        12
      866   -5.382922e+00         g        29        13
      867    2.663646e+01         h        29        13
      868    3.689666e+00         g        29        14
      869    1.909149e+01         h        29        14
      870    1.569206e+00         g        29        15
      871    6.382454e+00         h        29        15
      872   -3.965206e+00         g        29        16
      873    9.011548e+00         h        29        16
      874   -2.211331e+00         g        29        17
      875    1.045470e+01         h        29        17
      876   -6.233225e-01         g        29        18
      877    5.566461e+00         h        29        18
      878   -3.956116e+00         g        29        19
      879    1.539897e+00         h        29        19
      880   -1.540526e+00         g        29        20
      881    4.051427e+00         h        29        20
      882   -3.120540e-01         g        29        21
      883    9.637302e-01         h        29        21
      884   -1.924578e+00         g        29        22
      885    5.473304e-01         h        29        22
      886   -1.199701e+00         g        29        23
      887   -1.221637e+00         h        29        23
      888   -7.343406e-01         g        29        24
      889    2.120061e-01         h        29        24
      890    5.838418e-01         g        29        25
      891   -5.116796e-01         h        29        25
      892   -3.654516e-01         g        29        26
      893    1.046213e+00         h        29        26
      894    4.795287e-01         g        29        27
      895    1.662063e-02         h        29        27
      896    1.286983e+00         g        29        28
      897    1.303288e+00         h        29        28
      898   -1.127277e-01         g        29        29
      899   -4.567846e-01         h        29        29
      900   -8.462636e+00         g        30         0
      901    8.435016e+00         g        30         1
      902    5.555276e+00         h        30         1
      903    1.768290e+01         g        30         2
      904    1.952983e+01         h        30         2
      905    8.649255e+00         g        30         3
      906   -1.004716e+00         h        30         3
      907    1.194281e+01         g        30         4
      908   -1.127482e+01         h        30         4
      909    9.225501e+00         g        30         5
      910    2.102061e+00         h        30         5
      911    1.669072e+01         g        30         6
      912   -6.152383e-01         h        30         6
      913    1.650324e+01         g        30         7
      914   -1.548033e+00         h        30         7
      915    7.496068e+00         g        30         8
      916   -1.413375e+01         h        30         8
      917    4.999409e+00         g        30         9
      918   -1.483042e+00         h        30         9
      919    1.482736e+01         g        30        10
      920    1.006957e+01         h        30        10
      921    1.391899e+01         g        30        11
      922   -8.240963e+00         h        30        11
      923    9.541857e+00         g        30        12
      924   -4.765195e+00         h        30        12
      925    1.231157e+01         g        30        13
      926    7.988686e+00         h        30        13
      927    1.699786e+01         g        30        14
      928   -2.572773e+00         h        30        14
      929    4.931859e+00         g        30        15
      930   -4.357407e+00         h        30        15
      931    5.986411e+00         g        30        16
      932    2.477554e+00         h        30        16
      933    8.450434e+00         g        30        17
      934    2.143502e+00         h        30        17
      935    3.717467e+00         g        30        18
      936    2.352782e+00         h        30        18
      937    2.878882e+00         g        30        19
      938   -2.443689e-02         h        30        19
      939    1.323705e+00         g        30        20
      940    1.567519e+00         h        30        20
      941    2.012666e+00         g        30        21
      942    9.590957e-01         h        30        21
      943   -7.753312e-01         g        30        22
      944    7.732189e-01         h        30        22
      945   -2.371039e-01         g        30        23
      946    1.396343e+00         h        30        23
      947   -9.842377e-01         g        30        24
      948    2.492798e-01         h        30        24
      949    6.862499e-01         g        30        25
      950    1.438702e+00         h        30        25
      951   -2.171293e-01         g        30        26
      952    4.193934e-01         h        30        26
      953   -3.273866e-02         g        30        27
      954    9.347027e-02         h        30        27
      955   -1.345045e-01         g        30        28
      956   -1.205294e+00         h        30        28
      957    1.497226e+00         g        30        29
      958   -1.465990e+00         h        30        29
      959   -4.126298e-01         g        30        30
      960    2.752523e-01         h        30        30
      961    9.957515e+00         g        31         0
      962    1.012091e+01         g        31         1
      963    7.844879e+00         h        31         1
      964   -1.035711e+00         g        31         2
      965   -9.329416e+00         h        31         2
      966   -5.529320e-01         g        31         3
      967   -1.580998e+01         h        31         3
      968   -6.117768e+00         g        31         4
      969    2.572602e+00         h        31         4
      970   -1.314217e+01         g        31         5
      971   -7.488832e+00         h        31         5
      972    3.727251e+00         g        31         6
      973   -4.428238e+00         h        31         6
      974   -5.611373e+00         g        31         7
      975   -2.602794e+00         h        31         7
      976   -1.204612e+01         g        31         8
      977   -9.247024e+00         h        31         8
      978   -8.835198e-01         g        31         9
      979   -3.064287e+00         h        31         9
      980    5.024592e+00         g        31        10
      981   -2.831911e+00         h        31        10
      982   -3.215280e+00         g        31        11
      983   -1.551103e+01         h        31        11
      984   -4.911225e+00         g        31        12
      985   -5.651466e+00         h        31        12
      986    4.074035e+00         g        31        13
      987   -5.189508e+00         h        31        13
      988    2.442175e+00         g        31        14
      989   -1.108191e+01         h        31        14
      990   -4.998930e+00         g        31        15
      991   -7.303651e+00         h        31        15
      992    6.202467e-01         g        31        16
      993   -3.871736e+00         h        31        16
      994    3.684526e+00         g        31        17
      995   -4.451311e+00         h        31        17
      996    8.466964e-02         g        31        18
      997   -3.187058e+00         h        31        18
      998    1.031291e+00         g        31        19
      999   -1.711936e+00         h        31        19
     1000    1.035687e+00         g        31        20
     1001   -1.958620e+00         h        31        20
     1002    8.114386e-01         g        31        21
     1003   -4.085116e-01         h        31        21
     1004    6.075299e-01         g        31        22
     1005   -3.215935e-01         h        31        22
     1006    8.358548e-02         g        31        23
     1007    1.178910e+00         h        31        23
     1008    9.952478e-01         g        31        24
     1009   -5.381735e-01         h        31        24
     1010   -9.411468e-02         g        31        25
     1011    4.616455e-01         h        31        25
     1012    1.367129e+00         g        31        26
     1013    6.353249e-01         h        31        26
     1014   -7.920403e-01         g        31        27
     1015   -2.035677e-01         h        31        27
     1016   -5.310106e-01         g        31        28
     1017   -6.156814e-01         h        31        28
     1018   -5.374466e-01         g        31        29
     1019   -1.122501e+00         h        31        29
     1020   -5.491629e-01         g        31        30
     1021   -1.580484e+00         h        31        30
     1022    7.007678e-01         g        31        31
     1023    4.592929e-01         h        31        31
     1024    1.279387e+01         g        32         0
     1025    2.513302e+00         g        32         1
     1026    9.174260e+00         h        32         1
     1027   -6.906052e+00         g        32         2
     1028   -1.383178e+01         h        32         2
     1029   -2.247907e+00         g        32         3
     1030   -5.744511e+00         h        32         3
     1031   -8.461485e+00         g        32         4
     1032    1.385867e+01         h        32         4
     1033   -1.032252e+01         g        32         5
     1034   -1.641297e+00         h        32         5
     1035   -2.617848e+00         g        32         6
     1036    2.065597e+00         h        32         6
     1037   -8.595383e+00         g        32         7
     1038    4.671294e+00         h        32         7
     1039   -1.109067e+01         g        32         8
     1040    4.226025e+00         h        32         8
     1041   -1.253147e+00         g        32         9
     1042    3.926536e+00         h        32         9
     1043   -1.102049e+00         g        32        10
     1044    1.210693e-01         h        32        10
     1045   -8.044026e+00         g        32        11
     1046   -6.113169e-01         h        32        11
     1047   -8.242671e+00         g        32        12
     1048    3.589388e+00         h        32        12
     1049   -1.333112e+00         g        32        13
     1050   -1.934499e+00         h        32        13
     1051   -5.751857e+00         g        32        14
     1052   -1.305531e+00         h        32        14
     1053   -7.871504e+00         g        32        15
     1054    3.092223e+00         h        32        15
     1055   -2.504973e+00         g        32        16
     1056    1.055421e+00         h        32        16
     1057   -2.276583e+00         g        32        17
     1058   -1.526678e+00         h        32        17
     1059   -2.681815e+00         g        32        18
     1060   -4.430632e-01         h        32        18
     1061   -2.405401e+00         g        32        19
     1062    1.428209e-01         h        32        19
     1063    2.414916e-01         g        32        20
     1064   -2.000540e-01         h        32        20
     1065   -4.251461e-01         g        32        21
     1066   -1.130350e+00         h        32        21
     1067    9.741184e-02         g        32        22
     1068    2.964010e-01         h        32        22
     1069    2.614707e-01         g        32        23
     1070   -2.790089e-01         h        32        23
     1071    4.735933e-01         g        32        24
     1072   -7.235695e-01         h        32        24
     1073   -8.207253e-01         g        32        25
     1074   -1.264066e+00         h        32        25
     1075    4.861703e-01         g        32        26
     1076    1.091535e+00         h        32        26
     1077   -1.243093e-01         g        32        27
     1078   -8.585609e-01         h        32        27
     1079   -1.308081e+00         g        32        28
     1080    5.744446e-01         h        32        28
     1081   -3.932013e-01         g        32        29
     1082   -6.253352e-01         h        32        29
     1083   -7.109766e-01         g        32        30
     1084   -4.106133e-01         h        32        30
     1085   -8.631072e-01         g        32        31
     1086    1.829325e-01         h        32        31
     1087    6.023110e-01         g        32        32
     1088   -5.906447e-01         h        32        32
     1089    7.276010e+00         g        33         0
     1090   -1.656769e+00         g        33         1
     1091    8.542332e-01         h        33         1
     1092   -1.742509e+00         g        33         2
     1093   -7.872338e+00         h        33         2
     1094   -1.013673e+00         g        33         3
     1095   -5.766343e-02         h        33         3
     1096   -2.080061e+00         g        33         4
     1097    7.148816e+00         h        33         4
     1098    1.110644e+00         g        33         5
     1099    1.750355e+00         h        33         5
     1100   -1.517875e+00         g        33         6
     1101    1.400098e-01         h        33         6
     1102    3.220492e-01         g        33         7
     1103    3.433500e+00         h        33         7
     1104    7.136627e-01         g        33         8
     1105    4.142747e+00         h        33         8
     1106    1.373416e+00         g        33         9
     1107    3.247048e+00         h        33         9
     1108    1.780588e+00         g        33        10
     1109    2.033874e+00         h        33        10
     1110   -2.174335e-01         g        33        11
     1111    5.390499e+00         h        33        11
     1112    4.472896e-01         g        33        12
     1113    5.218078e+00         h        33        12
     1114    1.650465e+00         g        33        13
     1115   -1.022955e-01         h        33        13
     1116   -1.749900e+00         g        33        14
     1117    4.144582e+00         h        33        14
     1118   -3.603664e-01         g        33        15
     1119    6.506639e+00         h        33        15
     1120    1.008579e+00         g        33        16
     1121    3.659555e+00         h        33        16
     1122    2.779877e-01         g        33        17
     1123    1.319103e+00         h        33        17
     1124   -6.904975e-02         g        33        18
     1125    2.740167e+00         h        33        18
     1126   -3.658860e-01         g        33        19
     1127    1.236900e+00         h        33        19
     1128   -1.192223e-01         g        33        20
     1129    1.784120e+00         h        33        20
     1130    5.674658e-01         g        33        21
     1131   -9.295295e-01         h        33        21
     1132   -9.199267e-01         g        33        22
     1133    4.879155e-01         h        33        22
     1134    7.664275e-01         g        33        23
     1135    1.737849e-01         h        33        23
     1136   -6.941029e-01         g        33        24
     1137   -6.458611e-01         h        33        24
     1138   -8.330036e-01         g        33        25
     1139   -5.169827e-01         h        33        25
     1140   -4.591207e-01         g        33        26
     1141    7.194699e-01         h        33        26
     1142    6.898812e-01         g        33        27
     1143    9.953492e-02         h        33        27
     1144   -1.297839e+00         g        33        28
     1145    5.253408e-01         h        33        28
     1146    2.816093e-01         g        33        29
     1147    5.013277e-01         h        33        29
     1148   -2.957372e-01         g        33        30
     1149   -3.749921e-01         h        33        30
     1150   -5.536187e-02         g        33        31
     1151    6.021985e-01         h        33        31
     1152    2.099890e-01         g        33        32
     1153    8.222345e-01         h        33        32
     1154   -4.858932e-01         g        33        33
     1155   -5.591725e-01         h        33        33
     1156   -1.943829e+00         g        34         0
     1157   -2.289753e+00         g        34         1
     1158   -3.724586e+00         h        34         1
     1159    4.703691e-01         g        34         2
     1160    5.190945e-01         h        34         2
     1161   -3.931068e-01         g        34         3
     1162    9.164836e-01         h        34         3
     1163    7.977226e-01         g        34         4
     1164   -3.316614e+00         h        34         4
     1165    1.559764e+00         g        34         5
     1166    1.162347e+00         h        34         5
     1167   -1.801894e+00         g        34         6
     1168   -2.336121e+00         h        34         6
     1169    2.219926e+00         g        34         7
     1170   -1.485165e+00         h        34         7
     1171    4.335180e+00         g        34         8
     1172   -7.113239e-01         h        34         8
     1173   -6.094539e-01         g        34         9
     1174   -1.748825e+00         h        34         9
     1175    1.772887e-01         g        34        10
     1176   -1.354073e+00         h        34        10
     1177    2.734277e+00         g        34        11
     1178    8.849423e-01         h        34        11
     1179    3.658021e+00         g        34        12
     1180   -5.092560e-01         h        34        12
     1181    1.352701e+00         g        34        13
     1182   -2.078544e+00         h        34        13
     1183    1.796920e-01         g        34        14
     1184    9.075258e-01         h        34        14
     1185    3.755041e+00         g        34        15
     1186    7.696251e-01         h        34        15
     1187    1.261458e+00         g        34        16
     1188   -7.177463e-01         h        34        16
     1189    1.511797e+00         g        34        17
     1190    1.621135e-01         h        34        17
     1191    1.790494e+00         g        34        18
     1192    1.457406e-01         h        34        18
     1193    1.564167e+00         g        34        19
     1194   -7.962274e-02         h        34        19
     1195   -4.439847e-01         g        34        20
     1196    4.463232e-01         h        34        20
     1197    8.448876e-01         g        34        21
     1198   -8.470753e-02         h        34        21
     1199   -6.204827e-01         g        34        22
     1200   -1.893502e-01         h        34        22
     1201    5.038055e-01         g        34        23
     1202    9.514556e-01         h        34        23
     1203   -1.114638e-01         g        34        24
     1204   -4.175392e-01         h        34        24
     1205   -5.392111e-01         g        34        25
     1206    4.329298e-01         h        34        25
     1207    7.273644e-02         g        34        26
     1208    1.076045e-01         h        34        26
     1209    5.108098e-01         g        34        27
     1210    3.481478e-01         h        34        27
     1211    5.838131e-02         g        34        28
     1212    1.760138e-01         h        34        28
     1213    2.605569e-01         g        34        29
     1214    4.917431e-01         h        34        29
     1215    5.995138e-01         g        34        30
     1216   -7.471553e-01         h        34        30
     1217    2.230423e-01         g        34        31
     1218    1.528036e-02         h        34        31
     1219    7.935888e-01         g        34        32
     1220    3.694553e-01         h        34        32
     1221    6.859403e-01         g        34        33
     1222    1.402451e-01         h        34        33
     1223   -6.656686e-01         g        34        34
     1224    4.600005e-01         h        34        34
     1225   -3.319229e+00         g        35         0
     1226   -2.184263e+00         g        35         1
     1227   -6.665611e-01         h        35         1
     1228    3.062696e-02         g        35         2
     1229    4.199313e+00         h        35         2
     1230    4.908260e-01         g        35         3
     1231    1.296923e+00         h        35         3
     1232    5.413940e-01         g        35         4
     1233   -4.128986e+00         h        35         4
     1234   -9.936115e-01         g        35         5
     1235    5.746229e-01         h        35         5
     1236   -1.262400e+00         g        35         6
     1237   -5.162182e-01         h        35         6
     1238    6.175275e-01         g        35         7
     1239   -1.919518e+00         h        35         7
     1240    1.515414e+00         g        35         8
     1241   -9.058122e-01         h        35         8
     1242   -1.643875e+00         g        35         9
     1243   -1.874937e+00         h        35         9
     1244   -1.874156e+00         g        35        10
     1245   -2.067589e+00         h        35        10
     1246    2.072313e-01         g        35        11
     1247   -8.750258e-01         h        35        11
     1248    8.771090e-01         g        35        12
     1249   -2.432628e+00         h        35        12
     1250   -1.826193e+00         g        35        13
     1251   -1.298980e+00         h        35        13
     1252   -6.326167e-01         g        35        14
     1253   -8.714923e-01         h        35        14
     1254    1.563260e+00         g        35        15
     1255   -1.812665e+00         h        35        15
     1256   -1.057175e+00         g        35        16
     1257   -2.336390e+00         h        35        16
     1258   -1.053531e+00         g        35        17
     1259   -2.544764e-01         h        35        17
     1260    2.500387e-01         g        35        18
     1261   -1.467641e+00         h        35        18
     1262    1.376454e-01         g        35        19
     1263   -7.575370e-01         h        35        19
     1264   -6.909301e-01         g        35        20
     1265   -6.085402e-01         h        35        20
     1266   -1.743301e-01         g        35        21
     1267    1.980562e-01         h        35        21
     1268    1.550987e-01         g        35        22
     1269   -2.247655e-01         h        35        22
     1270   -6.844022e-02         g        35        23
     1271    3.362951e-01         h        35        23
     1272    3.782552e-01         g        35        24
     1273   -6.479897e-02         h        35        24
     1274   -6.491832e-02         g        35        25
     1275    4.318108e-02         h        35        25
     1276    2.166121e-01         g        35        26
     1277   -9.426310e-02         h        35        26
     1278    1.080955e-01         g        35        27
     1279   -2.566753e-01         h        35        27
     1280    3.842141e-01         g        35        28
     1281    2.056057e-01         h        35        28
     1282    7.107298e-02         g        35        29
     1283   -3.761172e-01         h        35        29
     1284    2.328678e-01         g        35        30
     1285   -7.126799e-01         h        35        30
     1286   -6.727543e-02         g        35        31
     1287   -9.817734e-01         h        35        31
     1288    3.297506e-01         g        35        32
     1289   -9.321124e-02         h        35        32
     1290    5.413914e-01         g        35        33
     1291   -2.720380e-01         h        35        33
     1292    1.448317e-01         g        35        34
     1293   -3.665562e-01         h        35        34
     1294    2.823959e-01         g        35        35
     1295    6.794509e-01         h        35        35