      IND             SHC     g | h         n         m
        1    4.107237e+05         g         1         0
        2   -7.126709e+04         g         1         1
        3    2.099321e+04         h         1         1
        4    1.222967e+04         g         2         0
        5   -5.677633e+04         g         2         1
        6   -4.278327e+04         h         2         1
        7    4.814791e+04         g         2         2
        8    2.049892e+04         h         2         2
        9    2.944351e+03         g         3         0
       10   -3.727746e+04         g         3         1
       11   -3.274807e+04         h         3         1
       12    1.521496e+04         g         3         2
       13    4.243836e+04         h         3         2
       14   -1.295769e+03         g         3         3
       15   -2.748903e+04         h         3         3
       16   -3.362381e+04         g         4         0
       17   -8.360164e+03         g         4         1
       18    3.162064e+04         h         4         1
       19   -2.664164e+03         g         4         2
       20    2.785649e+04         h         4         2
       21   -1.075365e+04         g         4         3
       22   -7.799630e+02         h         4         3
       23   -1.795878e+04         g         4         4
       24   -1.549300e+03         h         4         4
       25   -1.887677e+04         g         5         0
       26    4.357567e+03         g         5         1
       27    4.635401e+04         h         5         1
       28    1.646032e+04         g         5         2
       29   -1.349693e+03         h         5         2
       30   -1.743698e+04         g         5         3
       31    5.843098e+03         h         5         3
       32   -2.623641e+03         g         5         4
       33    1.053578e+04         h         5         4
       34   -5.123831e+03         g         5         5
       35    1.004827e+04         h         5         5
       36   -1.956563e+04         g         6         0
       37    9.098072e+03         g         6         1
       38    1.249033e+04         h         6         1
       39    1.214733e+04         g         6         2
       40   -9.068560e+03         h         6         2
       41   -1.239482e+04         g         6         3
       42   -4.981499e+02         h         6         3
       43    2.484675e+03         g         6         4
       44    1.384999e+04         h         6         4
       45    1.365046e+03         g         6         5
       46   -3.599113e+03         h         6         5
       47    7.963681e+03         g         6         6
       48    4.908826e+03         h         6         6
       49   -1.529026e+03         g         7         0
       50    6.090178e+03         g         7         1
       51   -5.795331e+03         h         7         1
       52   -6.746561e+03         g         7         2
       53   -1.249482e+04         h         7         2
       54   -1.806620e+03         g         7         3
       55    1.894239e+03         h         7         3
       56   -6.889492e+03         g         7         4
       57    5.503612e+03         h         7         4
       58    3.391274e+03         g         7         5
       59   -6.673224e+03         h         7         5
       60   -2.350544e+03         g         7         6
       61   -1.980964e+03         h         7         6
       62    3.814115e+03         g         7         7
       63   -5.765630e+03         h         7         7
       64    1.331169e+04         g         8         0
       65    1.392601e+02         g         8         1
       66   -4.072006e+03         h         8         1
       67   -7.406725e+03         g         8         2
       68   -1.170936e+04         h         8         2
       69    1.438884e+02         g         8         3
       70    1.010703e+04         h         8         3
       71   -4.788062e+03         g         8         4
       72   -1.750219e+03         h         8         4
       73   -1.724942e+03         g         8         5
       74    2.352631e+03         h         8         5
       75   -4.325531e+03         g         8         6
       76   -3.314865e+03         h         8         6
       77   -1.377558e+03         g         8         7
       78    9.328937e+02         h         8         7
       79   -3.059523e+03         g         8         8
       80   -3.234367e+03         h         8         8
       81    7.069873e+03         g         9         0
       82   -2.282698e+03         g         9         1
       83   -6.482389e+03         h         9         1
       84    1.156801e+03         g         9         2
       85   -1.987241e+03         h         9         2
       86    7.147048e+02         g         9         3
       87    6.252945e+03         h         9         3
       88    3.538196e+03         g         9         4
       89   -1.185894e+03         h         9         4
       90   -2.779091e+03         g         9         5
       91    3.564881e+03         h         9         5
       92    1.622847e+03         g         9         6
       93   -1.641334e+02         h         9         6
       94   -1.590216e+03         g         9         7
       95    1.924207e+03         h         9         7
       96    1.376326e+03         g         9         8
       97    8.459083e+02         h         9         8
       98   -2.387487e+03         g         9         9
       99    1.796281e+03         h         9         9
      100   -4.362481e+02         g        10         0
      101    8.698229e+02         g        10         1
      102   -6.378886e+03         h        10         1
      103    1.849551e+03         g        10         2
      104    5.639010e+03         h        10         2
      105    4.156004e+03         g        10         3
      106   -2.297269e+03         h        10         3
      107    3.988200e+03         g        10         4
      108   -1.507412e+03         h        10         4
      109    4.185663e+02         g        10         5
      110   -3.760465e+02         h        10         5
      111    1.950844e+03         g        10         6
      112   -7.568373e+02         h        10         6
      113    8.001042e+02         g        10         7
      114   -1.557837e+03         h        10         7
      115    2.489960e+03         g        10         8
      116    4.034635e+02         h        10         8
      117    8.631714e+02         g        10         9
      118   -7.478410e+02         h        10         9
      119    1.094820e+03         g        10        10
      120    1.672084e+03         h        10        10
      121    8.345551e+02         g        11         0
      122    3.469822e+03         g        11         1
      123    6.111844e+02         h        11         1
      124   -1.222403e+03         g        11         2
      125    4.936733e+03         h        11         2
      126    4.069969e+03         g        11         3
      127   -4.237040e+03         h        11         3
      128    3.241915e+02         g        11         4
      129   -3.070934e+03         h        11         4
      130    4.106762e+02         g        11         5
      131   -3.338730e+02         h        11         5
      132   -9.634716e+02         g        11         6
      133   -2.770696e+03         h        11         6
      134   -3.545675e+02         g        11         7
      135   -1.355049e+03         h        11         7
      136    8.185399e+02         g        11         8
      137   -1.847298e+03         h        11         8
      138    2.540046e+02         g        11         9
      139   -1.539686e+03         h        11         9
      140   -1.867948e+02         g        11        10
      141   -6.458012e+02         h        11        10
      142    1.056965e+03         g        11        11
      143   -5.643569e+02         h        11        11
      144    2.642862e+03         g        12         0
      145    1.904244e+03         g        12         1
      146    4.933017e+03         h        12         1
      147   -6.394167e+02         g        12         2
      148    1.760106e+03         h        12         2
      149    8.971019e+01         g        12         3
      150   -1.972641e+03         h        12         3
      151   -6.175477e+02         g        12         4
      152   -9.763413e+02         h        12         4
      153   -9.406827e+02         g        12         5
      154    1.032565e+03         h        12         5
      155   -9.665226e+02         g        12         6
      156   -1.179421e+03         h        12         6
      157   -2.049943e+03         g        12         7
      158    8.122006e+02         h        12         7
      159    5.681105e+02         g        12         8
      160   -9.709281e+02         h        12         8
      161   -1.381013e+03         g        12         9
      162   -5.620036e+02         h        12         9
      163   -7.220516e+02         g        12        10
      164   -3.511830e+01         h        12        10
      165   -6.200531e+02         g        12        11
      166    1.685941e+01         h        12        11
      167   -2.429500e+02         g        12        12
      168   -6.143610e+02         h        12        12
      169    1.638418e+03         g        13         0
      170   -9.461659e+02         g        13         1
      171    3.243059e+03         h        13         1
      172    1.226403e+03         g        13         2
      173    4.475842e+02         h        13         2
      174   -1.957044e+03         g        13         3
      175   -3.960726e+02         h        13         3
      176    5.848151e+01         g        13         4
      177    1.934069e+03         h        13         4
      178    1.687288e+02         g        13         5
      179    2.420542e+02         h        13         5
      180    2.720152e+02         g        13         6
      181    1.003343e+03         h        13         6
      182   -8.201229e+02         g        13         7
      183    1.117314e+03         h        13         7
      184    1.152100e+03         g        13         8
      185    3.446368e+02         h        13         8
      186   -6.125167e+02         g        13         9
      187   -1.169634e+02         h        13         9
      188   -1.462609e+02         g        13        10
      189    1.091467e+03         h        13        10
      190   -2.579268e+02         g        13        11
      191    5.045795e+02         h        13        11
      192   -1.144709e+02         g        13        12
      193    4.876072e+02         h        13        12
      194   -3.579144e+02         g        13        13
      195    5.532173e+01         h        13        13
      196    1.045477e+03         g        14         0
      197   -2.164526e+03         g        14         1
      198    5.758423e+01         h        14         1
      199    1.024337e+03         g        14         2
      200   -8.210833e+01         h        14         2
      201   -1.266801e+03         g        14         3
      202    1.076996e+02         h        14         3
      203   -3.361030e+01         g        14         4
      204    1.582786e+03         h        14         4
      205    1.226771e+03         g        14         5
      206   -9.706121e+02         h        14         5
      207    1.545358e+02         g        14         6
      208    8.236278e+02         h        14         6
      209    6.086337e+02         g        14         7
      210    2.402579e+02         h        14         7
      211    7.459820e+02         g        14         8
      212   -2.486629e+02         h        14         8
      213    2.801345e+02         g        14         9
      214   -3.054260e+02         h        14         9
      215    2.916039e+02         g        14        10
      216    5.042084e+02         h        14        10
      217    3.656346e+02         g        14        11
      218    2.854532e+02         h        14        11
      219    2.496329e+02         g        14        12
      220    2.641501e+02         h        14        12
      221    2.840830e+02         g        14        13
      222    1.625861e+02         h        14        13
      223   -4.640581e+01         g        14        14
      224    1.933879e+02         h        14        14
      225    8.832640e+02         g        15         0
      226   -1.950555e+03         g        15         1
      227   -1.329571e+03         h        15         1
      228   -2.080930e+02         g        15         2
      229   -5.287022e+02         h        15         2
      230   -5.811774e+02         g        15         3
      231    4.305696e+02         h        15         3
      232   -4.579506e+02         g        15         4
      233   -2.639540e+01         h        15         4
      234    2.113061e+02         g        15         5
      235   -7.721103e+02         h        15         5
      236   -4.497558e+02         g        15         6
      237    2.106167e+02         h        15         6
      238    3.847371e+02         g        15         7
      239   -4.307387e+01         h        15         7
      240   -3.035699e+02         g        15         8
      241   -6.900202e+02         h        15         8
      242   -1.175221e+02         g        15         9
      243   -1.533742e+02         h        15         9
      244    1.446408e+02         g        15        10
      245   -1.192406e+02         h        15        10
      246   -4.311031e+01         g        15        11
      247   -3.210771e+01         h        15        11
      248    1.596523e+02         g        15        12
      249   -5.388548e+01         h        15        12
      250    1.233434e+02         g        15        13
      251   -1.151333e+02         h        15        13
      252    1.529673e+02         g        15        14
      253   -1.537133e+02         h        15        14
      254    9.295066e+01         g        15        15
      255    9.369925e+01         h        15        15
      256   -1.637523e+02         g        16         0
      257   -1.173520e+03         g        16         1
      258   -7.769591e+02         h        16         1
      259   -5.758440e+02         g        16         2
      260   -4.172607e+02         h        16         2
      261   -3.795650e+02         g        16         3
      262    5.480780e+02         h        16         3
      263   -2.775209e+02         g        16         4
      264   -2.697495e+02         h        16         4
      265   -7.819765e+02         g        16         5
      266    1.605715e+02         h        16         5
      267   -2.375508e+02         g        16         6
      268    4.274570e+02         h        16         6
      269    7.489577e+01         g        16         7
      270    2.024074e+02         h        16         7
      271   -7.217314e+02         g        16         8
      272   -6.632329e+01         h        16         8
      273   -3.111277e+02         g        16         9
      274    4.086218e+02         h        16         9
      275    5.633165e+00         g        16        10
      276    5.428674e+01         h        16        10
      277   -3.042898e+02         g        16        11
      278    8.040218e+01         h        16        11
      279   -1.050068e+02         g        16        12
      280    2.104503e+02         h        16        12
      281   -6.430703e+01         g        16        13
      282   -1.097079e+02         h        16        13
      283   -3.809623e+01         g        16        14
      284   -5.339027e+01         h        16        14
      285   -6.917331e+01         g        16        15
      286   -1.214107e+02         h        16        15
      287    9.515343e+01         g        16        16
      288   -3.811274e+01         h        16        16
      289   -9.035403e+02         g        17         0
      290   -1.763400e+02         g        17         1
      291    3.444095e+02         h        17         1
      292   -1.788100e+01         g        17         2
      293   -1.388495e+02         h        17         2
      294    7.529466e+01         g        17         3
      295    2.017195e+02         h        17         3
      296    2.950920e+02         g        17         4
      297    5.436491e+01         h        17         4
      298   -4.543254e+02         g        17         5
      299    4.981043e+02         h        17         5
      300    4.142494e+02         g        17         6
      301    3.361594e+02         h        17         6
      302    3.178943e+02         g        17         7
      303    1.230558e+02         h        17         7
      304   -3.240755e+02         g        17         8
      305    2.778242e+02         h        17         8
      306    1.280594e+02         g        17         9
      307    6.042746e+02         h        17         9
      308    2.105697e+02         g        17        10
      309    5.388873e+01         h        17        10
      310   -3.570178e+01         g        17        11
      311    2.430855e+02         h        17        11
      312   -2.595058e+01         g        17        12
      313    2.895508e+02         h        17        12
      314    8.337306e+01         g        17        13
      315    9.558397e+01         h        17        13
      316   -5.802970e+01         g        17        14
      317    3.627232e+01         h        17        14
      318   -1.501082e+00         g        17        15
      319   -7.157810e+00         h        17        15
      320   -8.480933e+01         g        17        16
      321    1.701686e+01         h        17        16
      322   -2.649937e+00         g        17        17
      323   -8.114772e+01         h        17        17
      324   -4.706273e+02         g        18         0
      325    5.208178e+02         g        18         1
      326    6.781868e+02         h        18         1
      327    4.001847e+02         g        18         2
      328   -2.287051e+02         h        18         2
      329    3.908664e+02         g        18         3
      330   -3.009105e+02         h        18         3
      331    5.137224e+02         g        18         4
      332   -1.100141e+02         h        18         4
      333    3.933277e+01         g        18         5
      334    1.108118e+02         h        18         5
      335    5.308809e+02         g        18         6
      336   -2.835135e+02         h        18         6
      337    1.928974e+02         g        18         7
      338   -2.779589e+02         h        18         7
      339    7.901696e+01         g        18         8
      340    1.646820e+01         h        18         8
      341    2.531828e+02         g        18         9
      342    1.981969e+02         h        18         9
      343    2.962233e+02         g        18        10
      344   -2.621623e+02         h        18        10
      345    7.763057e+01         g        18        11
      346    6.363046e+01         h        18        11
      347    1.508400e+02         g        18        12
      348    2.971352e+01         h        18        12
      349    1.155568e+02         g        18        13
      350    5.192523e+01         h        18        13
      351    8.980995e+01         g        18        14
      352   -6.500221e+01         h        18        14
      353    4.621827e+01         g        18        15
      354    1.031582e+01         h        18        15
      355   -1.223552e+01         g        18        16
      356   -2.571632e+01         h        18        16
      357   -1.025946e+00         g        18        17
      358    5.490212e+01         h        18        17
      359   -6.343917e+01         g        18        18
      360   -1.406360e+01         h        18        18
      361    6.889566e+01         g        19         0
      362    5.135309e+02         g        19         1
      363    2.259579e+02         h        19         1
      364    2.019249e+02         g        19         2
      365   -3.489145e+02         h        19         2
      366    1.476056e+02         g        19         3
      367   -3.689380e+02         h        19         3
      368    2.025029e+02         g        19         4
      369   -2.523442e+02         h        19         4
      370    7.633352e-01         g        19         5
      371   -2.101818e+02         h        19         5
      372    6.708844e+01         g        19         6
      373   -4.559033e+02         h        19         6
      374   -2.916752e+02         g        19         7
      375   -3.640903e+02         h        19         7
      376    8.283689e+01         g        19         8
      377   -5.591236e+01         h        19         8
      378   -2.726134e+01         g        19         9
      379   -1.850432e+02         h        19         9
      380    2.034901e+01         g        19        10
      381   -2.718757e+02         h        19        10
      382   -5.531953e+01         g        19        11
      383   -1.259328e+02         h        19        11
      384    6.306336e+01         g        19        12
      385   -1.097772e+02         h        19        12
      386   -2.862621e+01         g        19        13
      387   -7.991024e+01         h        19        13
      388    6.188088e+01         g        19        14
      389   -9.980269e+01         h        19        14
      390   -1.185512e+01         g        19        15
      391   -9.824303e+01         h        19        15
      392    7.794677e+00         g        19        16
      393   -5.057454e+01         h        19        16
      394   -2.491731e+01         g        19        17
      395    1.026273e+01         h        19        17
      396    3.128221e+01         g        19        18
      397    4.278483e+00         h        19        18
      398   -1.837457e+01         g        19        19
      399    4.457047e+01         h        19        19
      400    2.075983e+01         g        20         0
      401    1.134261e+02         g        20         1
      402   -1.404512e+02         h        20         1
      403   -9.851558e+01         g        20         2
      404   -1.372743e+02         h        20         2
      405   -1.471174e+02         g        20         3
      406    3.167121e+01         h        20         3
      407   -9.586577e+01         g        20         4
      408   -2.197161e+01         h        20         4
      409   -5.024934e+01         g        20         5
      410   -8.755645e+01         h        20         5
      411   -2.605433e+02         g        20         6
      412   -7.265283e+01         h        20         6
      413   -3.737656e+02         g        20         7
      414   -4.220191e+01         h        20         7
      415    2.611276e+01         g        20         8
      416    1.318788e+02         h        20         8
      417   -1.221270e+02         g        20         9
      418   -1.719926e+02         h        20         9
      419   -2.063328e+02         g        20        10
      420    1.464377e+00         h        20        10
      421   -6.159847e+01         g        20        11
      422   -4.889064e+01         h        20        11
      423   -7.528394e+01         g        20        12
      424   -5.719627e+01         h        20        12
      425   -8.928519e+01         g        20        13
      426   -2.189790e+01         h        20        13
      427   -4.015448e+01         g        20        14
      428   -3.159993e+01         h        20        14
      429   -4.552387e+01         g        20        15
      430   -7.947321e+01         h        20        15
      431   -5.911618e+01         g        20        16
      432   -2.186650e+01         h        20        16
      433   -3.340298e+01         g        20        17
      434   -7.701784e+00         h        20        17
      435    2.241416e+00         g        20        18
      436    1.595188e+01         h        20        18
      437    3.659249e+00         g        20        19
      438   -1.733374e+01         h        20        19
      439    2.986133e+01         g        20        20
      440    1.678379e+01         h        20        20
      441   -1.373671e+02         g        21         0
      442   -1.292284e+02         g        21         1
      443   -1.521466e+02         h        21         1
      444   -6.984495e+01         g        21         2
      445    1.377852e+02         h        21         2
      446   -8.782756e+01         g        21         3
      447    3.290832e+02         h        21         3
      448   -5.546674e+01         g        21         4
      449    1.279896e+02         h        21         4
      450    1.002642e+02         g        21         5
      451    1.040121e+02         h        21         5
      452   -1.541966e+02         g        21         6
      453    1.755194e+02         h        21         6
      454   -5.033075e+01         g        21         7
      455    1.876942e+02         h        21         7
      456    1.095206e+02         g        21         8
      457    1.192701e+02         h        21         8
      458    8.204725e+00         g        21         9
      459   -4.476427e+01         h        21         9
      460   -1.291730e+02         g        21        10
      461    1.230327e+02         h        21        10
      462    5.435333e+01         g        21        11
      463    5.685725e+01         h        21        11
      464   -4.110468e+01         g        21        12
      465   -3.122947e+01         h        21        12
      466   -3.431148e+01         g        21        13
      467    7.343998e+01         h        21        13
      468   -1.638092e+01         g        21        14
      469    7.855193e+00         h        21        14
      470   -2.501368e+01         g        21        15
      471    2.129686e+00         h        21        15
      472   -4.291200e+01         g        21        16
      473    1.681418e+00         h        21        16
      474   -1.941002e+01         g        21        17
      475    3.171741e+01         h        21        17
      476   -1.235102e+01         g        21        18
      477    1.763334e+01         h        21        18
      478    7.691765e+00         g        21        19
      479    2.216244e+00         h        21        19
      480   -9.531746e+00         g        21        20
      481   -3.181503e+00         h        21        20
      482    1.341204e+01         g        21        21
      483   -1.979449e+01         h        21        21
      484   -8.148454e+01         g        22         0
      485   -9.616237e+01         g        22         1
      486   -1.115211e+02         h        22         1
      487    5.682474e+01         g        22         2
      488    1.686249e+02         h        22         2
      489    6.725106e+01         g        22         3
      490    2.115139e+02         h        22         3
      491    4.597476e+01         g        22         4
      492    4.740551e+00         h        22         4
      493    1.186209e+02         g        22         5
      494    6.678828e+01         h        22         5
      495    3.761177e+01         g        22         6
      496    9.256945e+01         h        22         6
      497    1.428506e+02         g        22         7
      498    1.125193e+02         h        22         7
      499    1.197349e+02         g        22         8
      500   -7.009175e+01         h        22         8
      501    4.303511e+01         g        22         9
      502   -3.417446e+01         h        22         9
      503    1.497944e+01         g        22        10
      504    5.293102e+01         h        22        10
      505    6.969688e+01         g        22        11
      506    9.966502e+00         h        22        11
      507    2.004610e+01         g        22        12
      508   -5.150302e+01         h        22        12
      509    5.760481e+00         g        22        13
      510    4.407573e+01         h        22        13
      511    3.571774e+01         g        22        14
      512   -6.114345e+00         h        22        14
      513   -8.578608e+00         g        22        15
      514    6.849121e+00         h        22        15
      515    1.060511e+01         g        22        16
      516   -2.127928e-02         h        22        16
      517   -5.080074e+00         g        22        17
      518    2.176337e+01         h        22        17
      519    1.128847e+01         g        22        18
      520    1.427264e+01         h        22        18
      521    5.760605e+00         g        22        19
      522    1.381729e+01         h        22        19
      523    2.577599e+00         g        22        20
      524   -3.288447e+00         h        22        20
      525   -2.306766e+00         g        22        21
      526    5.277846e+00         h        22        21
      527   -1.325059e+01         g        22        22
      528   -9.591384e+00         h        22        22
      529    2.648442e+00         g        23         0
      530    1.283013e+01         g        23         1
      531   -8.923879e+01         h        23         1
      532    2.031468e+01         g        23         2
      533    5.259177e+01         h        23         2
      534    6.306952e+01         g        23         3
      535   -2.802752e+01         h        23         3
      536   -2.007141e+01         g        23         4
      537   -8.715771e+01         h        23         4
      538   -3.859482e+01         g        23         5
      539   -2.207846e+01         h        23         5
      540    5.806107e+01         g        23         6
      541   -8.753672e+00         h        23         6
      542    8.066209e+01         g        23         7
      543   -1.135618e+01         h        23         7
      544   -1.483764e+01         g        23         8
      545   -1.234153e+02         h        23         8
      546   -3.063891e+01         g        23         9
      547   -2.541628e+01         h        23         9
      548    3.521469e+01         g        23        10
      549    5.538340e+00         h        23        10
      550   -5.567487e+00         g        23        11
      551   -4.523529e+01         h        23        11
      552   -8.623923e+00         g        23        12
      553   -2.069047e+01         h        23        12
      554    5.770451e+00         g        23        13
      555   -9.056389e+00         h        23        13
      556    1.132464e+01         g        23        14
      557   -1.339508e+01         h        23        14
      558   -1.258852e+01         g        23        15
      559   -8.179425e+00         h        23        15
      560    1.147215e+01         g        23        16
      561   -3.534486e+00         h        23        16
      562   -2.912437e+00         g        23        17
      563   -7.929888e+00         h        23        17
      564    7.698394e+00         g        23        18
      565    9.390763e+00         h        23        18
      566    6.223575e+00         g        23        19
      567    1.938738e+00         h        23        19
      568    1.024935e+01         g        23        20
      569   -1.930864e-01         h        23        20
      570   -3.378196e-01         g        23        21
      571   -1.414907e+00         h        23        21
      572    3.120917e+00         g        23        22
      573    2.384963e+00         h        23        22
      574   -6.604650e+00         g        23        23
      575    8.830625e+00         h        23        23
      576    2.473965e+01         g        24         0
      577    6.567179e+01         g        24         1
      578    2.582504e+00         h        24         1
      579   -5.454635e+01         g        24         2
      580   -2.152559e+01         h        24         2
      581    7.948242e-01         g        24         3
      582   -8.950988e+01         h        24         3
      583   -9.819842e+01         g        24         4
      584   -1.656733e+01         h        24         4
      585   -1.065199e+02         g        24         5
      586    3.281985e+00         h        24         5
      587    1.862753e+01         g        24         6
      588   -3.899375e+00         h        24         6
      589    5.532930e-01         g        24         7
      590   -1.433695e+01         h        24         7
      591   -9.507923e+01         g        24         8
      592   -2.722602e+01         h        24         8
      593   -4.083675e+01         g        24         9
      594    4.749027e+01         h        24         9
      595    1.913290e+01         g        24        10
      596    1.550739e+01         h        24        10
      597   -3.469710e+01         g        24        11
      598   -9.569613e+00         h        24        11
      599   -3.158519e+01         g        24        12
      600    3.765638e+01         h        24        12
      601    1.455358e+01         g        24        13
      602   -2.634436e+00         h        24        13
      603   -2.017830e+01         g        24        14
      604   -2.535727e-01         h        24        14
      605   -9.728973e+00         g        24        15
      606    1.607701e+01         h        24        15
      607   -6.377789e-01         g        24        16
      608    2.686114e+00         h        24        16
      609   -3.995366e+00         g        24        17
      610   -3.955177e+00         h        24        17
      611   -5.008498e+00         g        24        18
      612    9.003273e+00         h        24        18
      613    5.285536e+00         g        24        19
      614    3.992701e+00         h        24        19
      615    4.369180e+00         g        24        20
      616   -1.339159e+00         h        24        20
      617    2.436722e+00         g        24        21
      618   -5.773626e+00         h        24        21
      619    4.199760e-01         g        24        22
      620   -7.298672e-01         h        24        22
      621    2.668136e+00         g        24        23
      622   -1.805084e+00         h        24        23
      623    6.082345e+00         g        24        24
      624    4.844825e+00         h        24        24
      625    5.244399e+01         g        25         0
      626    5.870961e+01         g        25         1
      627    7.148814e+01         h        25         1
      628   -2.795104e+01         g        25         2
      629   -3.389371e+01         h        25         2
      630   -5.049785e+00         g        25         3
      631   -3.906376e+01         h        25         3
      632   -5.206226e+01         g        25         4
      633    4.704886e+01         h        25         4
      634   -2.847684e+01         g        25         5
      635    3.659616e+01         h        25         5
      636    2.422559e+01         g        25         6
      637   -4.224219e+00         h        25         6
      638   -4.036804e+00         g        25         7
      639    4.416182e+00         h        25         7
      640   -4.047107e+01         g        25         8
      641    3.583198e+01         h        25         8
      642    1.125658e+01         g        25         9
      643    7.195744e+01         h        25         9
      644    3.806850e+01         g        25        10
      645   -6.183112e-01         h        25        10
      646   -8.897357e+00         g        25        11
      647    2.603335e+01         h        25        11
      648    4.944231e+00         g        25        12
      649    4.592492e+01         h        25        12
      650    2.907155e+01         g        25        13
      651    5.166837e+00         h        25        13
      652   -8.595643e+00         g        25        14
      653    4.909100e+00         h        25        14
      654    6.715763e+00         g        25        15
      655    3.069719e+01         h        25        15
      656    1.070897e+01         g        25        16
      657    4.794278e+00         h        25        16
      658    1.444965e+00         g        25        17
      659    5.044574e+00         h        25        17
      660    1.808488e+00         g        25        18
      661    8.523145e+00         h        25        18
      662    6.045080e+00         g        25        19
      663    8.260039e+00         h        25        19
      664    5.346526e+00         g        25        20
      665   -4.823082e-01         h        25        20
      666    1.047744e+00         g        25        21
      667   -3.156303e+00         h        25        21
      668   -1.685979e+00         g        25        22
      669   -3.185419e+00         h        25        22
      670   -5.363456e-01         g        25        23
      671   -1.277384e+00         h        25        23
      672   -8.298152e-01         g        25        24
      673   -2.487027e+00         h        25        24
      674    3.580586e+00         g        25        25
      675   -4.335753e+00         h        25        25
      676    6.318849e+01         g        26         0
      677    1.927727e+01         g        26         1
      678    3.248512e+01         h        26         1
      679    1.887318e+01         g        26         2
      680   -2.338585e+01         h        26         2
      681    1.947450e+00         g        26         3
      682   -1.484919e+01         h        26         3
      683    1.875561e+01         g        26         4
      684    1.964208e+01         h        26         4
      685    3.808007e+01         g        26         5
      686   -1.251624e+00         h        26         5
      687    1.638182e+01         g        26         6
      688   -3.562290e+01         h        26         6
      689   -5.623268e+00         g        26         7
      690   -2.059843e+01         h        26         7
      691    2.203943e+01         g        26         8
      692    2.315369e+01         h        26         8
      693    2.581666e+01         g        26         9
      694    1.392423e+01         h        26         9
      695    3.295699e+01         g        26        10
      696   -3.314839e+01         h        26        10
      697    3.131153e+00         g        26        11
      698    7.089423e+00         h        26        11
      699    3.024310e+01         g        26        12
      700    1.167133e+01         h        26        12
      701    1.733608e+01         g        26        13
      702   -1.599899e+01         h        26        13
      703    2.833649e+00         g        26        14
      704   -2.242624e+00         h        26        14
      705    1.565460e+01         g        26        15
      706    1.089644e+01         h        26        15
      707    1.418557e+01         g        26        16
      708   -3.885519e+00         h        26        16
      709    5.171769e+00         g        26        17
      710   -2.108934e+00         h        26        17
      711    7.348459e+00         g        26        18
      712    9.159179e-01         h        26        18
      713    6.521856e+00         g        26        19
      714    9.466645e-01         h        26        19
      715    6.125970e+00         g        26        20
      716   -8.118834e-01         h        26        20
      717    1.790988e+00         g        26        21
      718   -4.198695e+00         h        26        21
      719   -9.317694e-01         g        26        22
      720   -2.035487e+00         h        26        22
      721   -2.361806e+00         g        26        23
      722   -3.102824e-01         h        26        23
      723   -1.548427e+00         g        26        24
      724    3.289805e-01         h        26        24
      725   -2.212910e+00         g        26        25
      726    6.800572e-02         h        26        25
      727   -3.091622e+00         g        26        26
      728   -2.498589e+00         h        26        26
      729    1.801537e+01         g        27         0
      730   -1.980070e+01         g        27         1
      731   -2.336503e+01         h        27         1
      732    9.569301e+00         g        27         2
      733    2.992852e+00         h        27         2
      734   -1.338762e+01         g        27         3
      735   -6.655186e+00         h        27         3
      736    2.431961e+01         g        27         4
      737   -1.585802e+01         h        27         4
      738    2.860064e+01         g        27         5
      739   -3.097425e+01         h        27         5
      740   -2.548062e+01         g        27         6
      741   -3.248258e+01         h        27         6
      742   -2.127635e+01         g        27         7
      743   -2.650382e+01         h        27         7
      744    1.820880e+01         g        27         8
      745    6.187611e+00         h        27         8
      746    4.554641e-01         g        27         9
      747   -2.979947e+01         h        27         9
      748   -1.224547e+01         g        27        10
      749   -2.715285e+01         h        27        10
      750   -6.155623e+00         g        27        11
      751   -1.004614e+01         h        27        11
      752    1.105997e+01         g        27        12
      753   -1.080420e+01         h        27        12
      754   -1.044194e+01         g        27        13
      755   -2.183604e+01         h        27        13
      756   -6.383085e+00         g        27        14
      757   -2.257795e+00         h        27        14
      758    8.768500e+00         g        27        15
      759   -6.512163e+00         h        27        15
      760   -1.109178e+00         g        27        16
      761   -9.227432e+00         h        27        16
      762    1.162018e-01         g        27        17
      763   -4.297791e+00         h        27        17
      764    8.708946e-01         g        27        18
      765   -6.040193e+00         h        27        18
      766    1.114641e+00         g        27        19
      767   -3.592644e+00         h        27        19
      768    7.713584e-01         g        27        20
      769   -2.543684e+00         h        27        20
      770    1.263522e+00         g        27        21
      771   -4.508037e+00         h        27        21
      772   -2.231990e+00         g        27        22
      773   -2.879683e+00         h        27        22
      774   -1.402994e+00         g        27        23
      775   -3.373089e-01         h        27        23
      776   -1.047513e+00         g        27        24
      777    1.617164e+00         h        27        24
      778    5.445962e-02         g        27        25
      779    1.447222e+00         h        27        25
      780   -4.419416e-01         g        27        26
      781    1.939441e+00         h        27        26
      782   -1.625775e+00         g        27        27
      783    2.048464e+00         h        27        27
      784   -2.855523e+01         g        28         0
      785   -2.929176e+01         g        28         1
      786   -1.682054e+01         h        28         1
      787   -8.430949e+00         g        28         2
      788    2.798112e+01         h        28         2
      789   -1.807775e+01         g        28         3
      790    1.302133e+01         h        28         3
      791    7.719689e+00         g        28         4
      792   -9.979060e+00         h        28         4
      793    4.962619e+00         g        28         5
      794   -9.799694e+00         h        28         5
      795   -3.582565e+01         g        28         6
      796    3.555192e+00         h        28         6
      797   -1.298518e+01         g        28         7
      798    5.154794e+00         h        28         7
      799    9.483357e-01         g        28         8
      800    5.947931e+00         h        28         8
      801   -9.509326e+00         g        28         9
      802   -1.705743e+01         h        28         9
      803   -3.354206e+01         g        28        10
      804    4.369557e+00         h        28        10
      805   -5.172494e+00         g        28        11
      806    2.466518e+00         h        28        11
      807   -7.065575e+00         g        28        12
      808   -9.352967e+00         h        28        12
      809   -2.084871e+01         g        28        13
      810   -4.453266e-02         h        28        13
      811   -8.088955e+00         g        28        14
      812    6.539693e+00         h        28        14
      813    6.448288e-01         g        28        15
      814   -5.543276e+00         h        28        15
      815   -9.720782e+00         g        28        16
      816   -3.312644e+00         h        28        16
      817   -4.092173e+00         g        28        17
      818    3.372135e+00         h        28        17
      819   -2.526911e+00         g        28        18
      820   -4.210841e+00         h        28        18
      821   -4.377943e+00         g        28        19
      822   -2.943708e-01         h        28        19
      823   -1.960208e+00         g        28        20
      824   -5.301805e-01         h        28        20
      825   -1.334789e+00         g        28        21
      826   -1.400866e+00         h        28        21
      827   -2.851251e+00         g        28        22
      828   -2.418030e+00         h        28        22
      829   -2.222640e+00         g        28        23
      830    5.203640e-01         h        28        23
      831   -6.523763e-01         g        28        24
      832    7.783524e-01         h        28        24
      833    9.334903e-01         g        28        25
      834    1.131094e+00         h        28        25
      835    1.108679e+00         g        28        26
      836    1.540562e-01         h        28        26
      837    1.565816e+00         g        28        27
      838    6.113466e-01         h        28        27
      839    1.201461e+00         g        28        28
      840    9.876092e-01         h        28        28
      841   -2.721262e+01         g        29         0
      842   -1.296124e+01         g        29         1
      843    9.663966e+00         h        29         1
      844   -3.517666e-01         g        29         2
      845    2.377537e+01         h        29         2
      846   -1.804284e+00         g        29         3
      847    1.543552e+01         h        29         3
      848    7.121238e+00         g        29         4
      849    3.494301e+00         h        29         4
      850    2.485718e+00         g        29         5
      851    9.426040e+00         h        29         5
      852   -3.922718e+00         g        29         6
      853    1.952562e+01         h        29         6
      854    1.052623e+01         g        29         7
      855    2.032944e+01         h        29         7
      856    4.206344e+00         g        29         8
      857   -1.141110e+00         h        29         8
      858    1.343844e+00         g        29         9
      859    2.198981e+00         h        29         9
      860   -1.271492e+01         g        29        10
      861    1.671539e+01         h        29        10
      862    5.656866e+00         g        29        11
      863    9.167871e+00         h        29        11
      864   -2.406833e+00         g        29        12
      865   -5.256527e+00         h        29        12
      866   -9.802404e+00         g        29        13
      867    1.338527e+01         h        29        13
      868    4.121536e+00         g        29        14
      869    8.245617e+00         h        29        14
      870   -4.294758e-01         g        29        15
      871   -3.922034e+00         h        29        15
      872   -4.949223e+00         g        29        16
      873    3.052220e+00         h        29        16
      874   -5.384201e-01         g        29        17
      875    5.237994e+00         h        29        17
      876    1.068204e-01         g        29        18
      877   -2.064442e-01         h        29        18
      878   -3.037745e+00         g        29        19
      879    1.121649e+00         h        29        19
      880   -2.294716e-01         g        29        20
      881    2.158842e+00         h        29        20
      882   -1.131467e+00         g        29        21
      883    4.647094e-01         h        29        21
      884   -1.452097e+00         g        29        22
      885    2.230127e-01         h        29        22
      886   -1.988573e+00         g        29        23
      887    9.694726e-01         h        29        23
      888   -2.357471e-01         g        29        24
      889    1.361211e+00         h        29        24
      890    1.652382e-01         g        29        25
      891    5.534654e-01         h        29        25
      892    8.318108e-01         g        29        26
      893   -4.733583e-01         h        29        26
      894    1.372239e-01         g        29        27
      895   -8.243359e-01         h        29        27
      896    5.736274e-01         g        29        28
      897   -1.182501e+00         h        29        28
      898    5.682496e-01         g        29        29
      899   -6.085723e-01         h        29        29
      900   -3.951311e+00         g        30         0
      901    2.642385e+00         g        30         1
      902    1.100121e+01         h        30         1
      903    5.147095e+00         g        30         2
      904   -1.607037e+00         h        30         2
      905    8.184130e+00         g        30         3
      906   -2.499302e+00         h        30         3
      907    3.126357e+00         g        30         4
      908    2.577034e+00         h        30         4
      909    1.845306e+00         g        30         5
      910    2.161457e+00         h        30         5
      911    1.686190e+01         g        30         6
      912    7.833451e+00         h        30         6
      913    1.438939e+01         g        30         7
      914    6.013681e+00         h        30         7
      915    3.968539e+00         g        30         8
      916   -1.165114e+01         h        30         8
      917    5.461397e+00         g        30         9
      918    1.017805e+00         h        30         9
      919    6.593783e+00         g        30        10
      920    6.482451e+00         h        30        10
      921    6.866774e+00         g        30        11
      922   -1.750319e+00         h        30        11
      923    1.198914e+00         g        30        12
      924   -5.509054e+00         h        30        12
      925    1.888611e+00         g        30        13
      926    6.398057e+00         h        30        13
      927    8.657310e+00         g        30        14
      928    2.663770e-01         h        30        14
      929   -1.391549e+00         g        30        15
      930   -6.466639e+00         h        30        15
      931   -8.402539e-01         g        30        16
      932    2.590812e+00         h        30        16
      933    3.054643e+00         g        30        17
      934    8.116648e-02         h        30        17
      935   -3.777677e-02         g        30        18
      936   -5.551313e-01         h        30        18
      937    1.803222e-01         g        30        19
      938   -5.851113e-01         h        30        19
      939    1.844456e-01         g        30        20
      940    6.990720e-01         h        30        20
      941    4.973012e-01         g        30        21
      942    2.308340e-01         h        30        21
      943   -1.977839e-01         g        30        22
      944    8.203247e-01         h        30        22
      945   -7.669027e-03         g        30        23
      946    5.257246e-01         h        30        23
      947   -5.370372e-02         g        30        24
      948    1.291123e+00         h        30        24
      949    5.042901e-01         g        30        25
      950    4.663032e-01         h        30        25
      951    2.072658e-01         g        30        26
      952    2.086990e-01         h        30        26
      953   -3.789576e-01         g        30        27
      954   -5.692231e-01         h        30        27
      955   -5.775011e-01         g        30        28
      956   -9.171874e-02         h        30        28
      957   -8.430748e-01         g        30        29
      958   -4.702555e-01         h        30        29
      959   -2.369799e-01         g        30        30
      960   -3.086799e-01         h        30        30
      961    7.085080e+00         g        31         0
      962    4.329622e+00         g        31         1
      963    1.911289e+00         h        31         1
      964   -3.428225e+00         g        31         2
      965   -1.736238e+01         h        31         2
      966    3.328961e+00         g        31         3
      967   -9.099690e+00         h        31         3
      968   -7.703661e+00         g        31         4
      969    2.849303e-01         h        31         4
      970   -4.497207e+00         g        31         5
      971   -4.323077e+00         h        31         5
      972    9.620407e+00         g        31         6
      973   -2.111209e+00         h        31         6
      974    1.209597e+00         g        31         7
      975   -4.137776e+00         h        31         7
      976   -5.485647e+00         g        31         8
      977   -7.924187e+00         h        31         8
      978   -4.131280e-01         g        31         9
      979   -8.498456e-01         h        31         9
      980    5.504863e+00         g        31        10
      981   -2.374204e+00         h        31        10
      982   -6.488349e-01         g        31        11
      983   -6.199791e+00         h        31        11
      984   -4.218101e+00         g        31        12
      985   -2.356759e+00         h        31        12
      986    4.245033e+00         g        31        13
      987   -7.074947e-01         h        31        13
      988    1.807100e+00         g        31        14
      989   -4.993867e+00         h        31        14
      990   -4.695764e+00         g        31        15
      991   -3.316857e+00         h        31        15
      992   -7.729579e-01         g        31        16
      993    1.037763e+00         h        31        16
      994    1.420825e+00         g        31        17
      995   -2.329577e+00         h        31        17
      996   -2.508317e+00         g        31        18
      997   -9.176019e-01         h        31        18
      998    8.119235e-02         g        31        19
      999   -2.379167e-01         h        31        19
     1000   -9.546823e-01         g        31        20
     1001   -1.311518e+00         h        31        20
     1002   -5.102935e-02         g        31        21
     1003    5.047146e-01         h        31        21
     1004    1.915292e-01         g        31        22
     1005   -1.034444e-01         h        31        22
     1006    5.102032e-01         g        31        23
     1007   -2.363594e-02         h        31        23
     1008   -4.348830e-02         g        31        24
     1009    3.028085e-02         h        31        24
     1010    6.194000e-01         g        31        25
     1011    4.812811e-01         h        31        25
     1012    3.115845e-01         g        31        26
     1013    6.958966e-02         h        31        26
     1014    1.963486e-01         g        31        27
     1015    1.956731e-02         h        31        27
     1016   -3.376904e-01         g        31        28
     1017    3.431618e-01         h        31        28
     1018   -6.155867e-02         g        31        29
     1019    3.721083e-01         h        31        29
     1020   -3.314564e-01         g        31        30
     1021    5.733964e-01         h        31        30
     1022   -1.540199e-01         g        31        31
     1023    3.605109e-02         h        31        31
     1024    5.918179e+00         g        32         0
     1025    2.053322e-01         g        32         1
     1026   -6.261207e-01         h        32         1
     1027   -6.143089e+00         g        32         2
     1028   -1.292735e+01         h        32         2
     1029   -1.326068e+00         g        32         3
     1030   -5.402774e-01         h        32         3
     1031   -6.905921e+00         g        32         4
     1032    1.894758e+00         h        32         4
     1033   -4.971215e+00         g        32         5
     1034   -2.893145e-01         h        32         5
     1035   -2.570513e-01         g        32         6
     1036   -1.107678e+00         h        32         6
     1037   -5.085795e+00         g        32         7
     1038   -9.252057e-01         h        32         7
     1039   -5.911308e+00         g        32         8
     1040    3.367699e+00         h        32         8
     1041   -2.566195e+00         g        32         9
     1042    3.316868e+00         h        32         9
     1043    1.710485e+00         g        32        10
     1044   -2.167814e+00         h        32        10
     1045   -3.360685e+00         g        32        11
     1046    7.123865e-01         h        32        11
     1047   -4.173059e+00         g        32        12
     1048    3.350711e+00         h        32        12
     1049    3.284820e+00         g        32        13
     1050   -1.937880e-01         h        32        13
     1051   -2.187384e+00         g        32        14
     1052   -2.885049e+00         h        32        14
     1053   -4.140839e+00         g        32        15
     1054    3.489716e+00         h        32        15
     1055    1.043372e+00         g        32        16
     1056    1.682574e+00         h        32        16
     1057   -5.080901e-01         g        32        17
     1058   -1.058228e+00         h        32        17
     1059   -1.871120e+00         g        32        18
     1060    1.418701e+00         h        32        18
     1061   -1.512286e-01         g        32        19
     1062    1.311332e+00         h        32        19
     1063   -6.001993e-01         g        32        20
     1064   -4.839072e-01         h        32        20
     1065   -7.644574e-01         g        32        21
     1066    1.108062e+00         h        32        21
     1067    5.128403e-01         g        32        22
     1068    1.451556e-01         h        32        22
     1069   -1.565073e-01         g        32        23
     1070   -1.578133e-01         h        32        23
     1071   -1.501409e-01         g        32        24
     1072   -2.962038e-01         h        32        24
     1073   -8.329946e-03         g        32        25
     1074    2.689356e-01         h        32        25
     1075    4.659087e-01         g        32        26
     1076   -1.687436e-01         h        32        26
     1077    2.453727e-01         g        32        27
     1078   -1.362932e-01         h        32        27
     1079    1.728600e-01         g        32        28
     1080   -1.131722e-01         h        32        28
     1081    3.111095e-01         g        32        29
     1082    1.568548e-01         h        32        29
     1083    2.565044e-01         g        32        30
     1084    5.398345e-02         h        32        30
     1085    3.721226e-01         g        32        31
     1086    2.093594e-01         h        32        31
     1087   -6.009485e-02         g        32        32
     1088    6.598770e-02         h        32        32
     1089    2.366547e+00         g        33         0
     1090   -1.577424e+00         g        33         1
     1091   -2.244807e+00         h        33         1
     1092    4.770775e-01         g        33         2
     1093   -2.097577e+00         h        33         2
     1094   -1.287724e-01         g        33         3
     1095    3.425019e+00         h        33         3
     1096    2.396193e+00         g        33         4
     1097    2.607478e-01         h        33         4
     1098   -2.109899e-01         g        33         5
     1099    8.343713e-01         h        33         5
     1100   -2.187655e+00         g        33         6
     1101    1.008244e-01         h        33         6
     1102   -1.375360e+00         g        33         7
     1103    3.843855e-01         h        33         7
     1104    1.424681e+00         g        33         8
     1105    6.237012e+00         h        33         8
     1106    3.864816e-02         g        33         9
     1107    2.232113e+00         h        33         9
     1108    2.451333e+00         g        33        10
     1109   -1.003534e+00         h        33        10
     1110    1.230931e-01         g        33        11
     1111    3.429618e+00         h        33        11
     1112    1.983789e+00         g        33        12
     1113    4.025845e+00         h        33        12
     1114    2.918551e+00         g        33        13
     1115   -7.409416e-01         h        33        13
     1116   -4.520219e-01         g        33        14
     1117   -2.119450e-01         h        33        14
     1118    6.219356e-01         g        33        15
     1119    4.619832e+00         h        33        15
     1120    3.382867e+00         g        33        16
     1121    8.164947e-01         h        33        16
     1122    5.369767e-02         g        33        17
     1123   -7.649843e-01         h        33        17
     1124    7.292082e-01         g        33        18
     1125    2.266077e+00         h        33        18
     1126    1.371637e+00         g        33        19
     1127    7.058380e-01         h        33        19
     1128    5.311090e-01         g        33        20
     1129    3.445195e-01         h        33        20
     1130    2.294727e-01         g        33        21
     1131    5.637087e-01         h        33        21
     1132    7.635103e-01         g        33        22
     1133    5.210523e-01         h        33        22
     1134   -1.919740e-02         g        33        23
     1135   -7.039964e-02         h        33        23
     1136   -7.679658e-02         g        33        24
     1137    1.319405e-01         h        33        24
     1138   -1.785752e-01         g        33        25
     1139    1.329771e-01         h        33        25
     1140    2.572497e-01         g        33        26
     1141    2.414926e-02         h        33        26
     1142    3.611987e-02         g        33        27
     1143   -3.228002e-01         h        33        27
     1144    3.645553e-02         g        33        28
     1145   -2.782910e-01         h        33        28
     1146   -2.075953e-02         g        33        29
     1147   -2.541490e-01         h        33        29
     1148    7.699153e-02         g        33        30
     1149   -2.494465e-01         h        33        30
     1150    4.796388e-02         g        33        31
     1151   -1.882242e-01         h        33        31
     1152    1.207269e-01         g        33        32
     1153   -2.274804e-01         h        33        32
     1154    2.596744e-02         g        33        33
     1155    9.898988e-02         h        33        33
     1156   -2.372871e+00         g        34         0
     1157    4.685944e-01         g        34         1
     1158   -3.506543e+00         h        34         1
     1159    3.423144e+00         g        34         2
     1160    4.980460e+00         h        34         2
     1161    1.321849e+00         g        34         3
     1162   -2.238543e-01         h        34         3
     1163    4.164325e+00         g        34         4
     1164   -2.548499e+00         h        34         4
     1165    1.051722e+00         g        34         5
     1166   -2.401115e-01         h        34         5
     1167   -2.521982e+00         g        34         6
     1168   -4.165435e-01         h        34         6
     1169    1.239992e+00         g        34         7
     1170   -1.696890e+00         h        34         7
     1171    2.385108e+00         g        34         8
     1172    1.040546e+00         h        34         8
     1173    1.872202e-01         g        34         9
     1174   -1.817852e+00         h        34         9
     1175    1.401232e-01         g        34        10
     1176   -7.801629e-01         h        34        10
     1177    1.767984e+00         g        34        11
     1178   -3.049434e-01         h        34        11
     1179    2.904216e+00         g        34        12
     1180    1.214205e-01         h        34        12
     1181    2.940752e-01         g        34        13
     1182   -2.350168e+00         h        34        13
     1183   -1.588180e-01         g        34        14
     1184    3.995408e-02         h        34        14
     1185    3.026888e+00         g        34        15
     1186    8.965536e-01         h        34        15
     1187    1.633996e+00         g        34        16
     1188   -1.716405e+00         h        34        16
     1189   -1.484406e-01         g        34        17
     1190   -8.247628e-01         h        34        17
     1191    1.461936e+00         g        34        18
     1192    2.833015e-01         h        34        18
     1193    1.303288e+00         g        34        19
     1194   -9.979762e-01         h        34        19
     1195    2.821753e-01         g        34        20
     1196   -2.314070e-01         h        34        20
     1197    7.822807e-01         g        34        21
     1198   -4.598357e-01         h        34        21
     1199    3.664445e-01         g        34        22
     1200   -1.519819e-01         h        34        22
     1201    3.150819e-01         g        34        23
     1202   -8.676377e-02         h        34        23
     1203    1.517845e-01         g        34        24
     1204    2.523673e-03         h        34        24
     1205    3.089802e-02         g        34        25
     1206   -4.226106e-02         h        34        25
     1207    9.711313e-02         g        34        26
     1208    9.304881e-02         h        34        26
     1209    5.053976e-02         g        34        27
     1210   -1.624985e-01         h        34        27
     1211   -1.349349e-01         g        34        28
     1212   -1.328676e-01         h        34        28
     1213   -2.407381e-01         g        34        29
     1214   -1.315267e-01         h        34        29
     1215   -2.379832e-01         g        34        30
     1216   -1.719023e-02         h        34        30
     1217   -1.827014e-01         g        34        31
     1218   -4.598867e-02         h        34        31
     1219   -1.323240e-01         g        34        32
     1220   -3.555982e-02         h        34        32
     1221   -1.252542e-01         g        34        33
     1222   -6.321822e-02         h        34        33
     1223    1.030467e-01         g        34        34
     1224   -1.516068e-02         h        34        34
     1225   -3.117550e+00         g        35         0
     1226    1.654871e+00         g        35         1
     1227   -1.272564e+00         h        35         1
     1228    1.233243e+00         g        35         2
     1229    4.396475e+00         h        35         2
     1230    8.004122e-01         g        35         3
     1231   -1.428894e+00         h        35         3
     1232    5.267141e-01         g        35         4
     1233   -1.414363e+00         h        35         4
     1234   -6.585957e-02         g        35         5
     1235    8.419392e-01         h        35         5
     1236   -1.567350e+00         g        35         6
     1237    1.767175e-01         h        35         6
     1238    5.078582e-01         g        35         7
     1239   -9.705897e-01         h        35         7
     1240   -5.964718e-01         g        35         8
     1241   -1.696763e+00         h        35         8
     1242   -8.700535e-01         g        35         9
     1243   -1.220339e+00         h        35         9
     1244   -2.272773e+00         g        35        10
     1245    3.260118e-01         h        35        10
     1246    3.748550e-01         g        35        11
     1247   -1.561365e+00         h        35        11
     1248   -1.784710e-01         g        35        12
     1249   -1.468668e+00         h        35        12
     1250   -2.100894e+00         g        35        13
     1251   -7.236301e-01         h        35        13
     1252   -1.045811e+00         g        35        14
     1253    2.871929e-01         h        35        14
     1254    1.444275e+00         g        35        15
     1255   -9.355631e-01         h        35        15
     1256   -1.108981e+00         g        35        16
     1257   -1.753037e+00         h        35        16
     1258   -1.079400e+00         g        35        17
     1259    3.245208e-01         h        35        17
     1260    5.993786e-01         g        35        18
     1261   -8.373940e-01         h        35        18
     1262   -3.992605e-01         g        35        19
     1263   -1.066155e+00         h        35        19
     1264   -4.595274e-01         g        35        20
     1265   -1.951818e-01         h        35        20
     1266    1.216310e-01         g        35        21
     1267   -5.385245e-01         h        35        21
     1268   -2.376062e-01         g        35        22
     1269   -4.960001e-01         h        35        22
     1270    2.347768e-02         g        35        23
     1271   -7.211221e-02         h        35        23
     1272    1.224629e-01         g        35        24
     1273   -2.604496e-01         h        35        24
     1274   -4.806801e-02         g        35        25
     1275   -2.417978e-01         h        35        25
     1276    3.844319e-03         g        35        26
     1277   -2.144341e-02         h        35        26
     1278    8.948775e-02         g        35        27
     1279   -5.263467e-02         h        35        27
     1280   -3.499766e-02         g        35        28
     1281   -4.993186e-02         h        35        28
     1282   -1.546584e-01         g        35        29
     1283    4.525431e-02         h        35        29
     1284   -1.396607e-01         g        35        30
     1285    1.917567e-01         h        35        30
     1286   -4.185387e-02         g        35        31
     1287    1.806994e-01         h        35        31
     1288   -3.341735e-02         g        35        32
     1289    1.323436e-01         h        35        32
     1290   -2.620851e-02         g        35        33
     1291    8.857272e-02         h        35        33
     1292   -3.287243e-02         g        35        34
     1293    5.987199e-02         h        35        34
     1294   -1.635601e-02         g        35        35
     1295   -8.560304e-02         h        35        35