      IND             SHC     g | h         n         m
        1    8.021779e+05         g         1         0
        2   -1.392395e+05         g         1         1
        3    4.064296e+04         h         1         1
        4    2.976320e+04         g         2         0
        5   -1.386400e+05         g         2         1
        6   -1.045538e+05         h         2         1
        7    1.173106e+05         g         2         2
        8    5.005026e+04         h         2         2
        9    8.903992e+03         g         3         0
       10   -1.138612e+05         g         3         1
       11   -9.990751e+04         h         3         1
       12    4.633389e+04         g         3         2
       13    1.294627e+05         h         3         2
       14   -3.924283e+03         g         3         3
       15   -8.383897e+04         h         3         3
       16   -1.282428e+05         g         4         0
       17   -3.195004e+04         g         4         1
       18    1.207195e+05         h         4         1
       19   -1.016563e+04         g         4         2
       20    1.062867e+05         h         4         2
       21   -4.106538e+04         g         4         3
       22   -3.077293e+03         h         4         3
       23   -6.849193e+04         g         4         4
       24   -5.852119e+03         h         4         4
       25   -9.015707e+04         g         5         0
       26    2.070289e+04         g         5         1
       27    2.210071e+05         h         5         1
       28    7.846928e+04         g         5         2
       29   -6.377453e+03         h         5         2
       30   -8.319566e+04         g         5         3
       31    2.774159e+04         h         5         3
       32   -1.240077e+04         g         5         4
       33    5.017644e+04         h         5         4
       34   -2.438571e+04         g         5         5
       35    4.784308e+04         h         5         5
       36   -1.167058e+05         g         6         0
       37    5.429052e+04         g         6         1
       38    7.437202e+04         h         6         1
       39    7.227514e+04         g         6         2
       40   -5.386882e+04         h         6         2
       41   -7.385979e+04         g         6         3
       42   -3.042177e+03         h         6         3
       43    1.474266e+04         g         6         4
       44    8.255329e+04         h         6         4
       45    8.270415e+03         g         6         5
       46   -2.146132e+04         h         6         5
       47    4.753006e+04         g         6         6
       48    2.923857e+04         h         6         6
       49   -1.142792e+04         g         7         0
       50    4.536604e+04         g         7         1
       51   -4.319992e+04         h         7         1
       52   -5.024429e+04         g         7         2
       53   -9.319604e+04         h         7         2
       54   -1.322749e+04         g         7         3
       55    1.411357e+04         h         7         3
       56   -5.112925e+04         g         7         4
       57    4.083642e+04         h         7         4
       58    2.547106e+04         g         7         5
       59   -4.991569e+04         h         7         5
       60   -1.765593e+04         g         7         6
       61   -1.467651e+04         h         7         6
       62    2.847498e+04         g         7         7
       63   -4.280095e+04         h         7         7
       64    1.239586e+05         g         8         0
       65    1.242570e+03         g         8         1
       66   -3.800473e+04         h         8         1
       67   -6.903610e+04         g         8         2
       68   -1.087306e+05         h         8         2
       69    1.349154e+03         g         8         3
       70    9.414659e+04         h         8         3
       71   -4.477002e+04         g         8         4
       72   -1.613790e+04         h         8         4
       73   -1.607913e+04         g         8         5
       74    2.217716e+04         h         8         5
       75   -4.009668e+04         g         8         6
       76   -3.074944e+04         h         8         6
       77   -1.276293e+04         g         8         7
       78    8.698776e+03         h         8         7
       79   -2.882314e+04         g         8         8
       80   -2.989740e+04         h         8         8
       81    8.248327e+04         g         9         0
       82   -2.630499e+04         g         9         1
       83   -7.559460e+04         h         9         1
       84    1.372174e+04         g         9         2
       85   -2.349315e+04         h         9         2
       86    8.473016e+03         g         9         3
       87    7.286789e+04         h         9         3
       88    4.145597e+04         g         9         4
       89   -1.410725e+04         h         9         4
       90   -3.233634e+04         g         9         5
       91    4.115890e+04         h         9         5
       92    1.868516e+04         g         9         6
       93   -2.182230e+03         h         9         6
       94   -1.875033e+04         g         9         7
       95    2.175336e+04         h         9         7
       96    1.675368e+04         g         9         8
       97    9.621255e+03         h         9         8
       98   -2.766068e+04         g         9         9
       99    2.139666e+04         h         9         9
      100   -6.822023e+03         g        10         0
      101    1.262280e+04         g        10         1
      102   -9.295120e+04         h        10         1
      103    2.668066e+04         g        10         2
      104    8.187360e+04         h        10         2
      105    6.052931e+04         g        10         3
      106   -3.355523e+04         h        10         3
      107    5.790287e+04         g        10         4
      108   -2.215829e+04         h        10         4
      109    5.803320e+03         g        10         5
      110   -5.238902e+03         h        10         5
      111    2.847249e+04         g        10         6
      112   -1.159580e+04         h        10         6
      113    1.221642e+04         g        10         7
      114   -2.268967e+04         h        10         7
      115    3.681683e+04         g        10         8
      116    5.376655e+03         h        10         8
      117    1.277839e+04         g        10         9
      118   -1.046471e+04         h        10         9
      119    1.585102e+04         g        10        10
      120    2.463966e+04         h        10        10
      121    1.546376e+04         g        11         0
      122    6.382611e+04         g        11         1
      123    1.141709e+04         h        11         1
      124   -2.225379e+04         g        11         2
      125    8.984232e+04         h        11         2
      126    7.390696e+04         g        11         3
      127   -7.772090e+04         h        11         3
      128    5.995345e+03         g        11         4
      129   -5.597693e+04         h        11         4
      130    7.279706e+03         g        11         5
      131   -6.908217e+03         h        11         5
      132   -1.649446e+04         g        11         6
      133   -5.118839e+04         h        11         6
      134   -5.723165e+03         g        11         7
      135   -2.473553e+04         h        11         7
      136    1.501926e+04         g        11         8
      137   -3.407483e+04         h        11         8
      138    4.874518e+03         g        11         9
      139   -2.840502e+04         h        11         9
      140   -2.427909e+03         g        11        10
      141   -1.127462e+04         h        11        10
      142    1.864051e+04         g        11        11
      143   -9.136468e+03         h        11        11
      144    5.926622e+04         g        12         0
      145    4.360691e+04         g        12         1
      146    1.120636e+05         h        12         1
      147   -1.431234e+04         g        12         2
      148    3.948937e+04         h        12         2
      149    1.551984e+03         g        12         3
      150   -4.564918e+04         h        12         3
      151   -1.351383e+04         g        12         4
      152   -2.359802e+04         h        12         4
      153   -2.119642e+04         g        12         5
      154    2.279984e+04         h        12         5
      155   -2.240316e+04         g        12         6
      156   -2.777122e+04         h        12         6
      157   -4.605950e+04         g        12         7
      158    1.820067e+04         h        12         7
      159    1.231238e+04         g        12         8
      160   -2.159237e+04         h        12         8
      161   -3.151706e+04         g        12         9
      162   -1.409984e+04         h        12         9
      163   -1.697203e+04         g        12        10
      164   -6.718381e+02         h        12        10
      165   -1.433573e+04         g        12        11
      166   -1.577649e+02         h        12        11
      167   -4.228335e+03         g        12        12
      168   -1.339496e+04         h        12        12
      169    4.558488e+04         g        13         0
      170   -2.614642e+04         g        13         1
      171    9.234274e+04         h        13         1
      172    3.496171e+04         g        13         2
      173    1.347580e+04         h        13         2
      174   -5.603940e+04         g        13         3
      175   -1.229363e+04         h        13         3
      176    8.026614e+02         g        13         4
      177    5.308751e+04         h        13         4
      178    5.882892e+03         g        13         5
      179    8.095896e+03         h        13         5
      180    5.898968e+03         g        13         6
      181    2.828922e+04         h        13         6
      182   -2.284264e+04         g        13         7
      183    3.189947e+04         h        13         7
      184    3.284934e+04         g        13         8
      185    1.002751e+04         h        13         8
      186   -1.791707e+04         g        13         9
      187   -4.337979e+03         h        13         9
      188   -5.171291e+03         g        13        10
      189    3.044877e+04         h        13        10
      190   -7.251804e+03         g        13        11
      191    1.400751e+04         h        13        11
      192   -3.733248e+03         g        13        12
      193    1.404802e+04         h        13        12
      194   -1.000580e+04         g        13        13
      195    7.151509e+02         h        13        13
      196    3.690822e+04         g        14         0
      197   -7.593659e+04         g        14         1
      198    3.902173e+03         h        14         1
      199    3.751564e+04         g        14         2
      200   -2.288477e+03         h        14         2
      201   -4.497715e+04         g        14         3
      202    4.184166e+03         h        14         3
      203   -2.260112e+03         g        14         4
      204    5.485595e+04         h        14         4
      205    4.470400e+04         g        14         5
      206   -3.383953e+04         h        14         5
      207    3.995891e+03         g        14         6
      208    2.967851e+04         h        14         6
      209    2.219040e+04         g        14         7
      210    7.455575e+03         h        14         7
      211    2.691134e+04         g        14         8
      212   -8.839577e+03         h        14         8
      213    8.320488e+03         g        14         9
      214   -1.283409e+04         h        14         9
      215    1.036496e+04         g        14        10
      216    1.581806e+04         h        14        10
      217    1.438343e+04         g        14        11
      218    9.072253e+03         h        14        11
      219    8.304873e+03         g        14        12
      220    1.021508e+04         h        14        12
      221    9.786873e+03         g        14        13
      222    4.934925e+03         h        14        13
      223   -1.198596e+03         g        14        14
      224    6.938871e+03         h        14        14
      225    3.407652e+04         g        15         0
      226   -8.780811e+04         g        15         1
      227   -5.691871e+04         h        15         1
      228   -8.506254e+03         g        15         2
      229   -2.493439e+04         h        15         2
      230   -2.741997e+04         g        15         3
      231    1.831442e+04         h        15         3
      232   -2.064071e+04         g        15         4
      233   -1.883151e+03         h        15         4
      234    7.380702e+03         g        15         5
      235   -3.574535e+04         h        15         5
      236   -2.162697e+04         g        15         6
      237    9.765669e+03         h        15         6
      238    1.749528e+04         g        15         7
      239   -4.400893e+03         h        15         7
      240   -1.330051e+04         g        15         8
      241   -2.973858e+04         h        15         8
      242   -8.438070e+03         g        15         9
      243   -8.540034e+03         h        15         9
      244    6.149110e+03         g        15        10
      245   -8.765261e+03         h        15        10
      246    4.110251e+02         g        15        11
      247   -3.682452e+03         h        15        11
      248    6.834338e+03         g        15        12
      249   -3.711837e+03         h        15        12
      250    6.477919e+03         g        15        13
      251   -5.912706e+03         h        15        13
      252    5.524902e+03         g        15        14
      253   -6.428396e+03         h        15        14
      254    4.380053e+03         g        15        15
      255    1.933598e+03         h        15        15
      256   -1.712771e+04         g        16         0
      257   -6.656144e+04         g        16         1
      258   -3.984468e+04         h        16         1
      259   -3.375204e+04         g        16         2
      260   -2.246228e+04         h        16         2
      261   -2.190029e+04         g        16         3
      262    2.522533e+04         h        16         3
      263   -1.790003e+04         g        16         4
      264   -1.608258e+04         h        16         4
      265   -4.737077e+04         g        16         5
      266    5.778241e+03         h        16         5
      267   -1.431752e+04         g        16         6
      268    2.519085e+04         h        16         6
      269    2.929063e+03         g        16         7
      270    8.326290e+03         h        16         7
      271   -3.719557e+04         g        16         8
      272   -1.953155e+03         h        16         8
      273   -2.101923e+04         g        16         9
      274    2.012725e+04         h        16         9
      275    1.074972e+03         g        16        10
      276    9.224710e+02         h        16        10
      277   -1.662146e+04         g        16        11
      278    2.033620e+03         h        16        11
      279   -4.235957e+03         g        16        12
      280    8.045293e+03         h        16        12
      281   -4.538800e+03         g        16        13
      282   -6.140377e+03         h        16        13
      283   -3.321329e+03         g        16        14
      284   -4.427823e+03         h        16        14
      285   -3.358492e+03         g        16        15
      286   -5.794084e+03         h        16        15
      287    2.303117e+03         g        16        16
      288   -2.391960e+03         h        16        16
      289   -6.312791e+04         g        17         0
      290   -1.090411e+04         g        17         1
      291    2.753491e+04         h        17         1
      292   -4.486433e+03         g        17         2
      293   -4.277525e+03         h        17         2
      294    5.650480e+03         g        17         3
      295    8.944598e+03         h        17         3
      296    1.401445e+04         g        17         4
      297    9.997598e+02         h        17         4
      298   -3.346861e+04         g        17         5
      299    2.966305e+04         h        17         5
      300    2.787047e+04         g        17         6
      301    2.611691e+04         h        17         6
      302    1.819214e+04         g        17         7
      303    5.305200e+03         h        17         7
      304   -1.879655e+04         g        17         8
      305    2.214162e+04         h        17         8
      306    6.631378e+03         g        17         9
      307    3.244494e+04         h        17         9
      308    1.363051e+04         g        17        10
      309    6.524799e+03         h        17        10
      310   -3.364279e+03         g        17        11
      311    1.133879e+04         h        17        11
      312    1.884734e+03         g        17        12
      313    1.865694e+04         h        17        12
      314    2.219761e+03         g        17        13
      315    4.547075e+03         h        17        13
      316   -4.042289e+03         g        17        14
      317    3.331416e+03         h        17        14
      318   -2.200134e+03         g        17        15
      319    5.749070e+02         h        17        15
      320   -4.652969e+03         g        17        16
      321    1.245890e+03         h        17        16
      322   -9.554853e+02         g        17        17
      323   -2.205229e+03         h        17        17
      324   -3.695226e+04         g        18         0
      325    4.548667e+04         g        18         1
      326    5.770134e+04         h        18         1
      327    3.241448e+04         g        18         2
      328   -1.199167e+04         h        18         2
      329    2.836094e+04         g        18         3
      330   -2.591767e+04         h        18         3
      331    3.587116e+04         g        18         4
      332   -9.701343e+03         h        18         4
      333    2.961553e+03         g        18         5
      334    5.807693e+03         h        18         5
      335    4.301888e+04         g        18         6
      336   -2.038176e+04         h        18         6
      337    1.453190e+04         g        18         7
      338   -2.374831e+04         h        18         7
      339    3.433188e+03         g        18         8
      340    6.581403e+03         h        18         8
      341    2.402017e+04         g        18         9
      342    6.158877e+03         h        18         9
      343    1.600647e+04         g        18        10
      344   -1.568275e+04         h        18        10
      345    7.967450e+03         g        18        11
      346    6.422170e+02         h        18        11
      347    1.316608e+04         g        18        12
      348    3.773099e+03         h        18        12
      349    8.527875e+03         g        18        13
      350    7.832623e+02         h        18        13
      351    5.326437e+03         g        18        14
      352   -8.871477e+02         h        18        14
      353    3.035589e+03         g        18        15
      354    6.736465e+02         h        18        15
      355    3.893592e+02         g        18        16
      356    8.343022e+02         h        18        16
      357    1.167489e+02         g        18        17
      358    3.414068e+03         h        18        17
      359   -1.845350e+03         g        18        18
      360    7.584644e+01         h        18        18
      361    7.240797e+03         g        19         0
      362    5.043562e+04         g        19         1
      363    2.136900e+04         h        19         1
      364    2.249406e+04         g        19         2
      365   -2.954958e+04         h        19         2
      366    7.497047e+03         g        19         3
      367   -3.869854e+04         h        19         3
      368    1.718954e+04         g        19         4
      369   -2.112883e+04         h        19         4
      370    3.847997e+02         g        19         5
      371   -1.984985e+04         h        19         5
      372    7.529796e+03         g        19         6
      373   -4.454781e+04         h        19         6
      374   -2.496572e+04         g        19         7
      375   -3.161753e+04         h        19         7
      376    6.300295e+02         g        19         8
      377   -2.444825e+03         h        19         8
      378    4.228708e+03         g        19         9
      379   -1.780920e+04         h        19         9
      380   -9.331640e+03         g        19        10
      381   -2.339639e+04         h        19        10
      382   -2.904295e+03         g        19        11
      383   -8.376079e+03         h        19        11
      384    4.737591e+03         g        19        12
      385   -1.022737e+04         h        19        12
      386   -2.084478e+03         g        19        13
      387   -8.182912e+03         h        19        13
      388    2.508084e+03         g        19        14
      389   -6.024368e+03         h        19        14
      390    2.756387e+02         g        19        15
      391   -7.608131e+03         h        19        15
      392    8.583918e+02         g        19        16
      393   -2.784279e+03         h        19        16
      394    5.224048e+02         g        19        17
      395   -4.463812e+02         h        19        17
      396    2.285320e+03         g        19        18
      397    6.210321e+02         h        19        18
      398   -4.616913e+02         g        19        19
      399    1.390468e+03         h        19        19
      400    6.665397e+03         g        20         0
      401    9.575526e+03         g        20         1
      402   -1.826070e+04         h        20         1
      403   -1.030398e+04         g        20         2
      404   -1.569310e+04         h        20         2
      405   -1.911302e+04         g        20         3
      406   -3.845995e+03         h        20         3
      407   -1.099670e+04         g        20         4
      408    1.849492e+03         h        20         4
      409   -5.649822e+03         g        20         5
      410   -6.312253e+03         h        20         5
      411   -2.329910e+04         g        20         6
      412   -1.025000e+04         h        20         6
      413   -3.724061e+04         g        20         7
      414    4.282206e+02         h        20         7
      415    8.913030e+02         g        20         8
      416    1.408779e+04         h        20         8
      417   -9.249433e+03         g        20         9
      418   -9.637203e+03         h        20         9
      419   -2.543849e+04         g        20        10
      420    4.098258e+01         h        20        10
      421   -6.503722e+03         g        20        11
      422    4.058343e+03         h        20        11
      423   -6.047135e+03         g        20        12
      424   -5.147839e+03         h        20        12
      425   -1.026333e+04         g        20        13
      426   -3.218329e+02         h        20        13
      427   -5.199919e+03         g        20        14
      428   -3.199313e+01         h        20        14
      429   -4.674294e+03         g        20        15
      430   -5.443135e+03         h        20        15
      431   -5.178691e+03         g        20        16
      432   -1.773494e+03         h        20        16
      433   -1.652592e+03         g        20        17
      434   -1.213596e+03         h        20        17
      435   -4.865325e+02         g        20        18
      436   -1.127051e+02         h        20        18
      437    8.151002e+02         g        20        19
      438   -1.345160e+03         h        20        19
      439    9.157748e+02         g        20        20
      440    7.018644e+02         h        20        20
      441   -8.913229e+03         g        21         0
      442   -2.108670e+04         g        21         1
      443   -2.284419e+04         h        21         1
      444   -1.306389e+04         g        21         2
      445    1.367393e+04         h        21         2
      446   -8.830195e+03         g        21         3
      447    3.669930e+04         h        21         3
      448   -8.906191e+03         g        21         4
      449    1.951579e+04         h        21         4
      450    1.536343e+04         g        21         5
      451    1.588501e+04         h        21         5
      452   -1.098428e+04         g        21         6
      453    2.059069e+04         h        21         6
      454   -2.902538e+03         g        21         7
      455    2.403189e+04         h        21         7
      456    1.987181e+04         g        21         8
      457    1.324942e+04         h        21         8
      458    2.325359e+03         g        21         9
      459    7.100445e+02         h        21         9
      460   -8.760227e+03         g        21        10
      461    1.500248e+04         h        21        10
      462    7.935245e+03         g        21        11
      463    1.126206e+04         h        21        11
      464    5.592883e+02         g        21        12
      465   -1.305743e+03         h        21        12
      466   -2.658748e+03         g        21        13
      467    9.240133e+03         h        21        13
      468    4.565519e+02         g        21        14
      469    4.906804e+03         h        21        14
      470   -2.236432e+03         g        21        15
      471    1.880448e+03         h        21        15
      472   -3.177764e+03         g        21        16
      473    1.805562e+03         h        21        16
      474   -1.529389e+03         g        21        17
      475    2.767881e+03         h        21        17
      476   -1.142952e+03         g        21        18
      477    1.291004e+03         h        21        18
      478   -1.433017e+02         g        21        19
      479    5.491700e+02         h        21        19
      480   -7.672478e+02         g        21        20
      481   -7.780383e+02         h        21        20
      482    7.197974e+02         g        21        21
      483   -5.388451e+02         h        21        21
      484   -5.037523e+03         g        22         0
      485   -1.587503e+04         g        22         1
      486   -1.759511e+04         h        22         1
      487    4.104271e+03         g        22         2
      488    1.852039e+04         h        22         2
      489    1.133949e+04         g        22         3
      490    3.273647e+04         h        22         3
      491    5.342766e+03         g        22         4
      492    2.236620e+03         h        22         4
      493    2.333394e+04         g        22         5
      494    1.027206e+04         h        22         5
      495    9.102039e+03         g        22         6
      496    9.763863e+03         h        22         6
      497    2.065000e+04         g        22         7
      498    1.064487e+04         h        22         7
      499    2.301061e+04         g        22         8
      500   -1.304105e+04         h        22         8
      501    5.309311e+03         g        22         9
      502   -7.625317e+03         h        22         9
      503    8.402721e+03         g        22        10
      504    5.131308e+03         h        22        10
      505    1.188508e+04         g        22        11
      506   -3.577652e+03         h        22        11
      507    4.903762e+03         g        22        12
      508   -8.199010e+03         h        22        12
      509    4.274299e+03         g        22        13
      510    2.651393e+03         h        22        13
      511    7.051267e+03         g        22        14
      512   -9.612663e+02         h        22        14
      513    9.797905e+02         g        22        15
      514   -2.994629e+02         h        22        15
      515    2.636970e+03         g        22        16
      516    5.679863e+02         h        22        16
      517    1.007050e+03         g        22        17
      518    1.130221e+03         h        22        17
      519    1.654166e+03         g        22        18
      520    1.812512e+03         h        22        18
      521    6.397809e+02         g        22        19
      522    1.157130e+03         h        22        19
      523    3.187769e+02         g        22        20
      524    2.860826e+02         h        22        20
      525   -6.786631e+02         g        22        21
      526    3.585078e+02         h        22        21
      527   -2.558075e+02         g        22        22
      528   -6.397563e+02         h        22        22
      529    1.956633e+03         g        23         0
      530    2.358959e+03         g        23         1
      531   -1.264144e+04         h        23         1
      532    3.624758e+03         g        23         2
      533    3.063155e+03         h        23         2
      534    8.138057e+03         g        23         3
      535    1.829381e+03         h        23         3
      536    7.695618e+02         g        23         4
      537   -1.406395e+04         h        23         4
      538   -1.186471e+03         g        23         5
      539   -3.234168e+03         h        23         5
      540    4.605204e+03         g        23         6
      541   -5.294141e+03         h        23         6
      542    7.761819e+03         g        23         7
      543   -4.887598e+03         h        23         7
      544   -2.455709e+03         g        23         8
      545   -2.161265e+04         h        23         8
      546   -9.238452e+03         g        23         9
      547   -8.470310e+03         h        23         9
      548    3.740083e+03         g        23        10
      549   -1.420954e+03         h        23        10
      550   -2.681060e+03         g        23        11
      551   -1.277721e+04         h        23        11
      552   -6.046306e+03         g        23        12
      553   -7.055681e+03         h        23        12
      554    3.991304e+02         g        23        13
      555   -3.938009e+03         h        23        13
      556    5.374162e+02         g        23        14
      557   -5.667624e+03         h        23        14
      558   -2.495811e+03         g        23        15
      559   -3.143229e+03         h        23        15
      560    9.238758e+02         g        23        16
      561   -2.039493e+03         h        23        16
      562    1.854184e+02         g        23        17
      563   -2.842139e+03         h        23        17
      564    8.729612e+02         g        23        18
      565    6.638966e+01         h        23        18
      566    1.344827e+03         g        23        19
      567   -5.269747e+02         h        23        19
      568    7.444549e+02         g        23        20
      569    3.963359e+01         h        23        20
      570    2.880445e+02         g        23        21
      571   -1.411464e+02         h        23        21
      572    1.193765e+02         g        23        22
      573    5.104001e+02         h        23        22
      574   -5.028794e+02         g        23        23
      575    6.056129e+01         h        23        23
      576    1.901539e+03         g        24         0
      577    1.164276e+04         g        24         1
      578    3.944328e+03         h        24         1
      579   -6.379297e+03         g        24         2
      580   -5.607309e+03         h        24         2
      581   -2.365902e+03         g        24         3
      582   -1.324163e+04         h        24         3
      583   -8.873133e+03         g        24         4
      584   -3.887868e+03         h        24         4
      585   -1.880691e+04         g        24         5
      586   -6.824323e+02         h        24         5
      587   -3.685585e+03         g        24         6
      588   -1.545350e+02         h        24         6
      589   -5.792453e+03         g        24         7
      590    1.387518e+03         h        24         7
      591   -1.883390e+04         g        24         8
      592   -2.125548e+03         h        24         8
      593   -1.175692e+04         g        24         9
      594    8.549054e+03         h        24         9
      595   -4.344077e+02         g        24        10
      596    5.621093e+03         h        24        10
      597   -1.002088e+04         g        24        11
      598   -1.266954e+03         h        24        11
      599   -1.052004e+04         g        24        12
      600    6.431509e+03         h        24        12
      601   -1.199643e+03         g        24        13
      602    1.688153e+03         h        24        13
      603   -5.362022e+03         g        24        14
      604   -7.618730e+02         h        24        14
      605   -4.689632e+03         g        24        15
      606    3.065686e+03         h        24        15
      607   -1.866207e+03         g        24        16
      608    3.034455e+02         h        24        16
      609   -2.304123e+03         g        24        17
      610   -9.715287e+02         h        24        17
      611   -1.385098e+03         g        24        18
      612    3.841328e+02         h        24        18
      613    1.088769e+02         g        24        19
      614   -8.111219e+01         h        24        19
      615   -1.976257e+02         g        24        20
      616   -4.598555e+02         h        24        20
      617    2.668196e+02         g        24        21
      618   -4.053992e+02         h        24        21
      619    3.899656e+00         g        24        22
      620   -2.753659e+02         h        24        22
      621    3.799111e+02         g        24        23
      622   -1.054742e+01         h        24        23
      623   -3.852986e+01         g        24        24
      624    3.618129e+02         h        24        24
      625    6.154788e+03         g        25         0
      626    1.174118e+04         g        25         1
      627    1.718733e+04         h        25         1
      628   -2.971900e+03         g        25         2
      629   -4.411844e+03         h        25         2
      630   -7.912633e+02         g        25         3
      631   -1.100794e+04         h        25         3
      632   -3.521398e+03         g        25         4
      633    8.008528e+03         h        25         4
      634   -8.512588e+03         g        25         5
      635    2.469481e+03         h        25         5
      636    1.142920e+03         g        25         6
      637    3.037982e+03         h        25         6
      638   -1.090752e+03         g        25         7
      639    6.567201e+03         h        25         7
      640   -7.860848e+03         g        25         8
      641    1.093094e+04         h        25         8
      642    3.165457e+03         g        25         9
      643    1.493982e+04         h        25         9
      644    7.512454e+03         g        25        10
      645    5.387824e+03         h        25        10
      646   -1.227010e+03         g        25        11
      647    7.436470e+03         h        25        11
      648    1.318220e+03         g        25        12
      649    1.170524e+04         h        25        12
      650    5.046015e+03         g        25        13
      651    3.932404e+03         h        25        13
      652   -4.121503e+02         g        25        14
      653    3.199766e+03         h        25        14
      654    8.527320e+02         g        25        15
      655    7.105461e+03         h        25        15
      656    1.659470e+03         g        25        16
      657    2.527440e+03         h        25        16
      658   -8.913242e+02         g        25        17
      659    1.943075e+03         h        25        17
      660    2.581638e+02         g        25        18
      661    2.048206e+03         h        25        18
      662    1.553742e+02         g        25        19
      663    1.259758e+03         h        25        19
      664    6.954234e+01         g        25        20
      665    5.537793e+02         h        25        20
      666   -1.747442e+02         g        25        21
      667    6.385139e+01         h        25        21
      668   -1.770333e+02         g        25        22
      669   -3.488717e+02         h        25        22
      670   -1.826949e+02         g        25        23
      671   -1.301143e+02         h        25        23
      672    5.923840e+01         g        25        24
      673   -2.705997e+02         h        25        24
      674    2.488132e+02         g        25        25
      675    8.119054e+01         h        25        25
      676    1.008113e+04         g        26         0
      677    5.903752e+03         g        26         1
      678    8.520475e+03         h        26         1
      679    3.697559e+03         g        26         2
      680   -2.489713e+03         h        26         2
      681    1.859014e+03         g        26         3
      682   -7.709023e+03         h        26         3
      683    4.021570e+03         g        26         4
      684    3.363934e+03         h        26         4
      685    4.620540e+03         g        26         5
      686   -5.096196e+03         h        26         5
      687    2.278839e+03         g        26         6
      688   -5.087169e+03         h        26         6
      689    2.538869e+03         g        26         7
      690   -2.198678e+03         h        26         7
      691    4.291166e+03         g        26         8
      692    4.175762e+03         h        26         8
      693    9.591923e+03         g        26         9
      694    1.226638e+03         h        26         9
      695    7.879746e+03         g        26        10
      696   -6.219609e+03         h        26        10
      697    4.485550e+03         g        26        11
      698    1.200814e+03         h        26        11
      699    8.636271e+03         g        26        12
      700    2.140935e+03         h        26        12
      701    5.924938e+03         g        26        13
      702   -4.228758e+03         h        26        13
      703    2.948731e+03         g        26        14
      704   -4.395331e+02         h        26        14
      705    5.377626e+03         g        26        15
      706    1.442562e+03         h        26        15
      707    3.739963e+03         g        26        16
      708   -8.078925e+02         h        26        16
      709    1.339148e+03         g        26        17
      710    1.788146e+02         h        26        17
      711    2.381778e+03         g        26        18
      712    5.867136e+02         h        26        18
      713    1.352587e+03         g        26        19
      714    8.358827e+01         h        26        19
      715    9.829480e+02         g        26        20
      716    6.398231e+02         h        26        20
      717    4.588348e+02         g        26        21
      718   -4.642203e+01         h        26        21
      719   -4.938884e+01         g        26        22
      720    1.375004e+01         h        26        22
      721   -2.836423e+02         g        26        23
      722   -3.898674e+01         h        26        23
      723   -1.533510e+02         g        26        24
      724    8.474860e+01         h        26        24
      725   -1.744254e+02         g        26        25
      726   -8.273066e+01         h        26        25
      727    9.076911e+01         g        26        26
      728   -1.602404e+02         h        26        26
      729    2.766374e+03         g        27         0
      730   -3.819683e+03         g        27         1
      731   -5.884599e+03         h        27         1
      732    5.679049e+01         g        27         2
      733    1.363700e+03         h        27         2
      734   -2.638117e+03         g        27         3
      735   -1.525395e+03         h        27         3
      736    1.443737e+03         g        27         4
      737   -3.067136e+03         h        27         4
      738    4.267582e+03         g        27         5
      739   -7.258818e+03         h        27         5
      740   -6.084141e+03         g        27         6
      741   -6.388916e+03         h        27         6
      742   -2.331549e+03         g        27         7
      743   -6.615509e+03         h        27         7
      744    2.239756e+03         g        27         8
      745   -2.579067e+03         h        27         8
      746    5.986114e+02         g        27         9
      747   -8.188969e+03         h        27         9
      748   -4.239229e+03         g        27        10
      749   -9.760302e+03         h        27        10
      750   -5.181845e+02         g        27        11
      751   -2.983791e+03         h        27        11
      752    2.020643e+03         g        27        12
      753   -5.284830e+03         h        27        12
      754   -2.697597e+03         g        27        13
      755   -7.223392e+03         h        27        13
      756   -1.753122e+03         g        27        14
      757   -2.382128e+03         h        27        14
      758    2.287061e+03         g        27        15
      759   -3.404134e+03         h        27        15
      760   -6.873469e+02         g        27        16
      761   -3.526790e+03         h        27        16
      762   -3.186909e+02         g        27        17
      763   -1.222898e+03         h        27        17
      764    8.544900e+02         g        27        18
      765   -1.796470e+03         h        27        18
      766    3.079670e+02         g        27        19
      767   -1.429768e+03         h        27        19
      768    4.410874e+02         g        27        20
      769   -3.974440e+02         h        27        20
      770    4.799973e+02         g        27        21
      771   -6.049777e+02         h        27        21
      772   -9.245208e+01         g        27        22
      773   -3.392484e+02         h        27        22
      774   -2.533517e+01         g        27        23
      775   -4.340272e+01         h        27        23
      776   -1.033678e+02         g        27        24
      777    1.686076e+02         h        27        24
      778    2.324442e+01         g        27        25
      779    1.347196e+02         h        27        25
      780   -8.191223e+01         g        27        26
      781    1.150763e+02         h        27        26
      782   -1.008410e+02         g        27        27
      783   -8.101091e+01         h        27        27
      784   -6.856892e+03         g        28         0
      785   -9.683693e+03         g        28         1
      786   -6.325196e+03         h        28         1
      787   -3.319886e+03         g        28         2
      788    7.308401e+03         h        28         2
      789   -3.875897e+03         g        28         3
      790    7.937087e+03         h        28         3
      791   -9.090663e+02         g        28         4
      792   -1.279645e+03         h        28         4
      793    1.765421e+03         g        28         5
      794    1.594193e+03         h        28         5
      795   -6.832667e+03         g        28         6
      796    2.540207e+03         h        28         6
      797   -2.259447e+03         g        28         7
      798   -2.940719e+02         h        28         7
      799   -3.710815e+02         g        28         8
      800   -5.246227e+02         h        28         8
      801   -5.328087e+03         g        28         9
      802   -3.015185e+03         h        28         9
      803   -9.324025e+03         g        28        10
      804   -7.744713e+02         h        28        10
      805   -3.022184e+03         g        28        11
      806    1.920039e+03         h        28        11
      807   -3.244158e+03         g        28        12
      808   -2.303186e+03         h        28        12
      809   -7.401043e+03         g        28        13
      810    4.682165e+02         h        28        13
      811   -3.554126e+03         g        28        14
      812    2.034167e+03         h        28        14
      813   -1.160786e+03         g        28        15
      814   -1.197551e+03         h        28        15
      815   -3.746236e+03         g        28        16
      816   -4.780910e+02         h        28        16
      817   -1.845861e+03         g        28        17
      818    1.341379e+03         h        28        17
      819   -9.029389e+02         g        28        18
      820   -9.706764e+02         h        28        18
      821   -1.462428e+03         g        28        19
      822   -4.584328e+02         h        28        19
      823   -4.303072e+02         g        28        20
      824   -6.262425e+01         h        28        20
      825   -3.458426e+02         g        28        21
      826   -3.800089e+02         h        28        21
      827   -4.035956e+02         g        28        22
      828   -3.301897e+02         h        28        22
      829   -2.235222e+02         g        28        23
      830   -1.181263e+02         h        28        23
      831   -3.995015e+01         g        28        24
      832   -2.848328e+01         h        28        24
      833    9.937044e+01         g        28        25
      834    8.768493e+01         h        28        25
      835    9.561626e+01         g        28        26
      836    2.784590e+01         h        28        26
      837    7.141641e+01         g        28        27
      838    7.408043e+01         h        28        27
      839   -6.938041e+01         g        28        28
      840    6.639148e+01         h        28        28
      841   -6.213988e+03         g        29         0
      842   -6.192331e+03         g        29         1
      843   -6.047696e+01         h        29         1
      844    1.091564e+03         g        29         2
      845    6.732760e+03         h        29         2
      846    1.434302e+03         g        29         3
      847    8.515763e+03         h        29         3
      848    2.402374e+03         g        29         4
      849    2.083511e+02         h        29         4
      850    3.030210e+03         g        29         5
      851    5.983313e+03         h        29         5
      852    2.544433e+03         g        29         6
      853    6.114231e+03         h        29         6
      854    3.765598e+03         g        29         7
      855    2.467816e+03         h        29         7
      856    2.462028e+03         g        29         8
      857    1.366189e+02         h        29         8
      858   -1.190260e+03         g        29         9
      859    1.996730e+03         h        29         9
      860   -1.922347e+03         g        29        10
      861    5.176795e+03         h        29        10
      862    1.661315e+03         g        29        11
      863    3.246896e+03         h        29        11
      864   -7.610175e+01         g        29        12
      865    8.183616e+02         h        29        12
      866   -2.296688e+03         g        29        13
      867    5.438888e+03         h        29        13
      868    1.592394e+03         g        29        14
      869    3.941872e+03         h        29        14
      870    3.336097e+02         g        29        15
      871    4.703601e+02         h        29        15
      872   -9.987119e+02         g        29        16
      873    2.464632e+03         h        29        16
      874    5.863966e+02         g        29        17
      875    2.665494e+03         h        29        17
      876    6.216770e+01         g        29        18
      877    4.513795e+02         h        29        18
      878   -7.787827e+02         g        29        19
      879    8.079246e+02         h        29        19
      880    1.264983e+02         g        29        20
      881    7.667626e+02         h        29        20
      882   -2.599128e+02         g        29        21
      883    1.723142e+02         h        29        21
      884   -3.197919e+02         g        29        22
      885    2.411803e+02         h        29        22
      886   -2.596769e+02         g        29        23
      887   -9.638851e+00         h        29        23
      888   -1.524300e+02         g        29        24
      889    3.383750e+01         h        29        24
      890   -2.073644e+01         g        29        25
      891   -2.235359e+01         h        29        25
      892    5.307077e+01         g        29        26
      893   -4.130745e+01         h        29        26
      894    4.664320e+01         g        29        27
      895   -5.102962e+01         h        29        27
      896    5.445990e+01         g        29        28
      897   -3.874158e+01         h        29        28
      898    4.514749e+01         g        29        29
      899    5.955529e+01         h        29        29
      900   -2.335128e+01         g        30         0
      901    9.001547e+02         g        30         1
      902    1.170224e+03         h        30         1
      903    3.556423e+03         g        30         2
      904   -1.497623e+03         h        30         2
      905    3.358505e+03         g        30         3
      906   -5.923648e+02         h        30         3
      907    2.374398e+03         g        30         4
      908   -1.782005e+03         h        30         4
      909    9.596443e+02         g        30         5
      910    1.138029e+03         h        30         5
      911    6.636970e+03         g        30         6
      912    1.212976e+03         h        30         6
      913    3.955061e+03         g        30         7
      914   -1.364191e+03         h        30         7
      915    1.631770e+03         g        30         8
      916   -2.769013e+03         h        30         8
      917    2.284711e+03         g        30         9
      918    3.713966e+02         h        30         9
      919    3.617080e+03         g        30        10
      920    2.153500e+03         h        30        10
      921    3.495613e+03         g        30        11
      922   -2.203298e+03         h        30        11
      923    1.695034e+03         g        30        12
      924   -1.280086e+03         h        30        12
      925    2.676058e+03         g        30        13
      926    1.969098e+03         h        30        13
      927    4.072517e+03         g        30        14
      928   -5.800896e+02         h        30        14
      929    1.094830e+03         g        30        15
      930   -2.001928e+03         h        30        15
      931    1.424608e+03         g        30        16
      932    7.339266e+02         h        30        16
      933    2.529042e+03         g        30        17
      934   -5.727218e+01         h        30        17
      935    6.784971e+02         g        30        18
      936   -6.273741e+02         h        30        18
      937    4.813688e+02         g        30        19
      938    1.649798e+02         h        30        19
      939    7.906338e+02         g        30        20
      940   -2.558168e+01         h        30        20
      941    2.507187e+02         g        30        21
      942   -4.898149e+01         h        30        21
      943    5.909635e+01         g        30        22
      944    2.278325e+02         h        30        22
      945    2.567519e+01         g        30        23
      946    8.417133e+00         h        30        23
      947   -1.466115e+02         g        30        24
      948    7.198883e+01         h        30        24
      949   -1.939786e+01         g        30        25
      950    6.831720e+01         h        30        25
      951   -5.220335e+01         g        30        26
      952    2.547162e+01         h        30        26
      953   -1.469061e+01         g        30        27
      954   -1.376153e+01         h        30        27
      955   -2.589678e+01         g        30        28
      956   -4.056933e+01         h        30        28
      957   -2.084028e+01         g        30        29
      958   -3.554102e+01         h        30        29
      959    5.147369e+01         g        30        30
      960   -3.161636e+01         h        30        30
      961    3.047342e+03         g        31         0
      962    3.603228e+03         g        31         1
      963    4.244641e+02         h        31         1
      964   -4.591396e+02         g        31         2
      965   -7.254521e+03         h        31         2
      966   -3.067807e+02         g        31         3
      967   -6.017283e+03         h        31         3
      968   -2.375445e+03         g        31         4
      969   -7.763389e+02         h        31         4
      970   -3.901239e+03         g        31         5
      971   -2.242535e+03         h        31         5
      972    2.048574e+03         g        31         6
      973   -1.624226e+03         h        31         6
      974   -1.662879e+03         g        31         7
      975   -1.745243e+03         h        31         7
      976   -2.892952e+03         g        31         8
      977   -1.637868e+03         h        31         8
      978    8.166991e+02         g        31         9
      979   -1.619800e+02         h        31         9
      980    1.809836e+03         g        31        10
      981   -8.874424e+02         h        31        10
      982   -5.347589e+02         g        31        11
      983   -4.062414e+03         h        31        11
      984   -1.416117e+03         g        31        12
      985   -1.839291e+03         h        31        12
      986    1.657654e+03         g        31        13
      987   -1.281929e+03         h        31        13
      988    3.530161e+02         g        31        14
      989   -3.621385e+03         h        31        14
      990   -1.943314e+03         g        31        15
      991   -2.461303e+03         h        31        15
      992    8.315350e+01         g        31        16
      993   -1.012864e+03         h        31        16
      994    5.948122e+02         g        31        17
      995   -2.121007e+03         h        31        17
      996   -9.669233e+02         g        31        18
      997   -1.341212e+03         h        31        18
      998   -1.241181e+02         g        31        19
      999   -4.680483e+02         h        31        19
     1000    7.527095e+01         g        31        20
     1001   -1.002390e+03         h        31        20
     1002   -1.966774e+02         g        31        21
     1003   -3.744809e+02         h        31        21
     1004    3.735070e+01         g        31        22
     1005   -1.041984e+02         h        31        22
     1006   -1.452278e+01         g        31        23
     1007   -1.322181e+02         h        31        23
     1008   -8.609951e+01         g        31        24
     1009   -2.863054e+01         h        31        24
     1010    1.771453e+01         g        31        25
     1011    9.765182e+01         h        31        25
     1012    2.908355e+01         g        31        26
     1013    6.456560e+01         h        31        26
     1014    2.401618e+01         g        31        27
     1015    7.786915e+01         h        31        27
     1016    1.870059e+00         g        31        28
     1017    1.810632e+01         h        31        28
     1018   -2.915877e+01         g        31        29
     1019    1.095603e+01         h        31        29
     1020   -2.227605e+01         g        31        30
     1021    1.092991e+01         h        31        30
     1022   -2.171318e+01         g        31        31
     1023   -4.606245e+01         h        31        31
     1024    2.451449e+03         g        32         0
     1025    1.867169e+03         g        32         1
     1026    1.436586e+03         h        32         1
     1027   -3.072353e+03         g        32         2
     1028   -4.801687e+03         h        32         2
     1029   -2.064583e+03         g        32         3
     1030   -3.012943e+03         h        32         3
     1031   -3.492536e+03         g        32         4
     1032    2.617999e+03         h        32         4
     1033   -3.888636e+03         g        32         5
     1034   -5.579407e+02         h        32         5
     1035   -1.488744e+03         g        32         6
     1036    4.675321e+01         h        32         6
     1037   -3.483827e+03         g        32         7
     1038    1.801064e+03         h        32         7
     1039   -2.893420e+03         g        32         8
     1040    2.657081e+03         h        32         8
     1041    1.057201e+01         g        32         9
     1042    1.825001e+03         h        32         9
     1043   -1.964804e+01         g        32        10
     1044    8.830938e+01         h        32        10
     1045   -2.705240e+03         g        32        11
     1046   -1.457372e+01         h        32        11
     1047   -2.328362e+03         g        32        12
     1048    1.419888e+03         h        32        12
     1049    5.507562e+01         g        32        13
     1050   -1.602552e+02         h        32        13
     1051   -2.370645e+03         g        32        14
     1052   -1.101843e+03         h        32        14
     1053   -3.201163e+03         g        32        15
     1054    1.063172e+03         h        32        15
     1055   -7.967501e+02         g        32        16
     1056    4.253645e+02         h        32        16
     1057   -1.326218e+03         g        32        17
     1058   -7.869240e+02         h        32        17
     1059   -1.814906e+03         g        32        18
     1060    4.865272e+02         h        32        18
     1061   -6.864164e+02         g        32        19
     1062    4.273144e+02         h        32        19
     1063   -7.066675e+02         g        32        20
     1064   -3.823613e+02         h        32        20
     1065   -6.725862e+02         g        32        21
     1066    1.385179e+02         h        32        21
     1067   -1.221873e+02         g        32        22
     1068    1.112062e+02         h        32        22
     1069   -2.142323e+02         g        32        23
     1070   -4.049506e+01         h        32        23
     1071   -1.045070e+02         g        32        24
     1072    3.116962e+01         h        32        24
     1073    3.471986e+00         g        32        25
     1074    3.275578e+01         h        32        25
     1075    8.780104e+01         g        32        26
     1076    4.256253e+01         h        32        26
     1077    8.624017e+01         g        32        27
     1078    2.291741e+01         h        32        27
     1079    7.245495e+01         g        32        28
     1080    4.538795e+00         h        32        28
     1081    2.323829e+01         g        32        29
     1082   -4.133949e+00         h        32        29
     1083    2.803355e+00         g        32        30
     1084    1.600808e+01         h        32        30
     1085    7.109111e+00         g        32        31
     1086    1.206523e+01         h        32        31
     1087   -4.152883e+01         g        32        32
     1088    1.279770e+01         h        32        32
     1089    1.172986e+03         g        33         0
     1090    6.032761e+01         g        33         1
     1091    1.415141e+03         h        33         1
     1092   -8.295512e+02         g        33         2
     1093    3.677056e+02         h        33         2
     1094    1.040738e+02         g        33         3
     1095    7.611583e+02         h        33         3
     1096    7.394622e+01         g        33         4
     1097    2.380933e+03         h        33         4
     1098    3.902168e+02         g        33         5
     1099    3.804900e+02         h        33         5
     1100   -1.033694e+03         g        33         6
     1101    3.227814e+02         h        33         6
     1102   -4.736469e+02         g        33         7
     1103    2.121553e+03         h        33         7
     1104    9.743516e+02         g        33         8
     1105    3.132670e+03         h        33         8
     1106    1.217833e+03         g        33         9
     1107    1.030832e+03         h        33         9
     1108    8.111448e+02         g        33        10
     1109    4.249830e+02         h        33        10
     1110   -4.001908e+02         g        33        11
     1111    2.441628e+03         h        33        11
     1112    6.529730e+02         g        33        12
     1113    2.673852e+03         h        33        12
     1114    1.170120e+03         g        33        13
     1115    4.648820e+02         h        33        13
     1116   -7.760701e+02         g        33        14
     1117    1.453423e+03         h        33        14
     1118   -1.674623e+02         g        33        15
     1119    3.014747e+03         h        33        15
     1120    8.845684e+02         g        33        16
     1121    1.292967e+03         h        33        16
     1122   -3.445941e+02         g        33        17
     1123    6.275212e+02         h        33        17
     1124   -1.469661e+02         g        33        18
     1125    1.822959e+03         h        33        18
     1126    4.366144e+02         g        33        19
     1127    9.800152e+02         h        33        19
     1128   -2.429200e+02         g        33        20
     1129    4.136746e+02         h        33        20
     1130   -6.739970e+01         g        33        21
     1131    6.538911e+02         h        33        21
     1132    1.772822e+02         g        33        22
     1133    3.350969e+02         h        33        22
     1134   -5.615100e+01         g        33        23
     1135    1.702958e+02         h        33        23
     1136   -1.180896e+01         g        33        24
     1137    1.527109e+02         h        33        24
     1138    2.935785e+01         g        33        25
     1139    1.445980e+01         h        33        25
     1140    5.054431e+01         g        33        26
     1141    1.513842e+01         h        33        26
     1142    7.875822e+01         g        33        27
     1143   -3.606907e+01         h        33        27
     1144    3.821693e+01         g        33        28
     1145   -4.942725e+01         h        33        28
     1146    1.868874e+01         g        33        29
     1147   -5.017258e+01         h        33        29
     1148   -2.589237e+00         g        33        30
     1149   -2.575885e+01         h        33        30
     1150    7.417900e+00         g        33        31
     1151   -2.812118e+00         h        33        31
     1152    6.668783e+00         g        33        32
     1153   -6.946431e+00         h        33        32
     1154    5.003180e+00         g        33        33
     1155    3.610650e+01         h        33        33
     1156   -1.280583e+03         g        34         0
     1157   -5.497895e+02         g        34         1
     1158   -7.749178e+02         h        34         1
     1159    1.483082e+03         g        34         2
     1160    3.063402e+03         h        34         2
     1161    1.047518e+03         g        34         3
     1162    1.407106e+03         h        34         3
     1163    1.966673e+03         g        34         4
     1164   -1.130946e+03         h        34         4
     1165    2.216208e+03         g        34         5
     1166   -1.127092e+02         h        34         5
     1167   -7.654072e+02         g        34         6
     1168   -1.219828e+03         h        34         6
     1169    1.099388e+03         g        34         7
     1170   -7.419022e+02         h        34         7
     1171    1.841284e+03         g        34         8
     1172   -3.529137e+02         h        34         8
     1173    3.848273e+01         g        34         9
     1174   -1.646296e+03         h        34         9
     1175    2.226830e+01         g        34        10
     1176   -9.170648e+02         h        34        10
     1177    1.099823e+03         g        34        11
     1178    8.711829e+02         h        34        11
     1179    1.734002e+03         g        34        12
     1180    4.353703e+01         h        34        12
     1181    8.095757e+02         g        34        13
     1182   -1.076241e+03         h        34        13
     1183    6.624985e+02         g        34        14
     1184    6.779504e+02         h        34        14
     1185    2.181441e+03         g        34        15
     1186    8.739847e+02         h        34        15
     1187    1.351510e+03         g        34        16
     1188   -5.665037e+02         h        34        16
     1189    5.212359e+02         g        34        17
     1190    6.492223e+00         h        34        17
     1191    1.304742e+03         g        34        18
     1192    5.126770e+02         h        34        18
     1193    1.070268e+03         g        34        19
     1194   -1.451096e+02         h        34        19
     1195    2.541473e+02         g        34        20
     1196    4.912019e+01         h        34        20
     1197    5.563955e+02         g        34        21
     1198    2.006595e+02         h        34        21
     1199    4.150741e+02         g        34        22
     1200   -1.068997e+02         h        34        22
     1201    1.385289e+02         g        34        23
     1202    8.542093e+01         h        34        23
     1203    1.508937e+02         g        34        24
     1204    6.295476e+01         h        34        24
     1205    5.420287e+01         g        34        25
     1206   -2.843052e+01         h        34        25
     1207    2.849030e+01         g        34        26
     1208   -1.110184e+00         h        34        26
     1209    3.944130e+01         g        34        27
     1210   -2.270411e+01         h        34        27
     1211   -1.157419e+01         g        34        28
     1212   -4.029938e+01         h        34        28
     1213   -2.627797e+01         g        34        29
     1214   -2.653491e+01         h        34        29
     1215   -3.360327e+01         g        34        30
     1216   -2.088015e+01         h        34        30
     1217   -2.261334e+01         g        34        31
     1218   -4.192612e+00         h        34        31
     1219   -4.113137e+00         g        34        32
     1220   -3.650366e+00         h        34        32
     1221   -6.420375e+00         g        34        33
     1222   -5.466988e+00         h        34        33
     1223    2.982535e+01         g        34        34
     1224    1.165290e+00         h        34        34
     1225   -1.929422e+03         g        35         0
     1226   -4.370104e+02         g        35         1
     1227   -1.259109e+03         h        35         1
     1228    1.007048e+03         g        35         2
     1229    2.107017e+03         h        35         2
     1230    7.977765e+01         g        35         3
     1231    7.455936e+02         h        35         3
     1232    8.119337e+02         g        35         4
     1233   -1.832285e+03         h        35         4
     1234    8.485353e+02         g        35         5
     1235    1.449107e+02         h        35         5
     1236   -7.378175e+02         g        35         6
     1237   -9.501268e+02         h        35         6
     1238    2.833387e+02         g        35         7
     1239   -1.376170e+03         h        35         7
     1240    1.505923e+02         g        35         8
     1241   -1.651603e+03         h        35         8
     1242   -1.578215e+03         g        35         9
     1243   -1.509767e+03         h        35         9
     1244   -1.308225e+03         g        35        10
     1245   -7.921830e+02         h        35        10
     1246    2.281860e+02         g        35        11
     1247   -4.231883e+02         h        35        11
     1248    1.324213e+02         g        35        12
     1249   -1.376694e+03         h        35        12
     1250   -1.055495e+03         g        35        13
     1251   -1.182936e+03         h        35        13
     1252    5.104396e+01         g        35        14
     1253   -2.812215e+02         h        35        14
     1254    1.152484e+03         g        35        15
     1255   -1.001711e+03         h        35        15
     1256   -2.379611e+02         g        35        16
     1257   -1.473740e+03         h        35        16
     1258   -2.451717e+02         g        35        17
     1259   -4.605862e+02         h        35        17
     1260    7.236118e+02         g        35        18
     1261   -7.626725e+02         h        35        18
     1262    1.237647e+02         g        35        19
     1263   -9.269583e+02         h        35        19
     1264   -9.456092e+01         g        35        20
     1265   -2.750842e+02         h        35        20
     1266    2.680912e+02         g        35        21
     1267   -3.404723e+02         h        35        21
     1268    7.586662e+01         g        35        22
     1269   -4.497332e+02         h        35        22
     1270    1.576946e+01         g        35        23
     1271   -7.020676e+01         h        35        23
     1272    1.215606e+02         g        35        24
     1273   -6.791035e+01         h        35        24
     1274   -1.194085e+00         g        35        25
     1275   -8.154386e+01         h        35        25
     1276    1.919157e+01         g        35        26
     1277   -7.303979e+00         h        35        26
     1278    2.736697e+01         g        35        27
     1279   -9.152316e+00         h        35        27
     1280   -4.963169e+00         g        35        28
     1281    6.478984e-01         h        35        28
     1282   -2.045577e+01         g        35        29
     1283    1.351438e+01         h        35        29
     1284   -2.264474e+01         g        35        30
     1285    1.286483e+01         h        35        30
     1286   -1.785149e+01         g        35        31
     1287    1.577441e+01         h        35        31
     1288   -9.545282e+00         g        35        32
     1289    1.477175e+01         h        35        32
     1290   -1.790382e+00         g        35        33
     1291    4.391734e+00         h        35        33
     1292   -6.382403e+00         g        35        34
     1293    5.177264e+00         h        35        34
     1294    5.536348e+00         g        35        35
     1295   -2.300639e+01         h        35        35