      IND             SHC     g | h         n         m
        1    6.691747e+05         g         1         0
        2   -1.161091e+05         g         1         1
        3    3.437898e+04         h         1         1
        4    2.254722e+04         g         2         0
        5   -1.091121e+05         g         2         1
        6   -8.175759e+04         h         2         1
        7    9.249685e+04         g         2         2
        8    3.877236e+04         h         2         2
        9    6.232933e+03         g         3         0
       10   -8.424564e+04         g         3         1
       11   -7.379115e+04         h         3         1
       12    3.457982e+04         g         3         2
       13    9.552204e+04         h         3         2
       14   -3.657478e+03         g         3         3
       15   -6.191407e+04         h         3         3
       16   -9.052598e+04         g         4         0
       17   -2.180198e+04         g         4         1
       18    8.455597e+04         h         4         1
       19   -6.900824e+03         g         4         2
       20    7.373146e+04         h         4         2
       21   -2.853887e+04         g         4         3
       22   -1.702289e+03         h         4         3
       23   -4.777492e+04         g         4         4
       24   -3.353749e+03         h         4         4
       25   -5.940544e+04         g         5         0
       26    1.447094e+04         g         5         1
       27    1.441934e+05         h         5         1
       28    5.159089e+04         g         5         2
       29   -4.339179e+03         h         5         2
       30   -5.443663e+04         g         5         3
       31    1.858941e+04         h         5         3
       32   -7.900721e+03         g         5         4
       33    3.291607e+04         h         5         4
       34   -1.531333e+04         g         5         5
       35    3.158415e+04         h         5         5
       36   -7.372057e+04         g         6         0
       37    3.413306e+04         g         6         1
       38    4.681715e+04         h         6         1
       39    4.420248e+04         g         6         2
       40   -3.378521e+04         h         6         2
       41   -4.499029e+04         g         6         3
       42   -8.628901e+02         h         6         3
       43    9.654165e+03         g         6         4
       44    5.064155e+04         h         6         4
       45    5.251223e+03         g         6         5
       46   -1.350952e+04         h         6         5
       47    2.981452e+04         g         6         6
       48    1.736617e+04         h         6         6
       49   -8.378883e+03         g         7         0
       50    2.709292e+04         g         7         1
       51   -2.649166e+04         h         7         1
       52   -2.893746e+04         g         7         2
       53   -5.376236e+04         h         7         2
       54   -8.420492e+03         g         7         3
       55    8.603617e+03         h         7         3
       56   -2.987707e+04         g         7         4
       57    2.340946e+04         h         7         4
       58    1.405471e+04         g         7         5
       59   -2.875640e+04         h         7         5
       60   -1.081810e+04         g         7         6
       61   -8.435798e+03         h         7         6
       62    1.571360e+04         g         7         7
       63   -2.543187e+04         h         7         7
       64    6.372503e+04         g         8         0
       65    1.583286e+03         g         8         1
       66   -2.015343e+04         h         8         1
       67   -3.802006e+04         g         8         2
       68   -5.918457e+04         h         8         2
       69    1.591320e+03         g         8         3
       70    5.273898e+04         h         8         3
       71   -2.452328e+04         g         8         4
       72   -8.934077e+03         h         8         4
       73   -8.300949e+03         g         8         5
       74    1.163685e+04         h         8         5
       75   -2.203283e+04         g         8         6
       76   -1.653171e+04         h         8         6
       77   -6.792966e+03         g         8         7
       78    4.859049e+03         h         8         7
       79   -1.579076e+04         g         8         8
       80   -1.567619e+04         h         8         8
       81    3.766466e+04         g         9         0
       82   -1.304836e+04         g         9         1
       83   -3.958067e+04         h         9         1
       84    7.212509e+03         g         9         2
       85   -1.215069e+04         h         9         2
       86    4.557177e+03         g         9         3
       87    3.895462e+04         h         9         3
       88    2.128495e+04         g         9         4
       89   -8.262261e+03         h         9         4
       90   -1.620518e+04         g         9         5
       91    2.206842e+04         h         9         5
       92    9.018680e+03         g         9         6
       93   -1.276356e+03         h         9         6
       94   -9.215593e+03         g         9         7
       95    1.115360e+04         h         9         7
       96    8.599838e+03         g         9         8
       97    5.086322e+03         h         9         8
       98   -1.349293e+04         g         9         9
       99    1.116073e+04         h         9         9
      100   -9.811621e+03         g        10         0
      101    6.672476e+03         g        10         1
      102   -4.602722e+04         h        10         1
      103    1.389908e+04         g        10         2
      104    3.925208e+04         h        10         2
      105    2.937300e+04         g        10         3
      106   -1.466738e+04         h        10         3
      107    2.860084e+04         g        10         4
      108   -1.137402e+04         h        10         4
      109    2.651129e+03         g        10         5
      110   -2.123150e+03         h        10         5
      111    1.370341e+04         g        10         6
      112   -5.921008e+03         h        10         6
      113    5.838111e+03         g        10         7
      114   -1.105973e+04         h        10         7
      115    1.777516e+04         g        10         8
      116    3.124964e+03         h        10         8
      117    6.222536e+03         g        10         9
      118   -5.333376e+03         h        10         9
      119    7.912314e+03         g        10        10
      120    1.131234e+04         h        10        10
      121   -1.306927e+03         g        11         0
      122    2.927801e+04         g        11         1
      123    4.490554e+03         h        11         1
      124   -9.915699e+03         g        11         2
      125    4.004436e+04         h        11         2
      126    3.465782e+04         g        11         3
      127   -3.310748e+04         h        11         3
      128    3.128448e+03         g        11         4
      129   -2.580724e+04         h        11         4
      130    3.726170e+03         g        11         5
      131   -3.141497e+03         h        11         5
      132   -8.516286e+03         g        11         6
      133   -2.297643e+04         h        11         6
      134   -2.446848e+03         g        11         7
      135   -1.183657e+04         h        11         7
      136    6.514086e+03         g        11         8
      137   -1.459494e+04         h        11         8
      138    2.063571e+03         g        11         9
      139   -1.324788e+04         h        11         9
      140   -1.206482e+03         g        11        10
      141   -5.299556e+03         h        11        10
      142    8.152894e+03         g        11        11
      143   -4.227096e+03         h        11        11
      144    1.516356e+04         g        12         0
      145    1.939446e+04         g        12         1
      146    4.662581e+04         h        12         1
      147   -6.145608e+03         g        12         2
      148    1.586645e+04         h        12         2
      149    2.041830e+03         g        12         3
      150   -1.669082e+04         h        12         3
      151   -5.681918e+03         g        12         4
      152   -9.782183e+03         h        12         4
      153   -8.908603e+03         g        12         5
      154    1.074312e+04         h        12         5
      155   -1.156541e+04         g        12         6
      156   -1.131447e+04         h        12         6
      157   -1.900219e+04         g        12         7
      158    7.227993e+03         h        12         7
      159    4.642307e+03         g        12         8
      160   -8.451014e+03         h        12         8
      161   -1.364131e+04         g        12         9
      162   -6.108338e+03         h        12         9
      163   -6.967745e+03         g        12        10
      164   -2.582329e+02         h        12        10
      165   -6.272130e+03         g        12        11
      166    1.038013e+02         h        12        11
      167   -1.725527e+03         g        12        12
      168   -5.522931e+03         h        12        12
      169    6.446878e+03         g        13         0
      170   -8.120203e+03         g        13         1
      171    3.628655e+04         h        13         1
      172    1.392030e+04         g        13         2
      173    3.609144e+03         h        13         2
      174   -2.007332e+04         g        13         3
      175   -1.298698e+03         h        13         3
      176    3.609168e+02         g        13         4
      177    2.178652e+04         h        13         4
      178    2.635661e+03         g        13         5
      179    3.817879e+03         h        13         5
      180    9.161359e+02         g        13         6
      181    1.170629e+04         h        13         6
      182   -8.233926e+03         g        13         7
      183    1.217675e+04         h        13         7
      184    1.288058e+04         g        13         8
      185    4.494426e+03         h        13         8
      186   -7.042170e+03         g        13         9
      187   -1.906595e+03         h        13         9
      188   -1.252380e+03         g        13        10
      189    1.241593e+04         h        13        10
      190   -2.915072e+03         g        13        11
      191    5.619195e+03         h        13        11
      192   -9.102956e+02         g        13        12
      193    5.938641e+03         h        13        12
      194   -3.902326e+03         g        13        13
      195    6.743978e+01         h        13        13
      196    2.019615e+03         g        14         0
      197   -2.411367e+04         g        14         1
      198    7.315375e+02         h        14         1
      199    1.313464e+04         g        14         2
      200   -3.511094e+03         h        14         2
      201   -1.374089e+04         g        14         3
      202    5.137298e+03         h        14         3
      203   -1.828509e+03         g        14         4
      204    1.991560e+04         h        14         4
      205    1.788462e+04         g        14         5
      206   -1.338750e+04         h        14         5
      207    3.940064e+02         g        14         6
      208    1.080319e+04         h        14         6
      209    9.038864e+03         g        14         7
      210    1.612110e+03         h        14         7
      211    9.856732e+03         g        14         8
      212   -3.785227e+03         h        14         8
      213    3.619169e+03         g        14         9
      214   -5.866409e+03         h        14         9
      215    5.108157e+03         g        14        10
      216    6.015950e+03         h        14        10
      217    5.691841e+03         g        14        11
      218    2.917043e+03         h        14        11
      219    3.929944e+03         g        14        12
      220    4.032354e+03         h        14        12
      221    4.001578e+03         g        14        13
      222    1.378354e+03         h        14        13
      223   -8.045991e+02         g        14        14
      224    2.479434e+03         h        14        14
      225    1.363910e+03         g        15         0
      226   -2.483254e+04         g        15         1
      227   -2.276708e+04         h        15         1
      228   -4.517578e+03         g        15         2
      229   -1.064121e+04         h        15         2
      230   -7.601010e+03         g        15         3
      231    9.363800e+03         h        15         3
      232   -9.661900e+03         g        15         4
      233   -2.313606e+03         h        15         4
      234    4.087912e+03         g        15         5
      235   -1.260556e+04         h        15         5
      236   -8.993270e+03         g        15         6
      237    2.664625e+03         h        15         6
      238    5.965912e+03         g        15         7
      239   -2.369835e+03         h        15         7
      240   -5.453703e+03         g        15         8
      241   -1.155014e+04         h        15         8
      242   -3.273655e+03         g        15         9
      243   -4.632085e+03         h        15         9
      244    3.001739e+03         g        15        10
      245   -2.898316e+03         h        15        10
      246    3.500874e+02         g        15        11
      247   -2.688722e+03         h        15        11
      248    3.074583e+03         g        15        12
      249   -1.537964e+03         h        15        12
      250    2.532301e+03         g        15        13
      251   -2.833563e+03         h        15        13
      252    1.685345e+03         g        15        14
      253   -2.624988e+03         h        15        14
      254    1.395694e+03         g        15        15
      255    1.009350e+03         h        15        15
      256   -1.270145e+04         g        16         0
      257   -1.466304e+04         g        16         1
      258   -1.699811e+04         h        16         1
      259   -1.246430e+04         g        16         2
      260   -7.226388e+03         h        16         2
      261   -6.678064e+03         g        16         3
      262    1.096012e+04         h        16         3
      263   -8.158404e+03         g        16         4
      264   -6.286156e+03         h        16         4
      265   -1.394142e+04         g        16         5
      266    3.352345e+03         h        16         5
      267   -5.365519e+03         g        16         6
      268    7.633402e+03         h        16         6
      269    8.037389e+02         g        16         7
      270    2.976507e+03         h        16         7
      271   -1.287874e+04         g        16         8
      272   -6.136382e+02         h        16         8
      273   -7.731731e+03         g        16         9
      274    5.485442e+03         h        16         9
      275    7.424855e+02         g        16        10
      276    1.608933e+03         h        16        10
      277   -5.142941e+03         g        16        11
      278   -9.522942e+02         h        16        11
      279   -1.532830e+03         g        16        12
      280    2.449024e+03         h        16        12
      281   -1.732210e+03         g        16        13
      282   -2.911923e+03         h        16        13
      283   -1.602753e+03         g        16        14
      284   -1.867150e+03         h        16        14
      285   -1.523445e+03         g        16        15
      286   -1.893188e+03         h        16        15
      287    1.046696e+03         g        16        16
      288   -6.437108e+02         h        16        16
      289   -1.906715e+04         g        17         0
      290    4.305199e+03         g        17         1
      291    4.876601e+03         h        17         1
      292   -2.528180e+03         g        17         2
      293    5.057278e+02         h        17         2
      294    2.509245e+03         g        17         3
      295    4.161164e+03         h        17         3
      296    3.381316e+03         g        17         4
      297    1.305012e+02         h        17         4
      298   -8.573423e+03         g        17         5
      299    1.043719e+04         h        17         5
      300    9.142107e+03         g        17         6
      301    7.332761e+03         h        17         6
      302    6.701254e+03         g        17         7
      303    1.787064e+03         h        17         7
      304   -5.769174e+03         g        17         8
      305    7.593929e+03         h        17         8
      306    2.650371e+03         g        17         9
      307    9.408214e+03         h        17         9
      308    4.894453e+03         g        17        10
      309    3.569777e+03         h        17        10
      310    1.429924e+02         g        17        11
      311    2.147086e+03         h        17        11
      312   -1.995043e+01         g        17        12
      313    5.829069e+03         h        17        12
      314    2.439507e+02         g        17        13
      315    1.081632e+03         h        17        13
      316   -2.009140e+03         g        17        14
      317    1.097791e+03         h        17        14
      318   -1.376289e+03         g        17        15
      319    3.693333e+02         h        17        15
      320   -1.563781e+03         g        17        16
      321    6.738485e+02         h        17        16
      322   -1.389740e+02         g        17        17
      323   -9.240077e+02         h        17        17
      324   -3.024624e+03         g        18         0
      325    1.920231e+04         g        18         1
      326    1.267696e+04         h        18         1
      327    7.607852e+03         g        18         2
      328   -1.066394e+03         h        18         2
      329    1.031106e+04         g        18         3
      330   -8.912906e+03         h        18         3
      331    9.691984e+03         g        18         4
      332   -3.049880e+03         h        18         4
      333    2.063586e+03         g        18         5
      334    1.814902e+03         h        18         5
      335    1.278539e+04         g        18         6
      336   -6.864565e+03         h        18         6
      337    5.663273e+03         g        18         7
      338   -7.476992e+03         h        18         7
      339    6.304534e+02         g        18         8
      340    1.556281e+03         h        18         8
      341    8.507680e+03         g        18         9
      342    1.282874e+03         h        18         9
      343    5.248696e+03         g        18        10
      344   -4.699587e+03         h        18        10
      345    3.550454e+03         g        18        11
      346   -1.218847e+03         h        18        11
      347    3.222422e+03         g        18        12
      348    1.034888e+03         h        18        12
      349    2.303134e+03         g        18        13
      350    2.758893e+02         h        18        13
      351    1.191779e+03         g        18        14
      352    3.292879e+02         h        18        14
      353    4.910861e+02         g        18        15
      354    7.206575e+02         h        18        15
      355    8.895145e+01         g        18        16
      356    9.090543e+02         h        18        16
      357    1.697789e+02         g        18        17
      358    1.135958e+03         h        18        17
      359   -7.093597e+02         g        18        18
      360   -1.194499e+02         h        18        18
      361    1.108557e+04         g        19         0
      362    1.654482e+04         g        19         1
      363    2.483215e+03         h        19         1
      364    3.424515e+03         g        19         2
      365   -5.827886e+03         h        19         2
      366    4.609634e+03         g        19         3
      367   -1.354325e+04         h        19         3
      368    3.118164e+03         g        19         4
      369   -5.733277e+03         h        19         4
      370    5.215081e+02         g        19         5
      371   -5.580658e+03         h        19         5
      372    1.138113e+03         g        19         6
      373   -1.290379e+04         h        19         6
      374   -6.514491e+03         g        19         7
      375   -8.729754e+03         h        19         7
      376   -1.028337e+03         g        19         8
      377   -1.650691e+03         h        19         8
      378    1.548729e+03         g        19         9
      379   -4.558565e+03         h        19         9
      380   -2.885447e+03         g        19        10
      381   -7.727521e+03         h        19        10
      382   -1.037005e+03         g        19        11
      383   -3.216119e+03         h        19        11
      384    5.065031e+02         g        19        12
      385   -2.723008e+03         h        19        12
      386   -6.309143e+02         g        19        13
      387   -2.220920e+03         h        19        13
      388    5.528358e+02         g        19        14
      389   -1.051108e+03         h        19        14
      390    2.766130e+02         g        19        15
      391   -1.778843e+03         h        19        15
      392    5.453711e+02         g        19        16
      393   -2.791814e+02         h        19        16
      394    6.130173e+02         g        19        17
      395   -1.724265e+01         h        19        17
      396    7.648371e+02         g        19        18
      397    1.792687e+02         h        19        18
      398   -2.487187e+02         g        19        19
      399    5.098812e+02         h        19        19
      400    7.817522e+03         g        20         0
      401    2.484404e+03         g        20         1
      402   -4.622771e+03         h        20         1
      403   -4.644185e+03         g        20         2
      404   -2.496547e+03         h        20         2
      405   -3.407469e+03         g        20         3
      406   -2.906367e+03         h        20         3
      407   -4.202682e+03         g        20         4
      408    1.236786e+03         h        20         4
      409   -1.167952e+03         g        20         5
      410   -1.699696e+03         h        20         5
      411   -7.481402e+03         g        20         6
      412   -2.806242e+03         h        20         6
      413   -1.028695e+04         g        20         7
      414    1.205610e+03         h        20         7
      415   -3.803668e+02         g        20         8
      416    3.705825e+03         h        20         8
      417   -3.029736e+03         g        20         9
      418   -1.113564e+03         h        20         9
      419   -7.071715e+03         g        20        10
      420   -5.291400e+02         h        20        10
      421   -2.928124e+03         g        20        11
      422    1.519544e+03         h        20        11
      423   -2.104008e+03         g        20        12
      424   -4.199379e+02         h        20        12
      425   -2.698153e+03         g        20        13
      426    1.307571e+02         h        20        13
      427   -1.661487e+03         g        20        14
      428    5.199694e+02         h        20        14
      429   -9.187057e+02         g        20        15
      430   -1.283807e+03         h        20        15
      431   -1.178348e+03         g        20        16
      432   -4.997318e+02         h        20        16
      433   -1.031208e+02         g        20        17
      434   -5.063328e+02         h        20        17
      435    7.185107e+01         g        20        18
      436   -2.740414e+02         h        20        18
      437    3.155078e+02         g        20        19
      438   -4.301758e+02         h        20        19
      439    3.239601e+02         g        20        20
      440    2.884756e+02         h        20        20
      441    8.058614e+02         g        21         0
      442   -7.086037e+03         g        21         1
      443   -3.025040e+03         h        21         1
      444   -3.045658e+03         g        21         2
      445    4.315319e+03         h        21         2
      446   -2.483242e+03         g        21         3
      447    8.486438e+03         h        21         3
      448   -2.045031e+03         g        21         4
      449    5.582143e+03         h        21         4
      450    4.133463e+03         g        21         5
      451    3.174483e+03         h        21         5
      452   -3.933417e+03         g        21         6
      453    5.424690e+03         h        21         6
      454   -1.206740e+03         g        21         7
      455    7.027075e+03         h        21         7
      456    5.538893e+03         g        21         8
      457    4.196903e+03         h        21         8
      458    3.638363e+02         g        21         9
      459    1.146645e+03         h        21         9
      460   -1.866819e+03         g        21        10
      461    4.067675e+03         h        21        10
      462    1.358534e+03         g        21        11
      463    3.883518e+03         h        21        11
      464    6.022854e+02         g        21        12
      465    8.982270e+02         h        21        12
      466   -3.228544e+02         g        21        13
      467    2.521518e+03         h        21        13
      468   -1.225145e+02         g        21        14
      469    1.809319e+03         h        21        14
      470   -3.479792e+02         g        21        15
      471    7.096094e+02         h        21        15
      472   -8.571754e+02         g        21        16
      473    4.141555e+02         h        21        16
      474   -5.090796e+02         g        21        17
      475    5.576292e+02         h        21        17
      476   -3.207566e+02         g        21        18
      477    1.665589e+02         h        21        18
      478   -1.021335e+02         g        21        19
      479   -5.956403e+01         h        21        19
      480   -2.009722e+02         g        21        20
      481   -3.074007e+02         h        21        20
      482    2.633662e+02         g        21        21
      483   -1.776133e+02         h        21        21
      484   -9.911519e+02         g        22         0
      485   -7.197654e+03         g        22         1
      486   -2.199712e+03         h        22         1
      487    2.158931e+03         g        22         2
      488    5.679669e+03         h        22         2
      489    1.122292e+03         g        22         3
      490    7.473525e+03         h        22         3
      491    2.246727e+03         g        22         4
      492    9.124407e+02         h        22         4
      493    5.504565e+03         g        22         5
      494    1.119822e+03         h        22         5
      495    1.160355e+03         g        22         6
      496    3.146067e+03         h        22         6
      497    5.102810e+03         g        22         7
      498    2.639560e+03         h        22         7
      499    6.118492e+03         g        22         8
      500   -2.490162e+03         h        22         8
      501    1.541765e+03         g        22         9
      502   -2.117306e+03         h        22         9
      503    2.322947e+03         g        22        10
      504    1.440559e+03         h        22        10
      505    3.030246e+03         g        22        11
      506   -3.065394e+02         h        22        11
      507    2.086680e+03         g        22        12
      508   -1.581429e+03         h        22        12
      509    1.497212e+03         g        22        13
      510    4.337377e+02         h        22        13
      511    1.666872e+03         g        22        14
      512    1.505656e+02         h        22        14
      513    5.841017e+02         g        22        15
      514    1.106382e+02         h        22        15
      515    5.866512e+02         g        22        16
      516    3.040724e+02         h        22        16
      517    1.869199e+02         g        22        17
      518    3.448058e+02         h        22        17
      519    3.343678e+02         g        22        18
      520    6.095598e+02         h        22        18
      521    1.391684e+02         g        22        19
      522    2.523558e+02         h        22        19
      523   -5.654010e+01         g        22        20
      524    5.775903e+01         h        22        20
      525   -2.625314e+02         g        22        21
      526    4.822821e+01         h        22        21
      527   -7.922217e+01         g        22        22
      528   -2.167252e+02         h        22        22
      529   -2.002234e+03         g        23         0
      530   -3.096492e+03         g        23         1
      531   -1.878073e+03         h        23         1
      532    1.664833e+03         g        23         2
      533    2.562625e+03         h        23         2
      534    6.878124e+02         g        23         3
      535    4.423125e+02         h        23         3
      536    9.330698e+02         g        23         4
      537   -2.935838e+03         h        23         4
      538   -3.773714e+02         g        23         5
      539   -1.529935e+03         h        23         5
      540    5.848940e+02         g        23         6
      541   -1.876845e+02         h        23         6
      542    2.632613e+03         g        23         7
      543   -1.722257e+03         h        23         7
      544   -6.337444e+02         g        23         8
      545   -5.038796e+03         h        23         8
      546   -1.983229e+03         g        23         9
      547   -2.655714e+03         h        23         9
      548    5.825396e+02         g        23        10
      549   -3.618254e+02         h        23        10
      550   -3.469300e+02         g        23        11
      551   -2.844331e+03         h        23        11
      552   -8.840393e+02         g        23        12
      553   -2.085157e+03         h        23        12
      554    7.197223e+01         g        23        13
      555   -1.248127e+03         h        23        13
      556    1.780668e+02         g        23        14
      557   -1.275613e+03         h        23        14
      558   -2.276595e+02         g        23        15
      559   -8.228934e+02         h        23        15
      560    2.275827e+02         g        23        16
      561   -4.506746e+02         h        23        16
      562    2.933264e+02         g        23        17
      563   -6.240391e+02         h        23        17
      564    2.960512e+02         g        23        18
      565    5.417638e+01         h        23        18
      566    5.376874e+02         g        23        19
      567   -1.069549e+02         h        23        19
      568    1.778300e+02         g        23        20
      569   -3.235039e+01         h        23        20
      570    1.372613e+01         g        23        21
      571    3.585735e+01         h        23        21
      572   -4.699548e+01         g        23        22
      573    1.889642e+02         h        23        22
      574   -1.646958e+02         g        23        23
      575    1.716712e+01         h        23        23
      576   -2.490262e+03         g        24         0
      577    6.724212e+02         g        24         1
      578    1.838130e+03         h        24         1
      579   -6.885508e+02         g        24         2
      580   -4.123495e+02         h        24         2
      581   -6.438603e+02         g        24         3
      582   -2.597389e+03         h        24         3
      583   -1.597158e+03         g        24         4
      584   -9.011220e+02         h        24         4
      585   -4.051060e+03         g        24         5
      586   -2.220906e+02         h        24         5
      587   -4.463625e+02         g        24         6
      588    3.989793e+02         h        24         6
      589   -3.823094e+02         g        24         7
      590   -6.115659e+02         h        24         7
      591   -4.595296e+03         g        24         8
      592   -1.002999e+03         h        24         8
      593   -2.650838e+03         g        24         9
      594    1.463815e+03         h        24         9
      595   -4.876544e+02         g        24        10
      596    1.251287e+03         h        24        10
      597   -2.042593e+03         g        24        11
      598   -3.677170e+02         h        24        11
      599   -2.271952e+03         g        24        12
      600    8.611825e+02         h        24        12
      601   -7.291109e+02         g        24        13
      602    2.847705e+02         h        24        13
      603   -1.074434e+03         g        24        14
      604   -2.316699e+02         h        24        14
      605   -1.003304e+03         g        24        15
      606    3.592238e+02         h        24        15
      607   -5.075461e+02         g        24        16
      608   -7.959681e+01         h        24        16
      609   -3.373210e+02         g        24        17
      610   -3.704272e+02         h        24        17
      611   -2.684581e+02         g        24        18
      612   -2.058463e+02         h        24        18
      613    1.339671e+02         g        24        19
      614   -1.794397e+02         h        24        19
      615    1.747637e+01         g        24        20
      616   -3.290997e+02         h        24        20
      617    3.910690e-01         g        24        21
      618   -1.324969e+02         h        24        21
      619    4.674293e+00         g        24        22
      620    1.475671e+00         h        24        22
      621    1.153795e+02         g        24        23
      622    8.599223e+01         h        24        23
      623   -1.500950e+01         g        24        24
      624    1.144409e+02         h        24        24
      625    5.594609e+01         g        25         0
      626    2.484750e+03         g        25         1
      627    3.974523e+03         h        25         1
      628   -9.392973e+01         g        25         2
      629   -2.160135e+03         h        25         2
      630   -1.366047e+02         g        25         3
      631   -2.306460e+03         h        25         3
      632   -9.427143e+02         g        25         4
      633    1.309952e+03         h        25         4
      634   -2.057702e+03         g        25         5
      635    7.715990e+02         h        25         5
      636    9.483716e+02         g        25         6
      637    4.851479e+02         h        25         6
      638   -7.649297e+01         g        25         7
      639    6.291518e+02         h        25         7
      640   -2.175864e+03         g        25         8
      641    1.851689e+03         h        25         8
      642    6.371113e+02         g        25         9
      643    3.045561e+03         h        25         9
      644    1.396865e+03         g        25        10
      645    1.155394e+03         h        25        10
      646   -9.288792e+01         g        25        11
      647    1.252848e+03         h        25        11
      648    5.568767e+01         g        25        12
      649    2.134315e+03         h        25        12
      650    6.844490e+02         g        25        13
      651    9.500938e+02         h        25        13
      652    6.752221e+01         g        25        14
      653    6.509045e+02         h        25        14
      654   -4.791416e+01         g        25        15
      655    1.196326e+03         h        25        15
      656    1.427612e+02         g        25        16
      657    5.266642e+02         h        25        16
      658   -2.391738e+02         g        25        17
      659    2.643570e+02         h        25        17
      660   -1.335982e+02         g        25        18
      661    1.967423e+02         h        25        18
      662   -1.325789e+02         g        25        19
      663    1.119821e+02         h        25        19
      664   -9.177066e+01         g        25        20
      665   -4.184232e+01         h        25        20
      666   -2.077569e+02         g        25        21
      667   -8.138775e+01         h        25        21
      668   -1.079332e+02         g        25        22
      669   -2.304044e+01         h        25        22
      670    5.363642e+00         g        25        23
      671    2.329766e+00         h        25        23
      672    9.245868e+01         g        25        24
      673   -6.228002e+01         h        25        24
      674    7.306049e+01         g        25        25
      675    2.746641e+01         h        25        25
      676    2.237961e+03         g        26         0
      677    1.838922e+03         g        26         1
      678    1.165051e+03         h        26         1
      679    5.143900e+02         g        26         2
      680   -2.516648e+03         h        26         2
      681    1.879652e+02         g        26         3
      682   -1.724007e+03         h        26         3
      683    1.892547e+02         g        26         4
      684    6.274273e+02         h        26         4
      685    2.770572e+02         g        26         5
      686   -4.874245e+02         h        26         5
      687    1.120975e+03         g        26         6
      688   -1.034412e+03         h        26         6
      689    3.309271e+01         g        26         7
      690   -5.438130e+02         h        26         7
      691    5.627831e+02         g        26         8
      692    9.081710e+02         h        26         8
      693    2.029681e+03         g        26         9
      694    4.357832e+02         h        26         9
      695    1.540354e+03         g        26        10
      696   -1.291533e+03         h        26        10
      697    9.464151e+02         g        26        11
      698   -8.295455e+01         h        26        11
      699    1.367177e+03         g        26        12
      700    3.011520e+02         h        26        12
      701    1.101521e+03         g        26        13
      702   -6.542963e+02         h        26        13
      703    7.049228e+02         g        26        14
      704   -1.559380e+02         h        26        14
      705    8.200882e+02         g        26        15
      706    1.631548e+02         h        26        15
      707    6.545040e+02         g        26        16
      708    1.801690e+00         h        26        16
      709    2.321725e+02         g        26        17
      710    1.668486e+01         h        26        17
      711    2.835276e+02         g        26        18
      712    1.368499e+02         h        26        18
      713    1.374842e+02         g        26        19
      714    6.226073e+01         h        26        19
      715    6.185453e+01         g        26        20
      716    1.813969e+02         h        26        20
      717   -2.381802e+01         g        26        21
      718    4.854039e+01         h        26        21
      719   -1.128294e+02         g        26        22
      720    1.145109e+02         h        26        22
      721   -3.523514e+01         g        26        23
      722    6.375719e+01         h        26        23
      723    4.801458e+00         g        26        24
      724   -1.245477e+01         h        26        24
      725   -2.401433e+01         g        26        25
      726   -8.278852e+01         h        26        25
      727    2.936647e+01         g        26        26
      728   -4.306350e+01         h        26        26
      729    1.049993e+03         g        27         0
      730   -5.931072e+01         g        27         1
      731   -1.681036e+03         h        27         1
      732   -5.494009e+02         g        27         2
      733   -1.027385e+03         h        27         2
      734   -3.488982e+02         g        27         3
      735   -2.408430e+02         h        27         3
      736   -2.475706e+01         g        27         4
      737   -2.485508e+02         h        27         4
      738    5.268445e+02         g        27         5
      739   -8.540024e+02         h        27         5
      740   -5.370024e+02         g        27         6
      741   -1.054159e+03         h        27         6
      742   -8.709148e+02         g        27         7
      743   -9.618667e+02         h        27         7
      744    6.215205e+02         g        27         8
      745   -2.632839e+01         h        27         8
      746    3.501578e+02         g        27         9
      747   -1.286746e+03         h        27         9
      748   -6.733618e+02         g        27        10
      749   -1.876010e+03         h        27        10
      750   -1.914885e+02         g        27        11
      751   -6.310254e+02         h        27        11
      752    1.520069e+02         g        27        12
      753   -9.042183e+02         h        27        12
      754   -3.796693e+02         g        27        13
      755   -1.195382e+03         h        27        13
      756   -2.888812e+02         g        27        14
      757   -5.523432e+02         h        27        14
      758    2.674361e+02         g        27        15
      759   -6.182566e+02         h        27        15
      760   -2.459733e+01         g        27        16
      761   -5.444466e+02         h        27        16
      762   -9.366390e+00         g        27        17
      763   -2.800646e+02         h        27        17
      764    1.325137e+02         g        27        18
      765   -2.646733e+02         h        27        18
      766    1.164038e+02         g        27        19
      767   -2.057267e+02         h        27        19
      768    9.375192e+01         g        27        20
      769   -1.787812e+01         h        27        20
      770    1.381720e+02         g        27        21
      771   -1.069944e+01         h        27        21
      772    8.573420e+00         g        27        22
      773    1.913329e+01         h        27        22
      774    4.409139e+01         g        27        23
      775    8.810570e+01         h        27        23
      776    3.220508e+01         g        27        24
      777    3.004048e+01         h        27        24
      778   -1.256845e+01         g        27        25
      779   -8.266085e+00         h        27        25
      780   -6.413887e+01         g        27        26
      781   -8.498185e-01         h        27        26
      782   -2.295534e+01         g        27        27
      783   -2.592156e+01         h        27        27
      784   -9.320465e+02         g        28         0
      785   -1.044312e+03         g        28         1
      786   -1.299942e+03         h        28         1
      787   -6.820762e+02         g        28         2
      788    9.398744e+02         h        28         2
      789   -2.663266e+02         g        28         3
      790    1.483855e+03         h        28         3
      791    1.059704e+02         g        28         4
      792   -1.558030e+02         h        28         4
      793    5.828902e+02         g        28         5
      794    2.927602e+02         h        28         5
      795   -9.611530e+02         g        28         6
      796    2.647206e+02         h        28         6
      797   -5.860589e+02         g        28         7
      798    7.340792e+01         h        28         7
      799    3.592301e+02         g        28         8
      800    2.929968e+02         h        28         8
      801   -7.326760e+02         g        28         9
      802   -5.377937e+02         h        28         9
      803   -1.447499e+03         g        28        10
      804   -1.337704e+02         h        28        10
      805   -6.038001e+02         g        28        11
      806    4.402803e+02         h        28        11
      807   -5.293322e+02         g        28        12
      808   -2.062354e+02         h        28        12
      809   -1.060177e+03         g        28        13
      810    1.079991e+02         h        28        13
      811   -6.533687e+02         g        28        14
      812    2.848726e+02         h        28        14
      813   -2.547368e+02         g        28        15
      814   -1.298242e+02         h        28        15
      815   -5.228903e+02         g        28        16
      816   -1.012143e+02         h        28        16
      817   -3.409259e+02         g        28        17
      818    1.039108e+02         h        28        17
      819   -1.581944e+02         g        28        18
      820   -1.517249e+02         h        28        18
      821   -1.915134e+02         g        28        19
      822   -1.411917e+02         h        28        19
      823   -6.182659e+01         g        28        20
      824   -6.404196e+01         h        28        20
      825    2.357759e-01         g        28        21
      826   -6.871259e+01         h        28        21
      827   -2.712683e+00         g        28        22
      828   -7.824565e+01         h        28        22
      829    2.664155e+00         g        28        23
      830   -1.097642e+01         h        28        23
      831    5.995437e+01         g        28        24
      832   -9.056245e+00         h        28        24
      833    2.558783e+01         g        28        25
      834   -1.436484e+01         h        28        25
      835   -7.600203e+00         g        28        26
      836    1.040641e+01         h        28        26
      837   -1.253053e+01         g        28        27
      838    4.468147e+01         h        28        27
      839   -1.949886e+01         g        28        28
      840    1.067998e+01         h        28        28
      841   -1.098040e+03         g        29         0
      842   -5.668488e+02         g        29         1
      843   -1.196050e+02         h        29         1
      844    4.276383e+02         g        29         2
      845    1.407667e+03         h        29         2
      846    3.146327e+02         g        29         3
      847    1.310377e+03         h        29         3
      848    7.094706e+02         g        29         4
      849   -2.414668e+02         h        29         4
      850    7.720846e+02         g        29         5
      851    6.810732e+02         h        29         5
      852    6.452623e+01         g        29         6
      853    5.649566e+02         h        29         6
      854    4.784527e+02         g        29         7
      855    4.050762e+02         h        29         7
      856    6.133577e+02         g        29         8
      857    1.450571e+02         h        29         8
      858   -2.073891e+02         g        29         9
      859    1.113114e+02         h        29         9
      860   -2.565895e+02         g        29        10
      861    8.632527e+02         h        29        10
      862    2.669979e+02         g        29        11
      863    6.361885e+02         h        29        11
      864    1.347371e+02         g        29        12
      865    2.294403e+02         h        29        12
      866   -1.800830e+02         g        29        13
      867    7.770418e+02         h        29        13
      868    1.759099e+02         g        29        14
      869    6.034402e+02         h        29        14
      870    8.322819e+01         g        29        15
      871    1.790850e+02         h        29        15
      872   -1.229444e+02         g        29        16
      873    3.288344e+02         h        29        16
      874   -1.816689e+01         g        29        17
      875    3.773733e+02         h        29        17
      876   -3.209077e+01         g        29        18
      877    1.388386e+02         h        29        18
      878   -1.509500e+02         g        29        19
      879    8.757977e+01         h        29        19
      880   -6.163015e+01         g        29        20
      881    1.099643e+02         h        29        20
      882   -5.982350e+01         g        29        21
      883    2.707156e+01         h        29        21
      884   -6.184102e+01         g        29        22
      885    1.538782e+01         h        29        22
      886   -5.710310e+01         g        29        23
      887   -1.689939e+01         h        29        23
      888   -1.442025e+01         g        29        24
      889   -2.760068e-01         h        29        24
      890    1.118407e+01         g        29        25
      891   -3.851822e+01         h        29        25
      892   -4.181883e-01         g        29        26
      893   -1.874421e+01         h        29        26
      894    1.002211e+01         g        29        27
      895    6.892642e+00         h        29        27
      896    2.967451e+01         g        29        28
      897    1.651002e+01         h        29        28
      898    4.060043e+00         g        29        29
      899    1.287847e+01         h        29        29
      900   -3.182698e+02         g        30         0
      901    2.047720e+02         g        30         1
      902    1.060204e+02         h        30         1
      903    6.395410e+02         g        30         2
      904    5.310605e+02         h        30         2
      905    2.910013e+02         g        30         3
      906   -9.176624e+01         h        30         3
      907    4.366495e+02         g        30         4
      908   -3.955596e+02         h        30         4
      909    1.937469e+02         g        30         5
      910    8.773090e+01         h        30         5
      911    4.925133e+02         g        30         6
      912   -1.258228e+01         h        30         6
      913    5.270726e+02         g        30         7
      914   -7.504015e+01         h        30         7
      915    2.371967e+02         g        30         8
      916   -4.415051e+02         h        30         8
      917    1.502891e+02         g        30         9
      918   -8.898565e+01         h        30         9
      919    4.574850e+02         g        30        10
      920    3.892777e+02         h        30        10
      921    5.053567e+02         g        30        11
      922   -2.481433e+02         h        30        11
      923    3.243761e+02         g        30        12
      924   -2.054451e+02         h        30        12
      925    4.040472e+02         g        30        13
      926    1.922090e+02         h        30        13
      927    5.225969e+02         g        30        14
      928   -7.619273e+01         h        30        14
      929    2.163713e+02         g        30        15
      930   -1.969534e+02         h        30        15
      931    1.963343e+02         g        30        16
      932    7.181344e+01         h        30        16
      933    2.993627e+02         g        30        17
      934    6.590608e+01         h        30        17
      935    1.262631e+02         g        30        18
      936    2.221952e+01         h        30        18
      937    7.039324e+01         g        30        19
      938    6.823523e+01         h        30        19
      939    8.132255e+01         g        30        20
      940    7.876816e+01         h        30        20
      941    4.817463e+01         g        30        21
      942    6.214212e+01         h        30        21
      943    4.352706e+00         g        30        22
      944    7.152801e+01         h        30        22
      945   -5.784082e+00         g        30        23
      946    4.055294e+01         h        30        23
      947   -2.711959e+01         g        30        24
      948    3.449895e+01         h        30        24
      949    1.829446e+00         g        30        25
      950    9.832474e+00         h        30        25
      951   -1.744304e+01         g        30        26
      952   -1.716161e+01         h        30        26
      953   -9.843104e+00         g        30        27
      954   -6.543673e+00         h        30        27
      955    7.504876e+00         g        30        28
      956   -8.609366e+00         h        30        28
      957    1.612164e+01         g        30        29
      958   -1.808743e+01         h        30        29
      959    7.690832e+00         g        30        30
      960   -5.595264e-01         h        30        30
      961    2.274873e+02         g        31         0
      962    4.080007e+02         g        31         1
      963    1.780040e+02         h        31         1
      964   -8.628048e+01         g        31         2
      965   -3.113504e+02         h        31         2
      966   -8.792052e+01         g        31         3
      967   -6.404963e+02         h        31         3
      968   -3.303549e+02         g        31         4
      969    4.073883e+01         h        31         4
      970   -4.846206e+02         g        31         5
      971   -1.807259e+02         h        31         5
      972    1.224866e+02         g        31         6
      973   -1.300733e+02         h        31         6
      974   -1.080046e+02         g        31         7
      975   -8.090157e+01         h        31         7
      976   -4.300579e+02         g        31         8
      977   -3.305268e+02         h        31         8
      978   -4.452263e+01         g        31         9
      979   -2.170419e+01         h        31         9
      980    1.742670e+02         g        31        10
      981   -1.826639e+01         h        31        10
      982   -9.500316e+01         g        31        11
      983   -5.032206e+02         h        31        11
      984   -1.976382e+02         g        31        12
      985   -2.386990e+02         h        31        12
      986    1.164586e+02         g        31        13
      987   -1.804128e+02         h        31        13
      988    2.501607e+01         g        31        14
      989   -4.169903e+02         h        31        14
      990   -2.085614e+02         g        31        15
      991   -2.684805e+02         h        31        15
      992    2.192256e+00         g        31        16
      993   -1.327365e+02         h        31        16
      994    1.026572e+02         g        31        17
      995   -1.983620e+02         h        31        17
      996   -2.471830e+01         g        31        18
      997   -1.419138e+02         h        31        18
      998    3.781446e+01         g        31        19
      999   -4.591227e+01         h        31        19
     1000    7.614169e+01         g        31        20
     1001   -8.382295e+01         h        31        20
     1002    5.011029e+01         g        31        21
     1003   -3.167503e+01         h        31        21
     1004    5.993875e+01         g        31        22
     1005    1.888677e+00         h        31        22
     1006    3.960875e+01         g        31        23
     1007    4.357468e+00         h        31        23
     1008    2.026952e+01         g        31        24
     1009    1.234172e+01         h        31        24
     1010    1.977598e+01         g        31        25
     1011    1.974486e+01         h        31        25
     1012    1.018933e+01         g        31        26
     1013   -1.080867e+00         h        31        26
     1014   -1.449047e+01         g        31        27
     1015    3.877456e+00         h        31        27
     1016   -8.323609e+00         g        31        28
     1017    3.758766e+00         h        31        28
     1018   -6.559815e+00         g        31        29
     1019   -6.551567e+00         h        31        29
     1020   -9.860002e+00         g        31        30
     1021   -1.276536e+01         h        31        30
     1022    8.608868e-01         g        31        31
     1023   -3.895259e+00         h        31        31
     1024    4.430899e+02         g        32         0
     1025    1.894942e+02         g        32         1
     1026    3.379575e+02         h        32         1
     1027   -3.388547e+02         g        32         2
     1028   -4.966206e+02         h        32         2
     1029   -1.197833e+02         g        32         3
     1030   -2.518291e+02         h        32         3
     1031   -4.505116e+02         g        32         4
     1032    4.502430e+02         h        32         4
     1033   -3.758725e+02         g        32         5
     1034   -4.935175e+01         h        32         5
     1035   -6.504840e+01         g        32         6
     1036    8.017904e+01         h        32         6
     1037   -2.582079e+02         g        32         7
     1038    2.416790e+02         h        32         7
     1039   -3.805855e+02         g        32         8
     1040    1.526581e+02         h        32         8
     1041   -1.819238e+01         g        32         9
     1042    2.754609e+02         h        32         9
     1043    2.597529e+00         g        32        10
     1044    4.421562e+01         h        32        10
     1045   -3.017420e+02         g        32        11
     1046   -1.498477e+01         h        32        11
     1047   -2.895710e+02         g        32        12
     1048    2.160309e+02         h        32        12
     1049   -4.242297e+01         g        32        13
     1050    1.503676e+01         h        32        13
     1051   -2.402443e+02         g        32        14
     1052   -6.725878e+01         h        32        14
     1053   -3.334369e+02         g        32        15
     1054    1.359666e+02         h        32        15
     1055   -8.915168e+01         g        32        16
     1056    6.054486e+01         h        32        16
     1057   -1.042275e+02         g        32        17
     1058   -7.492900e+01         h        32        17
     1059   -1.513639e+02         g        32        18
     1060   -4.226199e+00         h        32        18
     1061   -6.690972e+01         g        32        19
     1062    8.163879e+00         h        32        19
     1063   -3.710704e+01         g        32        20
     1064   -7.397306e+01         h        32        20
     1065   -4.716632e+01         g        32        21
     1066   -5.194982e+01         h        32        21
     1067    4.082261e+00         g        32        22
     1068   -2.632606e+01         h        32        22
     1069    2.328904e+00         g        32        23
     1070   -4.284368e+01         h        32        23
     1071    3.487829e+00         g        32        24
     1072   -2.182751e+01         h        32        24
     1073    1.327459e+01         g        32        25
     1074   -1.760574e+01         h        32        25
     1075    1.646512e+01         g        32        26
     1076   -1.042953e+01         h        32        26
     1077    1.833448e+00         g        32        27
     1078   -8.971342e+00         h        32        27
     1079   -3.179225e+00         g        32        28
     1080    1.086304e+01         h        32        28
     1081    7.154643e-03         g        32        29
     1082    8.872746e+00         h        32        29
     1083   -5.245294e+00         g        32        30
     1084    5.410421e+00         h        32        30
     1085   -9.276932e+00         g        32        31
     1086    5.126770e+00         h        32        31
     1087   -1.630517e+00         g        32        32
     1088   -9.177007e-01         h        32        32
     1089    4.166896e+02         g        33         0
     1090   -6.247573e+01         g        33         1
     1091    1.103762e+02         h        33         1
     1092   -7.227615e+01         g        33         2
     1093   -3.146880e+02         h        33         2
     1094    2.832189e+01         g        33         3
     1095    3.324684e+01         h        33         3
     1096   -1.142150e+02         g        33         4
     1097    2.477988e+02         h        33         4
     1098    1.920103e+01         g        33         5
     1099   -7.536881e+01         h        33         5
     1100   -3.171660e+01         g        33         6
     1101    2.247530e+01         h        33         6
     1102   -4.124680e+01         g        33         7
     1103    1.878882e+02         h        33         7
     1104    6.305221e+01         g        33         8
     1105    2.020261e+02         h        33         8
     1106    1.515726e+02         g        33         9
     1107    1.538524e+02         h        33         9
     1108    1.071666e+02         g        33        10
     1109   -2.547044e+01         h        33        10
     1110   -5.260139e+00         g        33        11
     1111    2.059965e+02         h        33        11
     1112    7.392341e+01         g        33        12
     1113    2.744278e+02         h        33        12
     1114    1.419216e+02         g        33        13
     1115    3.817295e+01         h        33        13
     1116   -3.363511e+01         g        33        14
     1117    1.409604e+02         h        33        14
     1118    1.075336e+01         g        33        15
     1119    2.759938e+02         h        33        15
     1120    1.006133e+02         g        33        16
     1121    1.264167e+02         h        33        16
     1122   -1.747665e+01         g        33        17
     1123    4.018472e+01         h        33        17
     1124   -3.136721e+01         g        33        18
     1125    1.247121e+02         h        33        18
     1126    3.661569e+00         g        33        19
     1127    8.353946e+01         h        33        19
     1128   -4.215690e+01         g        33        20
     1129    2.163550e+01         h        33        20
     1130   -4.840429e+01         g        33        21
     1131    2.527368e+01         h        33        21
     1132   -2.662824e+01         g        33        22
     1133    1.992145e+01         h        33        22
     1134   -2.578209e+01         g        33        23
     1135   -3.286780e+00         h        33        23
     1136   -3.148011e+01         g        33        24
     1137   -4.924506e+00         h        33        24
     1138   -1.393833e+01         g        33        25
     1139   -1.198339e+01         h        33        25
     1140   -1.015565e+01         g        33        26
     1141   -1.322627e+01         h        33        26
     1142   -2.192036e+00         g        33        27
     1143   -1.287217e+01         h        33        27
     1144   -6.471024e+00         g        33        28
     1145   -2.275152e+00         h        33        28
     1146    7.094340e+00         g        33        29
     1147    7.020064e+00         h        33        29
     1148    7.915783e+00         g        33        30
     1149    2.810440e+00         h        33        30
     1150    3.880079e+00         g        33        31
     1151    4.655188e+00         h        33        31
     1152    2.248519e+00         g        33        32
     1153    6.508784e+00         h        33        32
     1154   -5.774920e-01         g        33        33
     1155    4.570320e-01         h        33        33
     1156   -4.538218e+01         g        34         0
     1157   -1.565356e+02         g        34         1
     1158   -1.799020e+02         h        34         1
     1159    5.984897e+01         g        34         2
     1160    7.686884e+01         h        34         2
     1161    1.815428e+01         g        34         3
     1162    7.672376e+01         h        34         3
     1163    1.031795e+02         g        34         4
     1164   -1.509000e+02         h        34         4
     1165    9.988194e+01         g        34         5
     1166   -6.680543e+01         h        34         5
     1167   -8.834043e+01         g        34         6
     1168   -6.778957e+01         h        34         6
     1169    4.854527e+01         g        34         7
     1170   -8.717793e+01         h        34         7
     1171    1.633989e+02         g        34         8
     1172   -9.181748e+00         h        34         8
     1173    1.207698e+01         g        34         9
     1174   -1.346635e+02         h        34         9
     1175    4.567286e+00         g        34        10
     1176   -1.579699e+02         h        34        10
     1177    9.934235e+01         g        34        11
     1178    5.692222e+01         h        34        11
     1179    1.545560e+02         g        34        12
     1180   -5.179456e+01         h        34        12
     1181    6.695111e+01         g        34        13
     1182   -1.354059e+02         h        34        13
     1183    5.064649e+01         g        34        14
     1184    1.995636e+01         h        34        14
     1185    1.852151e+02         g        34        15
     1186    2.991961e+01         h        34        15
     1187    1.151361e+02         g        34        16
     1188   -6.523346e+01         h        34        16
     1189    2.921710e+01         g        34        17
     1190   -2.359920e+01         h        34        17
     1191    7.967356e+01         g        34        18
     1192    3.677199e+01         h        34        18
     1193    7.443240e+01         g        34        19
     1194    1.110685e+01         h        34        19
     1195    1.345446e+01         g        34        20
     1196    1.645541e+01         h        34        20
     1197    1.906452e+01         g        34        21
     1198    3.708329e+01         h        34        21
     1199    1.819275e+01         g        34        22
     1200    2.074801e+01         h        34        22
     1201    2.024109e+00         g        34        23
     1202    2.857683e+01         h        34        23
     1203   -3.797684e+00         g        34        24
     1204    1.900060e+01         h        34        24
     1205   -1.144371e+01         g        34        25
     1206    1.310412e+01         h        34        25
     1207   -1.038503e+01         g        34        26
     1208    6.076437e+00         h        34        26
     1209   -7.710433e+00         g        34        27
     1210    3.271383e+00         h        34        27
     1211   -8.158033e+00         g        34        28
     1212   -1.101223e+00         h        34        28
     1213   -1.969202e+00         g        34        29
     1214    5.112216e+00         h        34        29
     1215    7.930198e+00         g        34        30
     1216   -3.310165e+00         h        34        30
     1217    3.848113e+00         g        34        31
     1218   -5.707883e+00         h        34        31
     1219    3.520962e+00         g        34        32
     1220   -2.429829e+00         h        34        32
     1221    4.055311e+00         g        34        33
     1222   -7.946805e-01         h        34        33
     1223   -1.286680e-01         g        34        34
     1224    1.259922e-01         h        34        34
     1225   -2.686835e+02         g        35         0
     1226   -7.780850e+01         g        35         1
     1227   -1.136584e+02         h        35         1
     1228    2.856509e+01         g        35         2
     1229    2.262800e+02         h        35         2
     1230   -2.090132e+01         g        35         3
     1231    6.853907e+01         h        35         3
     1232    1.060155e+02         g        35         4
     1233   -1.815970e+02         h        35         4
     1234    3.083215e+01         g        35         5
     1235    4.617097e+01         h        35         5
     1236   -7.805062e+01         g        35         6
     1237   -5.798506e+00         h        35         6
     1238    3.638767e+01         g        35         7
     1239   -1.300754e+02         h        35         7
     1240    2.874025e+01         g        35         8
     1241   -5.400623e+01         h        35         8
     1242   -1.277856e+02         g        35         9
     1243   -1.229672e+02         h        35         9
     1244   -1.143001e+02         g        35        10
     1245   -7.001035e+01         h        35        10
     1246   -1.126542e+00         g        35        11
     1247   -1.644936e+01         h        35        11
     1248   -5.084824e+00         g        35        12
     1249   -1.432100e+02         h        35        12
     1250   -1.288958e+02         g        35        13
     1251   -9.423099e+01         h        35        13
     1252   -3.550218e+01         g        35        14
     1253   -2.151725e+01         h        35        14
     1254    6.431740e+01         g        35        15
     1255   -9.745779e+01         h        35        15
     1256   -4.423410e+01         g        35        16
     1257   -1.146679e+02         h        35        16
     1258   -4.495848e+01         g        35        17
     1259   -3.623297e+01         h        35        17
     1260    3.789755e+01         g        35        18
     1261   -4.159739e+01         h        35        18
     1262    2.073211e+01         g        35        19
     1263   -5.837987e+01         h        35        19
     1264    4.684830e+00         g        35        20
     1265   -1.871532e+01         h        35        20
     1266    2.714354e+01         g        35        21
     1267   -1.069631e+01         h        35        21
     1268    2.850793e+01         g        35        22
     1269   -2.088859e+01         h        35        22
     1270    1.767826e+01         g        35        23
     1271    5.255405e-01         h        35        23
     1272    2.467625e+01         g        35        24
     1273    4.682283e+00         h        35        24
     1274    6.858983e+00         g        35        25
     1275    1.490153e+00         h        35        25
     1276    6.934552e+00         g        35        26
     1277    9.882068e+00         h        35        26
     1278    4.424568e+00         g        35        27
     1279    5.999754e+00         h        35        27
     1280    9.321997e-01         g        35        28
     1281    5.282414e+00         h        35        28
     1282   -2.324041e+00         g        35        29
     1283    5.749589e+00         h        35        29
     1284    3.568863e+00         g        35        30
     1285    2.056994e+00         h        35        30
     1286   -1.104327e+00         g        35        31
     1287   -6.486694e+00         h        35        31
     1288   -3.864116e+00         g        35        32
     1289   -3.865951e+00         h        35        32
     1290   -1.833479e+00         g        35        33
     1291   -2.793927e+00         h        35        33
     1292   -3.383264e-01         g        35        34
     1293   -2.556351e+00         h        35        34
     1294   -2.597213e-01         g        35        35
     1295    1.628236e-01         h        35        35