      IND             SHC     g | h         n         m
        1    4.109156e+05         g         1         0
        2   -7.132745e+04         g         1         1
        3    2.108054e+04         h         1         1
        4    1.180974e+04         g         2         0
        5   -5.699641e+04         g         2         1
        6   -4.268984e+04         h         2         1
        7    4.826627e+04         g         2         2
        8    2.023456e+04         h         2         2
        9    2.765514e+03         g         3         0
       10   -3.738846e+04         g         3         1
       11   -3.275836e+04         h         3         1
       12    1.538240e+04         g         3         2
       13    4.241086e+04         h         3         2
       14   -1.620100e+03         g         3         3
       15   -2.748320e+04         h         3         3
       16   -3.414611e+04         g         4         0
       17   -8.235831e+03         g         4         1
       18    3.188531e+04         h         4         1
       19   -2.609118e+03         g         4         2
       20    2.781166e+04         h         4         2
       21   -1.074694e+04         g         4         3
       22   -6.350466e+02         h         4         3
       23   -1.801768e+04         g         4         4
       24   -1.267798e+03         h         4         4
       25   -1.903572e+04         g         5         0
       26    4.640756e+03         g         5         1
       27    4.619793e+04         h         5         1
       28    1.656159e+04         g         5         2
       29   -1.378627e+03         h         5         2
       30   -1.744662e+04         g         5         3
       31    5.955730e+03         h         5         3
       32   -2.548728e+03         g         5         4
       33    1.054133e+04         h         5         4
       34   -4.900961e+03         g         5         5
       35    1.012886e+04         h         5         5
       36   -2.009077e+04         g         6         0
       37    9.304263e+03         g         6         1
       38    1.275392e+04         h         6         1
       39    1.206004e+04         g         6         2
       40   -9.230208e+03         h         6         2
       41   -1.225856e+04         g         6         3
       42   -2.275228e+02         h         6         3
       43    2.651837e+03         g         6         4
       44    1.379788e+04         h         6         4
       45    1.420428e+03         g         6         5
       46   -3.695036e+03         h         6         5
       47    8.098988e+03         g         6         6
       48    4.729058e+03         h         6         6
       49   -1.919855e+03         g         7         0
       50    6.263149e+03         g         7         1
       51   -6.150627e+03         h         7         1
       52   -6.714610e+03         g         7         2
       53   -1.245138e+04         h         7         2
       54   -1.974090e+03         g         7         3
       55    1.994988e+03         h         7         3
       56   -6.946647e+03         g         7         4
       57    5.413180e+03         h         7         4
       58    3.249998e+03         g         7         5
       59   -6.636799e+03         h         7         5
       60   -2.477544e+03         g         7         6
       61   -1.931184e+03         h         7         6
       62    3.631135e+03         g         7         7
       63   -5.914335e+03         h         7         7
       64    1.253953e+04         g         8         0
       65    2.949173e+02         g         8         1
       66   -3.938086e+03         h         8         1
       67   -7.474396e+03         g         8         2
       68   -1.166945e+04         h         8         2
       69    3.407354e+02         g         8         3
       70    1.039335e+04         h         8         3
       71   -4.821970e+03         g         8         4
       72   -1.728436e+03         h         8         4
       73   -1.613645e+03         g         8         5
       74    2.273492e+03         h         8         5
       75   -4.355850e+03         g         8         6
       76   -3.263908e+03         h         8         6
       77   -1.381643e+03         g         8         7
       78    9.926843e+02         h         8         7
       79   -3.058859e+03         g         8         8
       80   -3.129150e+03         h         8         8
       81    6.310439e+03         g         9         0
       82   -2.203348e+03         g         9         1
       83   -6.639428e+03         h         9         1
       84    1.198037e+03         g         9         2
       85   -2.023771e+03         h         9         2
       86    7.227093e+02         g         9         3
       87    6.515393e+03         h         9         3
       88    3.548199e+03         g         9         4
       89   -1.401441e+03         h         9         4
       90   -2.709070e+03         g         9         5
       91    3.721268e+03         h         9         5
       92    1.480809e+03         g         9         6
       93   -1.855406e+02         h         9         6
       94   -1.501625e+03         g         9         7
       95    1.870545e+03         h         9         7
       96    1.360047e+03         g         9         8
       97    8.885627e+02         h         9         8
       98   -2.270802e+03         g         9         9
       99    1.865484e+03         h         9         9
      100   -1.361091e+03         g        10         0
      101    9.484089e+02         g        10         1
      102   -6.521425e+03         h        10         1
      103    1.958953e+03         g        10         2
      104    5.626215e+03         h        10         2
      105    4.225788e+03         g        10         3
      106   -2.081595e+03         h        10         3
      107    4.031620e+03         g        10         4
      108   -1.566879e+03         h        10         4
      109    3.832224e+02         g        10         5
      110   -3.238807e+02         h        10         5
      111    1.982362e+03         g        10         6
      112   -8.155955e+02         h        10         6
      113    7.835064e+02         g        10         7
      114   -1.583895e+03         h        10         7
      115    2.517061e+03         g        10         8
      116    4.707592e+02         h        10         8
      117    8.618905e+02         g        10         9
      118   -7.888716e+02         h        10         9
      119    1.156727e+03         g        10        10
      120    1.571930e+03         h        10        10
      121   -1.462726e+02         g        11         0
      122    3.555154e+03         g        11         1
      123    5.236077e+02         h        11         1
      124   -1.161950e+03         g        11         2
      125    4.831946e+03         h        11         2
      126    4.170204e+03         g        11         3
      127   -3.987575e+03         h        11         3
      128    3.683874e+02         g        11         4
      129   -3.120738e+03         h        11         4
      130    4.434706e+02         g        11         5
      131   -3.638328e+02         h        11         5
      132   -1.079750e+03         g        11         6
      133   -2.756295e+03         h        11         6
      134   -3.731861e+02         g        11         7
      135   -1.445367e+03         h        11         7
      136    8.120821e+02         g        11         8
      137   -1.755161e+03         h        11         8
      138    2.430214e+02         g        11         9
      139   -1.576417e+03         h        11         9
      140   -2.264844e+02         g        11        10
      141   -6.455424e+02         h        11        10
      142    1.003018e+03         g        11        11
      143   -5.378054e+02         h        11        11
      144    1.594022e+03         g        12         0
      145    1.999306e+03         g        12         1
      146    4.769851e+03         h        12         1
      147   -6.738913e+02         g        12         2
      148    1.645674e+03         h        12         2
      149    2.575582e+02         g        12         3
      150   -1.703512e+03         h        12         3
      151   -6.047022e+02         g        12         4
      152   -1.003286e+03         h        12         4
      153   -9.248266e+02         g        12         5
      154    1.148716e+03         h        12         5
      155   -1.170347e+03         g        12         6
      156   -1.175261e+03         h        12         6
      157   -1.963669e+03         g        12         7
      158    7.787946e+02         h        12         7
      159    4.560087e+02         g        12         8
      160   -8.905381e+02         h        12         8
      161   -1.386944e+03         g        12         9
      162   -5.931370e+02         h        12         9
      163   -7.035593e+02         g        12        10
      164   -9.088423e+00         h        12        10
      165   -6.394270e+02         g        12        11
      166    4.436085e+01         h        12        11
      167   -2.177086e+02         g        12        12
      168   -5.754312e+02         h        12        12
      169    5.564555e+02         g        13         0
      170   -6.917911e+02         g        13         1
      171    3.161380e+03         h        13         1
      172    1.191944e+03         g        13         2
      173    3.164775e+02         h        13         2
      174   -1.721673e+03         g        13         3
      175   -1.196742e+02         h        13         3
      176    1.498033e+01         g        13         4
      177    1.945689e+03         h        13         4
      178    2.072585e+02         g        13         5
      179    3.285337e+02         h        13         5
      180    1.469002e+02         g        13         6
      181    1.007139e+03         h        13         6
      182   -7.257552e+02         g        13         7
      183    1.073707e+03         h        13         7
      184    1.085294e+03         g        13         8
      185    3.936008e+02         h        13         8
      186   -6.350884e+02         g        13         9
      187   -1.564773e+02         h        13         9
      188   -8.291425e+01         g        13        10
      189    1.113781e+03         h        13        10
      190   -2.834572e+02         g        13        11
      191    5.000725e+02         h        13        11
      192   -7.808865e+01         g        13        12
      193    5.124902e+02         h        13        12
      194   -3.340808e+02         g        13        13
      195    1.961174e+01         h        13        13
      196    1.106764e+02         g        14         0
      197   -1.783877e+03         g        14         1
      198    8.500200e+00         h        14         1
      199    9.660369e+02         g        14         2
      200   -2.523186e+02         h        14         2
      201   -1.048792e+03         g        14         3
      202    3.576867e+02         h        14         3
      203   -1.292307e+02         g        14         4
      204    1.485540e+03         h        14         4
      205    1.307469e+03         g        14         5
      206   -9.890652e+02         h        14         5
      207    4.577487e+01         g        14         6
      208    8.131748e+02         h        14         6
      209    6.450145e+02         g        14         7
      210    1.196269e+02         h        14         7
      211    7.020338e+02         g        14         8
      212   -2.343184e+02         h        14         8
      213    2.613875e+02         g        14         9
      214   -4.071550e+02         h        14         9
      215    3.699196e+02         g        14        10
      216    4.879598e+02         h        14        10
      217    3.881902e+02         g        14        11
      218    2.610454e+02         h        14        11
      219    2.955826e+02         g        14        12
      220    3.144423e+02         h        14        12
      221    2.963294e+02         g        14        13
      222    1.030854e+02         h        14        13
      223   -5.951835e+01         g        14        14
      224    1.869279e+02         h        14        14
      225    1.330387e+02         g        15         0
      226   -1.523010e+03         g        15         1
      227   -1.449287e+03         h        15         1
      228   -3.397403e+02         g        15         2
      229   -6.240731e+02         h        15         2
      230   -4.443643e+02         g        15         3
      231    6.109328e+02         h        15         3
      232   -6.027431e+02         g        15         4
      233   -1.666828e+02         h        15         4
      234    2.518870e+02         g        15         5
      235   -7.574917e+02         h        15         5
      236   -5.804060e+02         g        15         6
      237    1.752412e+02         h        15         6
      238    3.733940e+02         g        15         7
      239   -1.577367e+02         h        15         7
      240   -3.420776e+02         g        15         8
      241   -6.814497e+02         h        15         8
      242   -1.854391e+02         g        15         9
      243   -2.868717e+02         h        15         9
      244    2.025211e+02         g        15        10
      245   -1.391053e+02         h        15        10
      246   -1.085156e+01         g        15        11
      247   -1.070968e+02         h        15        11
      248    2.282575e+02         g        15        12
      249   -4.587014e+01         h        15        12
      250    1.331943e+02         g        15        13
      251   -1.730829e+02         h        15        13
      252    1.204061e+02         g        15        14
      253   -1.687902e+02         h        15        14
      254    8.811184e+01         g        15        15
      255    7.409171e+01         h        15        15
      256   -6.446217e+02         g        16         0
      257   -7.041782e+02         g        16         1
      258   -9.180518e+02         h        16         1
      259   -6.860659e+02         g        16         2
      260   -3.985874e+02         h        16         2
      261   -2.956682e+02         g        16         3
      262    6.550280e+02         h        16         3
      263   -4.304812e+02         g        16         4
      264   -3.116328e+02         h        16         4
      265   -7.705479e+02         g        16         5
      266    2.116067e+02         h        16         5
      267   -2.970434e+02         g        16         6
      268    3.986520e+02         h        16         6
      269    5.480595e+01         g        16         7
      270    1.424161e+02         h        16         7
      271   -7.213287e+02         g        16         8
      272   -1.884772e+01         h        16         8
      273   -3.809560e+02         g        16         9
      274    2.776192e+02         h        16         9
      275    2.821352e+01         g        16        10
      276    1.150832e+02         h        16        10
      277   -2.815569e+02         g        16        11
      278   -3.693798e+01         h        16        11
      279   -6.671679e+01         g        16        12
      280    2.277900e+02         h        16        12
      281   -8.892473e+01         g        16        13
      282   -1.813466e+02         h        16        13
      283   -7.086421e+01         g        16        14
      284   -7.746533e+01         h        16        14
      285   -8.501471e+01         g        16        15
      286   -1.254734e+02         h        16        15
      287    7.808658e+01         g        16        16
      288   -2.783181e+01         h        16        16
      289   -9.775615e+02         g        17         0
      290    2.446013e+02         g        17         1
      291    1.963243e+02         h        17         1
      292   -8.946793e+01         g        17         2
      293   -5.702704e+01         h        17         2
      294    1.051986e+02         g        17         3
      295    2.438121e+02         h        17         3
      296    1.756521e+02         g        17         4
      297    5.633141e+01         h        17         4
      298   -4.127515e+02         g        17         5
      299    4.850413e+02         h        17         5
      300    4.333602e+02         g        17         6
      301    3.146456e+02         h        17         6
      302    3.201040e+02         g        17         7
      303    9.456665e+01         h        17         7
      304   -3.252112e+02         g        17         8
      305    3.362322e+02         h        17         8
      306    1.428860e+02         g        17         9
      307    4.866271e+02         h        17         9
      308    1.916406e+02         g        17        10
      309    1.517556e+02         h        17        10
      310    4.392625e+01         g        17        11
      311    1.279376e+02         h        17        11
      312   -3.111740e+01         g        17        12
      313    3.409875e+02         h        17        12
      314    7.538310e+01         g        17        13
      315    4.957584e+01         h        17        13
      316   -1.104785e+02         g        17        14
      317    4.979703e+01         h        17        14
      318   -4.358992e+01         g        17        15
      319   -1.166754e+01         h        17        15
      320   -8.970213e+01         g        17        16
      321    3.642555e+01         h        17        16
      322    1.517855e+00         g        17        17
      323   -7.007894e+01         h        17        17
      324   -2.331538e+02         g        18         0
      325    7.555674e+02         g        18         1
      326    5.322105e+02         h        18         1
      327    2.923836e+02         g        18         2
      328   -9.480030e+01         h        18         2
      329    3.874222e+02         g        18         3
      330   -3.482967e+02         h        18         3
      331    4.065419e+02         g        18         4
      332   -1.258826e+02         h        18         4
      333    7.075111e+01         g        18         5
      334    5.712427e+01         h        18         5
      335    5.337172e+02         g        18         6
      336   -3.016393e+02         h        18         6
      337    2.139605e+02         g        18         7
      338   -2.821356e+02         h        18         7
      339    2.219093e+01         g        18         8
      340    4.793610e+01         h        18         8
      341    3.206577e+02         g        18         9
      342    1.364819e+02         h        18         9
      343    2.520161e+02         g        18        10
      344   -2.227248e+02         h        18        10
      345    1.650202e+02         g        18        11
      346   -9.137492e+00         h        18        11
      347    1.318953e+02         g        18        12
      348    4.599196e+01         h        18        12
      349    1.407487e+02         g        18        13
      350    5.139147e+01         h        18        13
      351    5.000423e+01         g        18        14
      352   -4.204011e+01         h        18        14
      353    1.698913e+01         g        18        15
      354    2.053703e+01         h        18        15
      355   -1.233737e+01         g        18        16
      356    1.588000e+01         h        18        16
      357    9.800075e+00         g        18        17
      358    5.601333e+01         h        18        17
      359   -5.643281e+01         g        18        18
      360   -1.605650e+01         h        18        18
      361    3.952126e+02         g        19         0
      362    5.611770e+02         g        19         1
      363    1.542772e+02         h        19         1
      364    9.805741e+01         g        19         2
      365   -1.958273e+02         h        19         2
      366    1.799713e+02         g        19         3
      367   -4.877372e+02         h        19         3
      368    1.113155e+02         g        19         4
      369   -2.406643e+02         h        19         4
      370   -2.304183e+00         g        19         5
      371   -2.127273e+02         h        19         5
      372    3.671929e+01         g        19         6
      373   -4.677523e+02         h        19         6
      374   -2.595960e+02         g        19         7
      375   -3.239717e+02         h        19         7
      376    9.249671e+00         g        19         8
      377   -3.933354e+01         h        19         8
      378    2.055720e+01         g        19         9
      379   -1.564570e+02         h        19         9
      380   -2.122272e+01         g        19        10
      381   -2.774524e+02         h        19        10
      382   -4.131516e+01         g        19        11
      383   -1.433663e+02         h        19        11
      384    4.714624e+01         g        19        12
      385   -1.095033e+02         h        19        12
      386   -2.044966e+01         g        19        13
      387   -6.554074e+01         h        19        13
      388    4.510531e+01         g        19        14
      389   -8.207492e+01         h        19        14
      390   -3.133686e+01         g        19        15
      391   -9.129630e+01         h        19        15
      392    1.917233e+01         g        19        16
      393   -1.269989e+01         h        19        16
      394    4.057129e+00         g        19        17
      395    7.605361e+00         h        19        17
      396    3.463298e+01         g        19        18
      397    5.215390e+00         h        19        18
      398   -2.048250e+01         g        19        19
      399    4.043343e+01         h        19        19
      400    3.156937e+02         g        20         0
      401    8.518417e+01         g        20         1
      402   -1.289124e+02         h        20         1
      403   -1.169267e+02         g        20         2
      404   -4.323614e+01         h        20         2
      405   -8.954937e+01         g        20         3
      406   -9.282709e+01         h        20         3
      407   -1.310503e+02         g        20         4
      408    2.438854e+01         h        20         4
      409   -4.062603e+01         g        20         5
      410   -5.732313e+01         h        20         5
      411   -2.646588e+02         g        20         6
      412   -9.040774e+01         h        20         6
      413   -3.334277e+02         g        20         7
      414    2.165640e+01         h        20         7
      415    1.241225e+01         g        20         8
      416    1.475912e+02         h        20         8
      417   -9.568735e+01         g        20         9
      418   -8.947206e+01         h        20         9
      419   -2.155567e+02         g        20        10
      420    7.390554e-01         h        20        10
      421   -8.920335e+01         g        20        11
      422   -1.903440e+01         h        20        11
      423   -7.975959e+01         g        20        12
      424   -2.025808e+01         h        20        12
      425   -8.839698e+01         g        20        13
      426   -9.798574e+00         h        20        13
      427   -5.325989e+01         g        20        14
      428    6.193889e+00         h        20        14
      429   -5.831931e+01         g        20        15
      430   -7.875570e+01         h        20        15
      431   -5.550180e+01         g        20        16
      432    2.504474e+00         h        20        16
      433   -3.398270e+00         g        20        17
      434   -2.054023e+01         h        20        17
      435    9.750360e+00         g        20        18
      436    7.949692e+00         h        20        18
      437    9.341946e+00         g        20        19
      438   -2.029142e+01         h        20        19
      439    2.862907e+01         g        20        20
      440    2.083621e+01         h        20        20
      441    6.809191e+01         g        21         0
      442   -1.778967e+02         g        21         1
      443   -1.266150e+02         h        21         1
      444   -4.068255e+01         g        21         2
      445    1.484535e+02         h        21         2
      446   -7.650795e+01         g        21         3
      447    2.365671e+02         h        21         3
      448   -4.324622e+01         g        21         4
      449    1.557647e+02         h        21         4
      450    1.446588e+02         g        21         5
      451    8.718566e+01         h        21         5
      452   -1.300075e+02         g        21         6
      453    1.524877e+02         h        21         6
      454   -2.271136e+01         g        21         7
      455    2.107260e+02         h        21         7
      456    1.563496e+02         g        21         8
      457    1.172449e+02         h        21         8
      458    3.170235e+01         g        21         9
      459    7.506950e+00         h        21         9
      460   -1.016350e+02         g        21        10
      461    1.183905e+02         h        21        10
      462    4.377836e+01         g        21        11
      463    9.411207e+01         h        21        11
      464   -1.585292e+01         g        21        12
      465    1.135902e+01         h        21        12
      466   -9.030789e+00         g        21        13
      467    7.848372e+01         h        21        13
      468   -2.196499e+01         g        21        14
      469    4.766478e+01         h        21        14
      470   -1.614125e+01         g        21        15
      471    1.098355e+01         h        21        15
      472   -5.176211e+01         g        21        16
      473    1.489959e+01         h        21        16
      474   -5.262506e-01         g        21        17
      475    2.253588e+01         h        21        17
      476   -1.053226e+01         g        21        18
      477    8.324404e+00         h        21        18
      478    8.949204e+00         g        21        19
      479   -6.860350e+00         h        21        19
      480   -9.632719e+00         g        21        20
      481   -8.187638e+00         h        21        20
      482    1.841477e+01         g        21        21
      483   -1.926072e+01         h        21        21
      484   -1.665944e+01         g        22         0
      485   -1.791053e+02         g        22         1
      486   -1.006278e+02         h        22         1
      487    6.810796e+01         g        22         2
      488    1.489766e+02         h        22         2
      489    2.545588e+01         g        22         3
      490    1.685614e+02         h        22         3
      491    6.264480e+01         g        22         4
      492    7.556618e+00         h        22         4
      493    1.641133e+02         g        22         5
      494    1.278913e+01         h        22         5
      495    3.667436e+01         g        22         6
      496    8.215670e+01         h        22         6
      497    1.388081e+02         g        22         7
      498    7.910565e+01         h        22         7
      499    1.622471e+02         g        22         8
      500   -9.481325e+01         h        22         8
      501    4.762289e+01         g        22         9
      502   -4.590237e+01         h        22         9
      503    3.952944e+01         g        22        10
      504    2.970899e+01         h        22        10
      505    6.903881e+01         g        22        11
      506    1.606619e+01         h        22        11
      507    5.801926e+01         g        22        12
      508   -5.204510e+01         h        22        12
      509    2.995018e+01         g        22        13
      510    2.639796e+01         h        22        13
      511    4.101019e+01         g        22        14
      512    3.051793e+00         h        22        14
      513    1.170220e+01         g        22        15
      514    1.351930e+01         h        22        15
      515    5.254458e+00         g        22        16
      516   -2.662307e+00         h        22        16
      517    5.751523e+00         g        22        17
      518    2.129634e+01         h        22        17
      519    1.405349e+01         g        22        18
      520    1.158524e+01         h        22        18
      521    5.075362e+00         g        22        19
      522    8.931664e+00         h        22        19
      523   -4.735200e+00         g        22        20
      524   -6.064726e+00         h        22        20
      525   -6.106471e+00         g        22        21
      526    3.432110e+00         h        22        21
      527   -1.260904e+01         g        22        22
      528   -1.387401e+01         h        22        22
      529   -5.553359e+01         g        23         0
      530   -8.841983e+01         g        23         1
      531   -6.577927e+01         h        23         1
      532    1.804873e+01         g        23         2
      533    4.879942e+01         h        23         2
      534    1.860348e+01         g        23         3
      535   -1.233487e+01         h        23         3
      536   -6.199952e+00         g        23         4
      537   -7.674894e+01         h        23         4
      538   -1.982753e+01         g        23         5
      539   -4.973504e+01         h        23         5
      540    2.319921e+01         g        23         6
      541    4.224501e+00         h        23         6
      542    5.667288e+01         g        23         7
      543   -4.773633e+01         h        23         7
      544   -1.484636e+01         g        23         8
      545   -1.422123e+02         h        23         8
      546   -5.376835e+01         g        23         9
      547   -6.024714e+01         h        23         9
      548    2.381827e+01         g        23        10
      549   -8.526792e+00         h        23        10
      550   -2.016069e+01         g        23        11
      551   -6.064359e+01         h        23        11
      552    1.800804e+00         g        23        12
      553   -4.718533e+01         h        23        12
      554   -6.168142e+00         g        23        13
      555   -4.054039e+01         h        23        13
      556    1.053893e+01         g        23        14
      557   -2.079484e+01         h        23        14
      558   -6.476637e+00         g        23        15
      559   -1.489211e+01         h        23        15
      560    8.407016e+00         g        23        16
      561   -1.684715e+01         h        23        16
      562   -8.036902e-01         g        23        17
      563   -1.039233e+01         h        23        17
      564    1.590562e+01         g        23        18
      565    4.954823e+00         h        23        18
      566    1.130315e+01         g        23        19
      567   -1.844648e+00         h        23        19
      568    5.711028e+00         g        23        20
      569    8.520225e-01         h        23        20
      570   -4.772911e+00         g        23        21
      571    2.830830e+00         h        23        21
      572    1.827101e-01         g        23        22
      573    5.143828e+00         h        23        22
      574   -1.098048e+01         g        23        23
      575    7.476466e+00         h        23        23
      576   -7.259339e+01         g        24         0
      577    1.154775e+00         g        24         1
      578    4.778771e+01         h        24         1
      579   -5.023912e+01         g        24         2
      580   -1.392632e+01         h        24         2
      581   -2.038899e+01         g        24         3
      582   -4.307205e+01         h        24         3
      583   -7.024645e+01         g        24         4
      584    1.911168e+00         h        24         4
      585   -1.070292e+02         g        24         5
      586    9.315348e+00         h        24         5
      587   -7.639803e+00         g        24         6
      588    2.520282e+01         h        24         6
      589   -1.180336e+01         g        24         7
      590   -1.546793e+01         h        24         7
      591   -1.166451e+02         g        24         8
      592   -1.992555e+01         h        24         8
      593   -6.359279e+01         g        24         9
      594    3.052008e+01         h        24         9
      595   -8.674183e+00         g        24        10
      596    3.222630e+01         h        24        10
      597   -4.735728e+01         g        24        11
      598   -1.504281e+01         h        24        11
      599   -4.957138e+01         g        24        12
      600    2.438899e+01         h        24        12
      601   -1.595481e+01         g        24        13
      602   -1.456607e+01         h        24        13
      603   -2.880083e+01         g        24        14
      604    5.040588e+00         h        24        14
      605   -1.708938e+01         g        24        15
      606    7.902072e+00         h        24        15
      607   -1.002097e+01         g        24        16
      608   -3.100104e+00         h        24        16
      609   -1.087505e+01         g        24        17
      610   -9.544019e+00         h        24        17
      611   -1.127711e+00         g        24        18
      612    1.430518e+00         h        24        18
      613    8.875955e+00         g        24        19
      614   -4.608898e+00         h        24        19
      615    2.410814e+00         g        24        20
      616   -3.459653e+00         h        24        20
      617    1.592018e+00         g        24        21
      618   -3.566388e+00         h        24        21
      619    1.418223e+00         g        24        22
      620    3.750321e+00         h        24        22
      621    3.132870e+00         g        24        23
      622    8.775836e-01         h        24        23
      623    4.033145e+00         g        24        24
      624    7.878801e+00         h        24        24
      625   -1.120774e+01         g        25         0
      626    5.280791e+01         g        25         1
      627    1.143477e+02         h        25         1
      628   -1.851480e+01         g        25         2
      629   -3.827442e+01         h        25         2
      630   -7.961093e+00         g        25         3
      631   -9.218199e+00         h        25         3
      632   -1.594774e+01         g        25         4
      633    5.294526e+01         h        25         4
      634   -3.632141e+01         g        25         5
      635    4.484883e+01         h        25         5
      636    2.923190e+01         g        25         6
      637    2.019920e+01         h        25         6
      638    9.654030e+00         g        25         7
      639    2.230350e+01         h        25         7
      640   -5.339021e+01         g        25         8
      641    5.166773e+01         h        25         8
      642    1.411537e+01         g        25         9
      643    7.116337e+01         h        25         9
      644    2.751182e+01         g        25        10
      645    2.456042e+01         h        25        10
      646    1.369604e+00         g        25        11
      647    3.309221e+01         h        25        11
      648   -1.196700e+01         g        25        12
      649    4.573321e+01         h        25        12
      650    1.577827e+01         g        25        13
      651    1.856453e+01         h        25        13
      652   -6.906102e+00         g        25        14
      653    1.730976e+01         h        25        14
      654    3.757103e+00         g        25        15
      655    2.977423e+01         h        25        15
      656    1.696448e+00         g        25        16
      657    1.087645e+01         h        25        16
      658   -4.776800e+00         g        25        17
      659    4.570806e+00         h        25        17
      660   -1.907133e+00         g        25        18
      661    4.983284e+00         h        25        18
      662    4.029414e+00         g        25        19
      663    2.101836e+00         h        25        19
      664    5.002980e-01         g        25        20
      665   -2.695782e+00         h        25        20
      666   -1.650045e+00         g        25        21
      667   -3.543939e+00         h        25        21
      668   -2.450651e+00         g        25        22
      669   -2.308452e+00         h        25        22
      670    2.737751e+00         g        25        23
      671   -1.219422e+00         h        25        23
      672    8.172950e-01         g        25        24
      673   -1.917263e+00         h        25        24
      674    5.714838e+00         g        25        25
      675   -2.262754e+00         h        25        25
      676    5.071609e+01         g        26         0
      677    4.204553e+01         g        26         1
      678    4.935407e+01         h        26         1
      679    2.934073e+01         g        26         2
      680   -4.578936e+01         h        26         2
      681    9.258475e+00         g        26         3
      682   -2.121881e+01         h        26         3
      683    3.968758e+01         g        26         4
      684    1.186398e+01         h        26         4
      685    2.162637e+01         g        26         5
      686   -2.567391e+00         h        26         5
      687    3.587611e+01         g        26         6
      688   -3.121668e+01         h        26         6
      689    1.491066e+01         g        26         7
      690   -1.196716e+01         h        26         7
      691    1.984575e+01         g        26         8
      692    2.422072e+01         h        26         8
      693    4.135901e+01         g        26         9
      694    1.322213e+01         h        26         9
      695    4.028686e+01         g        26        10
      696   -2.826884e+01         h        26        10
      697    2.195486e+01         g        26        11
      698    9.215357e+00         h        26        11
      699    2.551373e+01         g        26        12
      700    6.456017e+00         h        26        12
      701    2.249089e+01         g        26        13
      702   -1.310453e+00         h        26        13
      703    1.719348e+01         g        26        14
      704   -3.204842e+00         h        26        14
      705    1.809789e+01         g        26        15
      706    8.948723e+00         h        26        15
      707    1.441805e+01         g        26        16
      708    2.536310e+00         h        26        16
      709    5.371528e+00         g        26        17
      710    8.210719e-01         h        26        17
      711    4.764526e+00         g        26        18
      712    9.486386e-01         h        26        18
      713    4.618699e+00         g        26        19
      714    2.128592e+00         h        26        19
      715    2.730510e+00         g        26        20
      716    3.221224e-01         h        26        20
      717   -1.768047e+00         g        26        21
      718   -1.434931e+00         h        26        21
      719   -4.242609e+00         g        26        22
      720   -2.174646e-01         h        26        22
      721   -2.325699e+00         g        26        23
      722    4.525901e-01         h        26        23
      723   -1.029061e+00         g        26        24
      724   -1.968200e+00         h        26        24
      725   -1.176180e+00         g        26        25
      726   -1.009531e+00         h        26        25
      727   -8.442166e-01         g        26        26
      728   -4.042635e+00         h        26        26
      729    3.132964e+01         g        27         0
      730   -5.975516e-01         g        27         1
      731   -3.712833e+01         h        27         1
      732    1.476280e+01         g        27         2
      733   -2.301227e+01         h        27         2
      734   -3.188613e+00         g        27         3
      735   -3.081286e+01         h        27         3
      736    1.877246e+01         g        27         4
      737   -2.368071e+01         h        27         4
      738    6.703601e+00         g        27         5
      739   -3.469687e+01         h        27         5
      740   -1.388384e+01         g        27         6
      741   -4.033082e+01         h        27         6
      742   -1.870414e+01         g        27         7
      743   -3.144923e+01         h        27         7
      744    1.654373e+01         g        27         8
      745   -1.685692e+00         h        27         8
      746    4.116144e+00         g        27         9
      747   -3.146517e+01         h        27         9
      748   -5.724530e+00         g        27        10
      749   -3.752117e+01         h        27        10
      750   -1.264776e+00         g        27        11
      751   -1.603069e+01         h        27        11
      752    9.447048e+00         g        27        12
      753   -1.647973e+01         h        27        12
      754   -5.947791e+00         g        27        13
      755   -1.856841e+01         h        27        13
      756    4.140809e+00         g        27        14
      757   -1.392961e+01         h        27        14
      758    5.652431e+00         g        27        15
      759   -1.279758e+01         h        27        15
      760    3.343919e+00         g        27        16
      761   -7.286310e+00         h        27        16
      762    1.541572e+00         g        27        17
      763   -5.648660e+00         h        27        17
      764    1.724518e+00         g        27        18
      765   -6.245995e+00         h        27        18
      766    1.720950e+00         g        27        19
      767   -2.146454e+00         h        27        19
      768    2.834801e+00         g        27        20
      769   -9.839616e-01         h        27        20
      770    7.051462e-01         g        27        21
      771   -8.918925e-01         h        27        21
      772   -2.754992e+00         g        27        22
      773    9.004506e-01         h        27        22
      774   -1.464871e+00         g        27        23
      775    2.532671e+00         h        27        23
      776   -4.291239e-01         g        27        24
      777    1.789922e+00         h        27        24
      778   -1.479063e+00         g        27        25
      779    5.797132e-01         h        27        25
      780   -7.519231e-01         g        27        26
      781    6.498289e-01         h        27        26
      782   -2.639300e+00         g        27        27
      783    1.164510e-01         h        27        27
      784   -1.912861e+01         g        28         0
      785   -1.952272e+01         g        28         1
      786   -4.425605e+01         h        28         1
      787   -1.480889e+01         g        28         2
      788    1.501763e+01         h        28         2
      789   -1.061328e+01         g        28         3
      790    1.857547e+00         h        28         3
      791   -1.292002e+01         g        28         4
      792   -1.240387e+01         h        28         4
      793   -7.044295e+00         g        28         5
      794   -7.902386e+00         h        28         5
      795   -3.713679e+01         g        28         6
      796    1.329619e+00         h        28         6
      797   -2.600049e+01         g        28         7
      798   -1.671709e+00         h        28         7
      799   -4.130006e-01         g        28         8
      800    7.228156e+00         h        28         8
      801   -1.676401e+01         g        28         9
      802   -1.282396e+01         h        28         9
      803   -3.345792e+01         g        28        10
      804   -1.037709e+00         h        28        10
      805   -1.043480e+01         g        28        11
      806   -7.906350e-01         h        28        11
      807   -9.438278e+00         g        28        12
      808   -3.279450e+00         h        28        12
      809   -1.965839e+01         g        28        13
      810   -1.152354e+00         h        28        13
      811   -9.497606e+00         g        28        14
      812    1.490200e-01         h        28        14
      813   -6.417162e+00         g        28        15
      814   -7.822579e+00         h        28        15
      815   -7.810761e+00         g        28        16
      816   -7.877189e-01         h        28        16
      817   -5.019402e+00         g        28        17
      818   -3.040888e-01         h        28        17
      819   -3.487788e+00         g        28        18
      820   -3.508696e+00         h        28        18
      821   -3.746023e+00         g        28        19
      822   -2.085605e+00         h        28        19
      823    5.081047e-01         g        28        20
      824   -7.922521e-01         h        28        20
      825    1.412658e-01         g        28        21
      826   -1.097163e+00         h        28        21
      827   -9.476239e-01         g        28        22
      828   -5.260535e-01         h        28        22
      829   -2.709231e-01         g        28        23
      830    1.801285e+00         h        28        23
      831    1.394711e+00         g        28        24
      832    1.352718e+00         h        28        24
      833    1.428825e+00         g        28        25
      834    7.816065e-01         h        28        25
      835    2.157686e-01         g        28        26
      836    1.144627e+00         h        28        26
      837    4.482269e-01         g        28        27
      838    4.782682e-01         h        28        27
      839   -2.363435e-01         g        28        28
      840    1.740894e+00         h        28        28
      841   -2.813866e+01         g        29         0
      842   -7.798258e+00         g        29         1
      843   -7.199580e+00         h        29         1
      844   -8.773351e+00         g        29         2
      845    2.676545e+01         h        29         2
      846    3.096246e+00         g        29         3
      847    2.742002e+01         h        29         3
      848   -5.731501e+00         g        29         4
      849    1.746726e+00         h        29         4
      850    8.705103e+00         g        29         5
      851    1.847521e+01         h        29         5
      852   -8.196605e+00         g        29         6
      853    2.434081e+01         h        29         6
      854    1.789405e+00         g        29         7
      855    1.817667e+01         h        29         7
      856    8.660068e+00         g        29         8
      857    7.739226e+00         h        29         8
      858   -1.076662e+00         g        29         9
      859    9.730898e+00         h        29         9
      860   -1.193981e+01         g        29        10
      861    1.866999e+01         h        29        10
      862    4.558035e+00         g        29        11
      863    1.134573e+01         h        29        11
      864   -3.986185e-01         g        29        12
      865    5.444624e+00         h        29        12
      866   -4.351990e+00         g        29        13
      867    1.358568e+01         h        29        13
      868   -1.520088e+00         g        29        14
      869    9.089404e+00         h        29        14
      870   -1.345742e+00         g        29        15
      871    1.219221e+00         h        29        15
      872   -3.327542e+00         g        29        16
      873    6.360702e+00         h        29        16
      874   -6.903629e-01         g        29        17
      875    5.076342e+00         h        29        17
      876   -2.041066e+00         g        29        18
      877    2.487712e+00         h        29        18
      878   -2.911732e+00         g        29        19
      879    3.125036e-01         h        29        19
      880   -6.264572e-01         g        29        20
      881    1.642568e+00         h        29        20
      882   -2.911369e-01         g        29        21
      883   -3.804102e-01         h        29        21
      884   -7.584011e-01         g        29        22
      885   -4.182721e-01         h        29        22
      886   -9.903631e-01         g        29        23
      887    9.560616e-02         h        29        23
      888    1.049031e+00         g        29        24
      889    1.662857e-01         h        29        24
      890    1.354765e+00         g        29        25
      891   -6.577558e-01         h        29        25
      892    8.435595e-01         g        29        26
      893   -8.648668e-01         h        29        26
      894    8.543821e-01         g        29        27
      895   -2.000968e-02         h        29        27
      896    3.386162e-01         g        29        28
      897   -2.942267e-01         h        29        28
      898    1.091033e+00         g        29        29
      899    4.103173e-01         h        29        29
      900   -5.603220e+00         g        30         0
      901    3.758778e+00         g        30         1
      902    9.695280e+00         h        30         1
      903    8.683815e+00         g        30         2
      904    7.926438e+00         h        30         2
      905    1.116476e+01         g        30         3
      906    1.406523e+01         h        30         3
      907    7.985609e+00         g        30         4
      908   -1.971785e+00         h        30         4
      909    1.487497e+01         g        30         5
      910    9.438121e+00         h        30         5
      911    1.798122e+01         g        30         6
      912    7.819376e+00         h        30         6
      913    1.567596e+01         g        30         7
      914    4.587295e+00         h        30         7
      915    1.169339e+01         g        30         8
      916   -9.996779e+00         h        30         8
      917    9.353883e+00         g        30         9
      918    2.486447e+00         h        30         9
      919    9.768266e+00         g        30        10
      920    6.341040e+00         h        30        10
      921    9.219510e+00         g        30        11
      922   -1.538579e+00         h        30        11
      923    7.510840e+00         g        30        12
      924   -3.233882e+00         h        30        12
      925    8.009865e+00         g        30        13
      926    4.972656e+00         h        30        13
      927    6.087230e+00         g        30        14
      928    5.499129e-01         h        30        14
      929    3.398690e+00         g        30        15
      930   -1.086485e+00         h        30        15
      931    2.968749e+00         g        30        16
      932    1.347416e+00         h        30        16
      933    4.784751e+00         g        30        17
      934    2.014451e+00         h        30        17
      935    9.054189e-01         g        30        18
      936    1.189711e+00         h        30        18
      937    8.903572e-01         g        30        19
      938    3.211531e-01         h        30        19
      939   -2.072905e-01         g        30        20
      940    1.061330e+00         h        30        20
      941    8.990881e-01         g        30        21
      942    4.423368e-01         h        30        21
      943   -5.971870e-01         g        30        22
      944    2.091945e-01         h        30        22
      945   -9.431262e-01         g        30        23
      946    6.065404e-02         h        30        23
      947   -4.585680e-01         g        30        24
      948    5.731742e-01         h        30        24
      949    2.479677e-01         g        30        25
      950   -6.944361e-01         h        30        25
      951   -6.756538e-02         g        30        26
      952   -9.546163e-01         h        30        26
      953   -4.940393e-01         g        30        27
      954   -7.396437e-01         h        30        27
      955    1.225182e-01         g        30        28
      956   -6.204868e-01         h        30        28
      957   -1.742957e-01         g        30        29
      958   -2.301564e-01         h        30        29
      959    4.513682e-01         g        30        30
      960   -6.305640e-01         h        30        30
      961    9.228302e+00         g        31         0
      962    2.861006e+00         g        31         1
      963    4.183959e+00         h        31         1
      964    6.760764e+00         g        31         2
      965   -9.309397e+00         h        31         2
      966    2.280148e+00         g        31         3
      967   -6.774627e+00         h        31         3
      968    1.588940e+00         g        31         4
      969   -2.458141e+00         h        31         4
      970   -2.882258e-01         g        31         5
      971   -6.298619e+00         h        31         5
      972    1.233179e+01         g        31         6
      973   -8.225498e+00         h        31         6
      974    2.438259e+00         g        31         7
      975   -7.299543e+00         h        31         7
      976   -3.579626e+00         g        31         8
      977   -1.468916e+01         h        31         8
      978   -4.666440e-02         g        31         9
      979   -6.175370e+00         h        31         9
      980    5.709166e+00         g        31        10
      981   -4.449094e+00         h        31        10
      982   -2.994680e+00         g        31        11
      983   -9.754196e+00         h        31        11
      984   -1.222978e+00         g        31        12
      985   -6.562583e+00         h        31        12
      986    3.405206e+00         g        31        13
      987   -4.586091e+00         h        31        13
      988    5.810353e-01         g        31        14
      989   -5.691009e+00         h        31        14
      990   -2.146060e+00         g        31        15
      991   -3.294900e+00         h        31        15
      992    1.342295e+00         g        31        16
      993   -3.971082e+00         h        31        16
      994    1.729640e+00         g        31        17
      995   -2.096015e+00         h        31        17
      996    2.766838e-01         g        31        18
      997   -1.925907e+00         h        31        18
      998    4.076029e-01         g        31        19
      999   -6.893077e-01         h        31        19
     1000   -2.018764e-01         g        31        20
     1001   -1.153584e+00         h        31        20
     1002    7.707568e-01         g        31        21
     1003    3.228720e-01         h        31        21
     1004    1.972057e-01         g        31        22
     1005   -1.855418e-01         h        31        22
     1006   -1.445647e-01         g        31        23
     1007    5.032287e-01         h        31        23
     1008   -5.016772e-01         g        31        24
     1009    7.620861e-01         h        31        24
     1010    3.381878e-01         g        31        25
     1011    5.057751e-01         h        31        25
     1012   -3.012865e-01         g        31        26
     1013   -1.156922e-01         h        31        26
     1014   -5.977101e-01         g        31        27
     1015   -1.558078e-01         h        31        27
     1016   -6.295094e-01         g        31        28
     1017    2.367282e-01         h        31        28
     1018   -4.030872e-01         g        31        29
     1019   -2.382205e-01         h        31        29
     1020   -1.219105e-01         g        31        30
     1021    1.127348e-01         h        31        30
     1022   -3.399686e-01         g        31        31
     1023   -4.018784e-01         h        31        31
     1024    8.077562e+00         g        32         0
     1025   -1.796597e-01         g        32         1
     1026   -3.282814e-02         h        32         1
     1027   -3.566727e+00         g        32         2
     1028   -8.154235e+00         h        32         2
     1029   -5.636917e+00         g        32         3
     1030   -8.050227e+00         h        32         3
     1031   -7.221814e+00         g        32         4
     1032    5.818182e+00         h        32         4
     1033   -9.783917e+00         g        32         5
     1034   -5.415815e+00         h        32         5
     1035   -1.809822e+00         g        32         6
     1036   -3.716996e+00         h        32         6
     1037   -7.648803e+00         g        32         7
     1038   -1.104123e+00         h        32         7
     1039   -1.137902e+01         g        32         8
     1040   -2.027218e-01         h        32         8
     1041   -6.452646e+00         g        32         9
     1042   -2.992190e-01         h        32         9
     1043   -1.643000e+00         g        32        10
     1044    8.468278e-02         h        32        10
     1045   -8.700975e+00         g        32        11
     1046   -6.417233e-01         h        32        11
     1047   -7.013676e+00         g        32        12
     1048    1.718139e+00         h        32        12
     1049   -1.717754e+00         g        32        13
     1050   -1.690939e+00         h        32        13
     1051   -4.293535e+00         g        32        14
     1052   -5.737308e-01         h        32        14
     1053   -5.318717e+00         g        32        15
     1054    1.326203e+00         h        32        15
     1055   -1.383150e+00         g        32        16
     1056   -9.412238e-01         h        32        16
     1057   -2.286836e+00         g        32        17
     1058   -1.460326e+00         h        32        17
     1059   -1.066308e+00         g        32        18
     1060   -1.130557e-01         h        32        18
     1061   -1.519008e+00         g        32        19
     1062   -1.382747e-01         h        32        19
     1063   -6.810977e-01         g        32        20
     1064   -7.898307e-01         h        32        20
     1065   -4.579869e-01         g        32        21
     1066   -2.553566e-02         h        32        21
     1067    4.941348e-01         g        32        22
     1068   -3.046792e-01         h        32        22
     1069    4.185772e-02         g        32        23
     1070    1.077346e-01         h        32        23
     1071    1.809828e-01         g        32        24
     1072    1.874207e-01         h        32        24
     1073    5.562364e-01         g        32        25
     1074    6.479925e-01         h        32        25
     1075    5.275914e-01         g        32        26
     1076   -1.133734e-01         h        32        26
     1077    2.328584e-02         g        32        27
     1078    1.917793e-01         h        32        27
     1079   -2.893924e-01         g        32        28
     1080    3.349046e-01         h        32        28
     1081    7.031922e-02         g        32        29
     1082    4.420182e-01         h        32        29
     1083   -2.521150e-01         g        32        30
     1084    2.334622e-01         h        32        30
     1085    8.505668e-02         g        32        31
     1086    7.855262e-02         h        32        31
     1087   -3.395677e-01         g        32        32
     1088    1.700276e-01         h        32        32
     1089    3.437911e+00         g        33         0
     1090    5.243649e-01         g        33         1
     1091    1.477421e+00         h        33         1
     1092   -4.887580e+00         g        33         2
     1093   -7.383666e-01         h        33         2
     1094   -2.625446e+00         g        33         3
     1095   -4.181257e-01         h        33         3
     1096   -3.628204e+00         g        33         4
     1097    8.045715e+00         h        33         4
     1098   -3.501991e+00         g        33         5
     1099    1.468272e+00         h        33         5
     1100   -4.509697e+00         g        33         6
     1101    2.948653e+00         h        33         6
     1102   -1.348977e+00         g        33         7
     1103    5.468170e+00         h        33         7
     1104   -3.011519e+00         g        33         8
     1105    9.171730e+00         h        33         8
     1106   -2.509900e-01         g        33         9
     1107    4.202836e+00         h        33         9
     1108    1.314700e+00         g        33        10
     1109    3.590068e+00         h        33        10
     1110   -8.065588e-01         g        33        11
     1111    6.231066e+00         h        33        11
     1112   -8.366786e-01         g        33        12
     1113    5.823877e+00         h        33        12
     1114    1.106964e+00         g        33        13
     1115    1.676802e+00         h        33        13
     1116   -6.794967e-01         g        33        14
     1117    3.533197e+00         h        33        14
     1118   -2.231578e-01         g        33        15
     1119    4.373000e+00         h        33        15
     1120   -2.194123e-02         g        33        16
     1121    2.120450e+00         h        33        16
     1122   -7.313924e-01         g        33        17
     1123    3.301667e-01         h        33        17
     1124   -2.013416e-01         g        33        18
     1125    2.091582e+00         h        33        18
     1126   -3.806503e-01         g        33        19
     1127    8.851901e-01         h        33        19
     1128   -4.790186e-01         g        33        20
     1129    6.848873e-01         h        33        20
     1130   -4.495226e-01         g        33        21
     1131    1.897099e-02         h        33        21
     1132    1.821002e-01         g        33        22
     1133    2.323995e-01         h        33        22
     1134   -2.149231e-02         g        33        23
     1135   -2.895646e-01         h        33        23
     1136    9.988912e-02         g        33        24
     1137   -8.829232e-02         h        33        24
     1138    1.709114e-01         g        33        25
     1139   -6.764012e-03         h        33        25
     1140    6.507260e-01         g        33        26
     1141   -3.505744e-01         h        33        26
     1142    7.007945e-02         g        33        27
     1143   -3.692306e-01         h        33        27
     1144    1.139743e-01         g        33        28
     1145   -8.679347e-02         h        33        28
     1146    1.361295e-01         g        33        29
     1147    2.689052e-01         h        33        29
     1148    2.920226e-01         g        33        30
     1149    9.021414e-03         h        33        30
     1150    1.323641e-01         g        33        31
     1151    2.396649e-01         h        33        31
     1152    4.844932e-02         g        33        32
     1153   -4.120482e-02         h        33        32
     1154    5.635602e-02         g        33        33
     1155    2.674439e-01         h        33        33
     1156   -1.111003e+00         g        34         0
     1157    5.854382e-01         g        34         1
     1158    8.365166e-01         h        34         1
     1159    2.794645e-01         g        34         2
     1160    2.395050e+00         h        34         2
     1161    1.425915e+00         g        34         3
     1162    1.255144e+00         h        34         3
     1163    3.096889e+00         g        34         4
     1164   -7.184718e-01         h        34         4
     1165    2.294373e+00         g        34         5
     1166    1.720924e+00         h        34         5
     1167   -1.904752e+00         g        34         6
     1168    2.667921e-01         h        34         6
     1169    3.987496e+00         g        34         7
     1170    1.203937e+00         h        34         7
     1171    4.259515e+00         g        34         8
     1172    3.057702e+00         h        34         8
     1173    3.159910e+00         g        34         9
     1174    3.511938e-02         h        34         9
     1175    2.344603e+00         g        34        10
     1176   -1.526381e+00         h        34        10
     1177    4.685369e+00         g        34        11
     1178    1.667893e+00         h        34        11
     1179    3.484430e+00         g        34        12
     1180    4.241836e-01         h        34        12
     1181    1.652772e+00         g        34        13
     1182   -1.102753e+00         h        34        13
     1183    2.288107e+00         g        34        14
     1184    4.031417e-01         h        34        14
     1185    3.391319e+00         g        34        15
     1186    1.090813e+00         h        34        15
     1187    1.042933e+00         g        34        16
     1188   -3.051323e-02         h        34        16
     1189    9.974944e-01         g        34        17
     1190   -3.429645e-02         h        34        17
     1191    9.687436e-01         g        34        18
     1192    4.672152e-01         h        34        18
     1193    1.171910e+00         g        34        19
     1194    5.592072e-01         h        34        19
     1195    1.720294e-01         g        34        20
     1196    4.258233e-01         h        34        20
     1197    2.150898e-01         g        34        21
     1198    1.934650e-02         h        34        21
     1199    4.106820e-03         g        34        22
     1200    2.668381e-01         h        34        22
     1201    2.293169e-01         g        34        23
     1202   -9.922788e-02         h        34        23
     1203   -2.188878e-01         g        34        24
     1204    7.113743e-03         h        34        24
     1205   -9.105987e-02         g        34        25
     1206   -6.692213e-02         h        34        25
     1207    4.508695e-02         g        34        26
     1208   -1.350714e-01         h        34        26
     1209   -1.523003e-01         g        34        27
     1210   -5.093261e-01         h        34        27
     1211   -2.303423e-01         g        34        28
     1212   -1.641535e-01         h        34        28
     1213   -1.200993e-01         g        34        29
     1214   -1.043882e-01         h        34        29
     1215    2.129395e-01         g        34        30
     1216   -2.810261e-02         h        34        30
     1217    6.244656e-02         g        34        31
     1218   -1.834966e-01         h        34        31
     1219    2.132640e-01         g        34        32
     1220   -4.201017e-02         h        34        32
     1221   -3.329078e-02         g        34        33
     1222   -1.946003e-02         h        34        33
     1223    1.939828e-01         g        34        34
     1224   -6.180594e-03         h        34        34
     1225   -2.583354e+00         g        35         0
     1226   -3.994404e-01         g        35         1
     1227   -7.566530e-01         h        35         1
     1228    1.843964e+00         g        35         2
     1229    1.699205e+00         h        35         2
     1230    7.255496e-01         g        35         3
     1231   -1.865651e-01         h        35         3
     1232    2.848926e+00         g        35         4
     1233   -4.800662e+00         h        35         4
     1234    9.504150e-01         g        35         5
     1235   -4.082274e-01         h        35         5
     1236   -8.785837e-01         g        35         6
     1237   -1.818091e+00         h        35         6
     1238    1.123799e+00         g        35         7
     1239   -2.713907e+00         h        35         7
     1240    2.431546e+00         g        35         8
     1241   -2.561222e+00         h        35         8
     1242   -2.312169e-01         g        35         9
     1243   -2.150378e+00         h        35         9
     1244   -1.147417e+00         g        35        10
     1245   -3.591985e+00         h        35        10
     1246    1.696068e+00         g        35        11
     1247   -2.166708e+00         h        35        11
     1248    8.902032e-01         g        35        12
     1249   -2.751717e+00         h        35        12
     1250   -1.616896e+00         g        35        13
     1251   -2.164975e+00         h        35        13
     1252    4.614230e-01         g        35        14
     1253   -1.821836e+00         h        35        14
     1254    1.337136e+00         g        35        15
     1255   -1.691125e+00         h        35        15
     1256   -2.574786e-01         g        35        16
     1257   -1.469727e+00         h        35        16
     1258   -1.952486e-01         g        35        17
     1259   -5.155454e-01         h        35        17
     1260    5.403651e-01         g        35        18
     1261   -1.122668e+00         h        35        18
     1262    5.408549e-01         g        35        19
     1263   -2.191788e-01         h        35        19
     1264    2.820298e-01         g        35        20
     1265   -3.111559e-01         h        35        20
     1266    1.010416e-01         g        35        21
     1267   -1.208248e-01         h        35        21
     1268    2.429199e-02         g        35        22
     1269   -1.182431e-01         h        35        22
     1270    3.173628e-01         g        35        23
     1271    9.644400e-02         h        35        23
     1272   -6.813224e-02         g        35        24
     1273   -2.885982e-02         h        35        24
     1274    8.015445e-03         g        35        25
     1275    1.886009e-01         h        35        25
     1276   -1.204646e-01         g        35        26
     1277    8.554051e-02         h        35        26
     1278   -8.843059e-02         g        35        27
     1279   -3.422801e-02         h        35        27
     1280   -3.785546e-01         g        35        28
     1281   -6.840567e-03         h        35        28
     1282   -1.937309e-01         g        35        29
     1283    8.736918e-02         h        35        29
     1284   -1.068772e-01         g        35        30
     1285    7.911907e-02         h        35        30
     1286    3.824876e-02         g        35        31
     1287   -1.554094e-01         h        35        31
     1288   -9.953050e-02         g        35        32
     1289   -6.635981e-02         h        35        32
     1290    1.047612e-02         g        35        33
     1291   -1.653899e-01         h        35        33
     1292   -1.701797e-02         g        35        34
     1293    2.363476e-02         h        35        34
     1294    1.883727e-02         g        35        35
     1295   -1.449219e-01         h        35        35