      IND             SHC     g | h         n         m
        1    5.637179e+05         g         1         0
        2   -9.782068e+04         g         1         1
        3    2.894627e+04         h         1         1
        4    1.793860e+04         g         2         0
        5   -8.681985e+04         g         2         1
        6   -6.508975e+04         h         2         1
        7    7.359523e+04         g         2         2
        8    3.082907e+04         h         2         2
        9    4.678938e+03         g         3         0
       10   -6.332328e+04         g         3         1
       11   -5.544055e+04         h         3         1
       12    2.599110e+04         g         3         2
       13    7.177609e+04         h         3         2
       14   -2.757578e+03         g         3         3
       15   -4.652705e+04         h         3         3
       16   -6.423824e+04         g         4         0
       17   -1.547998e+04         g         4         1
       18    5.999906e+04         h         4         1
       19   -4.891837e+03         g         4         2
       20    5.232603e+04         h         4         2
       21   -2.024949e+04         g         4         3
       22   -1.207860e+03         h         4         3
       23   -3.390375e+04         g         4         4
       24   -2.384463e+03         h         4         4
       25   -3.982047e+04         g         5         0
       26    9.692842e+03         g         5         1
       27    9.664286e+04         h         5         1
       28    3.458037e+04         g         5         2
       29   -2.905801e+03         h         5         2
       30   -3.648293e+04         g         5         3
       31    1.246223e+04         h         5         3
       32   -5.297287e+03         g         5         4
       33    2.206029e+04         h         5         4
       34   -1.026421e+04         g         5         5
       35    2.117670e+04         h         5         5
       36   -4.666116e+04         g         6         0
       37    2.160586e+04         g         6         1
       38    2.963475e+04         h         6         1
       39    2.797630e+04         g         6         2
       40   -2.137953e+04         h         6         2
       41   -2.847764e+04         g         6         3
       42   -5.559589e+02         h         6         3
       43    6.112956e+03         g         6         4
       44    3.204771e+04         h         6         4
       45    3.320283e+03         g         6         5
       46   -8.551373e+03         h         6         5
       47    1.888239e+04         g         6         6
       48    1.098818e+04         h         6         6
       49   -5.002605e+03         g         7         0
       50    1.620413e+04         g         7         1
       51   -1.582997e+04         h         7         1
       52   -1.730112e+04         g         7         2
       53   -3.213835e+04         h         7         2
       54   -5.034042e+03         g         7         3
       55    5.142983e+03         h         7         3
       56   -1.786121e+04         g         7         4
       57    1.399349e+04         h         7         4
       58    8.399485e+03         g         7         5
       59   -1.719500e+04         h         7         5
       60   -6.464710e+03         g         7         6
       61   -5.042340e+03         h         7         6
       62    9.395921e+03         g         7         7
       63   -1.520572e+04         h         7         7
       64    3.598537e+04         g         8         0
       65    9.068678e+02         g         8         1
       66   -1.138647e+04         h         8         1
       67   -2.145953e+04         g         8         2
       68   -3.342380e+04         h         8         2
       69    9.073370e+02         g         8         3
       70    2.977806e+04         h         8         3
       71   -1.384216e+04         g         8         4
       72   -5.040778e+03         h         8         4
       73   -4.683267e+03         g         8         5
       74    6.580544e+03         h         8         5
       75   -1.244030e+04         g         8         6
       76   -9.333475e+03         h         8         6
       77   -3.825693e+03         g         8         7
       78    2.754238e+03         h         8         7
       79   -8.903112e+03         g         8         8
       80   -8.856437e+03         h         8         8
       81    2.008588e+04         g         9         0
       82   -6.958938e+03         g         9         1
       83   -2.111302e+04         h         9         1
       84    3.847875e+03         g         9         2
       85   -6.476776e+03         h         9         2
       86    2.423937e+03         g         9         3
       87    2.076454e+04         h         9         3
       88    1.134361e+04         g         9         4
       89   -4.392752e+03         h         9         4
       90   -8.642794e+03         g         9         5
       91    1.176180e+04         h         9         5
       92    4.798650e+03         g         9         6
       93   -6.742039e+02         h         9         6
       94   -4.908723e+03         g         9         7
       95    5.944997e+03         h         9         7
       96    4.569119e+03         g         9         8
       97    2.722112e+03         h         9         8
       98   -7.197131e+03         g         9         9
       99    5.954465e+03         h         9         9
      100   -4.934315e+03         g        10         0
      101    3.362134e+03         g        10         1
      102   -2.317396e+04         h        10         1
      103    6.990377e+03         g        10         2
      104    1.977059e+04         h        10         2
      105    1.479856e+04         g        10         3
      106   -7.390109e+03         h        10         3
      107    1.440269e+04         g        10         4
      108   -5.725252e+03         h        10         4
      109    1.339961e+03         g        10         5
      110   -1.072308e+03         h        10         5
      111    6.906704e+03         g        10         6
      112   -2.978091e+03         h        10         6
      113    2.933468e+03         g        10         7
      114   -5.573122e+03         h        10         7
      115    8.950722e+03         g        10         8
      116    1.571133e+03         h        10         8
      117    3.129276e+03         g        10         9
      118   -2.698108e+03         h        10         9
      119    3.994892e+03         g        10        10
      120    5.689517e+03         h        10        10
      121   -6.209398e+02         g        11         0
      122    1.393344e+04         g        11         1
      123    2.135815e+03         h        11         1
      124   -4.715631e+03         g        11         2
      125    1.904845e+04         h        11         2
      126    1.648499e+04         g        11         3
      127   -1.574685e+04         h        11         3
      128    1.490831e+03         g        11         4
      129   -1.227074e+04         h        11         4
      130    1.763238e+03         g        11         5
      131   -1.498557e+03         h        11         5
      132   -4.057039e+03         g        11         6
      133   -1.092898e+04         h        11         6
      134   -1.173020e+03         g        11         7
      135   -5.626517e+03         h        11         7
      136    3.097315e+03         g        11         8
      137   -6.944131e+03         h        11         8
      138    9.737378e+02         g        11         9
      139   -6.293435e+03         h        11         9
      140   -5.859384e+02         g        11        10
      141   -2.517227e+03         h        11        10
      142    3.882841e+03         g        11        11
      143   -2.010768e+03         h        11        11
      144    6.814788e+03         g        12         0
      145    8.715018e+03         g        12         1
      146    2.094876e+04         h        12         1
      147   -2.764127e+03         g        12         2
      148    7.129609e+03         h        12         2
      149    9.254626e+02         g        12         3
      150   -7.504780e+03         h        12         3
      151   -2.551744e+03         g        12         4
      152   -4.397815e+03         h        12         4
      153   -4.002634e+03         g        12         5
      154    4.827105e+03         h        12         5
      155   -5.191447e+03         g        12         6
      156   -5.082817e+03         h        12         6
      157   -8.534518e+03         g        12         7
      158    3.255908e+03         h        12         7
      159    2.082946e+03         g        12         8
      160   -3.803727e+03         h        12         8
      161   -6.124004e+03         g        12         9
      162   -2.738585e+03         h        12         9
      163   -3.135113e+03         g        12        10
      164   -1.128541e+02         h        12        10
      165   -2.821892e+03         g        12        11
      166    5.561662e+01         h        12        11
      167   -7.765745e+02         g        12        12
      168   -2.476666e+03         h        12        12
      169    2.740985e+03         g        13         0
      170   -3.451220e+03         g        13         1
      171    1.539421e+04         h        13         1
      172    5.904784e+03         g        13         2
      173    1.532800e+03         h        13         2
      174   -8.506425e+03         g        13         3
      175   -5.550296e+02         h        13         3
      176    1.526875e+02         g        13         4
      177    9.246280e+03         h        13         4
      178    1.118816e+03         g        13         5
      179    1.614506e+03         h        13         5
      180    4.023944e+02         g        13         6
      181    4.969110e+03         h        13         6
      182   -3.493241e+03         g        13         7
      183    5.168272e+03         h        13         7
      184    5.458220e+03         g        13         8
      185    1.904527e+03         h        13         8
      186   -2.983951e+03         g        13         9
      187   -8.125625e+02         h        13         9
      188   -5.291678e+02         g        13        10
      189    5.264224e+03         h        13        10
      190   -1.241316e+03         g        13        11
      191    2.389841e+03         h        13        11
      192   -3.848583e+02         g        13        12
      193    2.515098e+03         h        13        12
      194   -1.651983e+03         g        13        13
      195    2.889605e+01         h        13        13
      196    8.067695e+02         g        14         0
      197   -9.661267e+03         g        14         1
      198    2.888903e+02         h        14         1
      199    5.254491e+03         g        14         2
      200   -1.404149e+03         h        14         2
      201   -5.503329e+03         g        14         3
      202    2.058283e+03         h        14         3
      203   -7.260378e+02         g        14         4
      204    7.980479e+03         h        14         4
      205    7.159947e+03         g        14         5
      206   -5.367382e+03         h        14         5
      207    1.576320e+02         g        14         6
      208    4.329444e+03         h        14         6
      209    3.624967e+03         g        14         7
      210    6.389786e+02         h        14         7
      211    3.942353e+03         g        14         8
      212   -1.513437e+03         h        14         8
      213    1.450119e+03         g        14         9
      214   -2.353699e+03         h        14         9
      215    2.043600e+03         g        14        10
      216    2.418465e+03         h        14        10
      217    2.272173e+03         g        14        11
      218    1.175461e+03         h        14        11
      219    1.580600e+03         g        14        12
      220    1.621708e+03         h        14        12
      221    1.597880e+03         g        14        13
      222    5.526230e+02         h        14        13
      223   -3.249471e+02         g        14        14
      224    9.953475e+02         h        14        14
      225    5.186761e+02         g        15         0
      226   -9.387441e+03         g        15         1
      227   -8.616841e+03         h        15         1
      228   -1.710605e+03         g        15         2
      229   -4.031740e+03         h        15         2
      230   -2.874364e+03         g        15         3
      231    3.543155e+03         h        15         3
      232   -3.652929e+03         g        15         4
      233   -8.715541e+02         h        15         4
      234    1.543966e+03         g        15         5
      235   -4.768851e+03         h        15         5
      236   -3.410610e+03         g        15         6
      237    1.006926e+03         h        15         6
      238    2.256427e+03         g        15         7
      239   -8.941455e+02         h        15         7
      240   -2.061582e+03         g        15         8
      241   -4.368658e+03         h        15         8
      242   -1.232993e+03         g        15         9
      243   -1.750683e+03         h        15         9
      244    1.140453e+03         g        15        10
      245   -1.096318e+03         h        15        10
      246    1.262811e+02         g        15        11
      247   -1.012142e+03         h        15        11
      248    1.168227e+03         g        15        12
      249   -5.789173e+02         h        15        12
      250    9.559315e+02         g        15        13
      251   -1.078582e+03         h        15        13
      252    6.356087e+02         g        15        14
      253   -9.922768e+02         h        15        14
      254    5.311552e+02         g        15        15
      255    3.835882e+02         h        15        15
      256   -4.536911e+03         g        16         0
      257   -5.230492e+03         g        16         1
      258   -6.070747e+03         h        16         1
      259   -4.453119e+03         g        16         2
      260   -2.588493e+03         h        16         2
      261   -2.384684e+03         g        16         3
      262    3.920827e+03         h        16         3
      263   -2.916404e+03         g        16         4
      264   -2.245397e+03         h        16         4
      265   -4.983786e+03         g        16         5
      266    1.198087e+03         h        16         5
      267   -1.921914e+03         g        16         6
      268    2.723638e+03         h        16         6
      269    2.876311e+02         g        16         7
      270    1.068886e+03         h        16         7
      271   -4.604772e+03         g        16         8
      272   -2.178046e+02         h        16         8
      273   -2.760674e+03         g        16         9
      274    1.962933e+03         h        16         9
      275    2.638930e+02         g        16        10
      276    5.787750e+02         h        16        10
      277   -1.838627e+03         g        16        11
      278   -3.332519e+02         h        16        11
      279   -5.461595e+02         g        16        12
      280    8.831466e+02         h        16        12
      281   -6.186510e+02         g        16        13
      282   -1.042149e+03         h        16        13
      283   -5.740043e+02         g        16        14
      284   -6.661685e+02         h        16        14
      285   -5.465600e+02         g        16        15
      286   -6.758284e+02         h        16        15
      287    3.788652e+02         g        16        16
      288   -2.263017e+02         h        16        16
      289   -6.441669e+03         g        17         0
      290    1.453541e+03         g        17         1
      291    1.647646e+03         h        17         1
      292   -8.537004e+02         g        17         2
      293    1.702418e+02         h        17         2
      294    8.469901e+02         g        17         3
      295    1.408296e+03         h        17         3
      296    1.145329e+03         g        17         4
      297    4.903206e+01         h        17         4
      298   -2.895556e+03         g        17         5
      299    3.517977e+03         h        17         5
      300    3.085825e+03         g        17         6
      301    2.473791e+03         h        17         6
      302    2.264814e+03         g        17         7
      303    6.089177e+02         h        17         7
      304   -1.951738e+03         g        17         8
      305    2.561094e+03         h        17         8
      306    8.972082e+02         g        17         9
      307    3.177721e+03         h        17         9
      308    1.651287e+03         g        17        10
      309    1.204132e+03         h        17        10
      310    5.384256e+01         g        17        11
      311    7.248994e+02         h        17        11
      312   -6.890622e+00         g        17        12
      313    1.975525e+03         h        17        12
      314    8.668604e+01         g        17        13
      315    3.650909e+02         h        17        13
      316   -6.797071e+02         g        17        14
      317    3.653459e+02         h        17        14
      318   -4.635193e+02         g        17        15
      319    1.193550e+02         h        17        15
      320   -5.278401e+02         g        17        16
      321    2.297110e+02         h        17        16
      322   -4.673067e+01         g        17        17
      323   -3.151949e+02         h        17        17
      324   -9.674525e+02         g        18         0
      325    6.122060e+03         g        18         1
      326    4.042347e+03         h        18         1
      327    2.423417e+03         g        18         2
      328   -3.354679e+02         h        18         2
      329    3.288676e+03         g        18         3
      330   -2.841585e+03         h        18         3
      331    3.092776e+03         g        18         4
      332   -9.712615e+02         h        18         4
      333    6.551962e+02         g        18         5
      334    5.757226e+02         h        18         5
      335    4.079020e+03         g        18         6
      336   -2.186226e+03         h        18         6
      337    1.804805e+03         g        18         7
      338   -2.383209e+03         h        18         7
      339    2.011123e+02         g        18         8
      340    4.946167e+02         h        18         8
      341    2.712862e+03         g        18         9
      342    4.086709e+02         h        18         9
      343    1.677065e+03         g        18        10
      344   -1.501192e+03         h        18        10
      345    1.133004e+03         g        18        11
      346   -3.895803e+02         h        18        11
      347    1.028425e+03         g        18        12
      348    3.306149e+02         h        18        12
      349    7.375421e+02         g        18        13
      350    9.096413e+01         h        18        13
      351    3.792622e+02         g        18        14
      352    1.003380e+02         h        18        14
      353    1.545000e+02         g        18        15
      354    2.242170e+02         h        18        15
      355    2.626275e+01         g        18        16
      356    2.913218e+02         h        18        16
      357    5.584988e+01         g        18        17
      358    3.616734e+02         h        18        17
      359   -2.280808e+02         g        18        18
      360   -3.471363e+01         h        18        18
      361    3.339275e+03         g        19         0
      362    4.979351e+03         g        19         1
      363    7.470640e+02         h        19         1
      364    1.027069e+03         g        19         2
      365   -1.754102e+03         h        19         2
      366    1.387954e+03         g        19         3
      367   -4.077821e+03         h        19         3
      368    9.360504e+02         g        19         4
      369   -1.725688e+03         h        19         4
      370    1.538961e+02         g        19         5
      371   -1.683850e+03         h        19         5
      372    3.432329e+02         g        19         6
      373   -3.886594e+03         h        19         6
      374   -1.963953e+03         g        19         7
      375   -2.627733e+03         h        19         7
      376   -3.086517e+02         g        19         8
      377   -4.929600e+02         h        19         8
      378    4.648552e+02         g        19         9
      379   -1.372207e+03         h        19         9
      380   -8.667338e+02         g        19        10
      381   -2.326516e+03         h        19        10
      382   -3.151126e+02         g        19        11
      383   -9.699406e+02         h        19        11
      384    1.515506e+02         g        19        12
      385   -8.210368e+02         h        19        12
      386   -1.891134e+02         g        19        13
      387   -6.672028e+02         h        19        13
      388    1.690664e+02         g        19        14
      389   -3.173027e+02         h        19        14
      390    7.863221e+01         g        19        15
      391   -5.385122e+02         h        19        15
      392    1.623023e+02         g        19        16
      393   -8.352950e+01         h        19        16
      394    1.879174e+02         g        19        17
      395   -6.742664e+00         h        19        17
      396    2.290868e+02         g        19        18
      397    5.486608e+01         h        19        18
      398   -7.708411e+01         g        19        19
      399    1.547609e+02         h        19        19
      400    2.226482e+03         g        20         0
      401    7.044428e+02         g        20         1
      402   -1.314610e+03         h        20         1
      403   -1.318825e+03         g        20         2
      404   -7.096809e+02         h        20         2
      405   -9.709756e+02         g        20         3
      406   -8.268990e+02         h        20         3
      407   -1.197555e+03         g        20         4
      408    3.586598e+02         h        20         4
      409   -3.333557e+02         g        20         5
      410   -4.852878e+02         h        20         5
      411   -2.131309e+03         g        20         6
      412   -7.968345e+02         h        20         6
      413   -2.923430e+03         g        20         7
      414    3.468648e+02         h        20         7
      415   -1.072377e+02         g        20         8
      416    1.057043e+03         h        20         8
      417   -8.631525e+02         g        20         9
      418   -3.171509e+02         h        20         9
      419   -2.008736e+03         g        20        10
      420   -1.485381e+02         h        20        10
      421   -8.351589e+02         g        20        11
      422    4.301270e+02         h        20        11
      423   -6.010573e+02         g        20        12
      424   -1.180209e+02         h        20        12
      425   -7.670533e+02         g        20        13
      426    3.513485e+01         h        20        13
      427   -4.685463e+02         g        20        14
      428    1.475728e+02         h        20        14
      429   -2.629198e+02         g        20        15
      430   -3.699433e+02         h        20        15
      431   -3.342476e+02         g        20        16
      432   -1.420736e+02         h        20        16
      433   -2.927590e+01         g        20        17
      434   -1.449809e+02         h        20        17
      435    1.847829e+01         g        20        18
      436   -7.749858e+01         h        20        18
      437    8.814998e+01         g        20        19
      438   -1.220304e+02         h        20        19
      439    9.314191e+01         g        20        20
      440    8.285927e+01         h        20        20
      441    2.207536e+02         g        21         0
      442   -1.903428e+03         g        21         1
      443   -8.100043e+02         h        21         1
      444   -8.151534e+02         g        21         2
      445    1.163711e+03         h        21         2
      446   -6.660900e+02         g        21         3
      447    2.277265e+03         h        21         3
      448   -5.462758e+02         g        21         4
      449    1.501058e+03         h        21         4
      450    1.116383e+03         g        21         5
      451    8.556082e+02         h        21         5
      452   -1.059453e+03         g        21         6
      453    1.462412e+03         h        21         6
      454   -3.225956e+02         g        21         7
      455    1.889202e+03         h        21         7
      456    1.488609e+03         g        21         8
      457    1.126639e+03         h        21         8
      458    9.830582e+01         g        21         9
      459    3.049717e+02         h        21         9
      460   -5.016204e+02         g        21        10
      461    1.093316e+03         h        21        10
      462    3.667332e+02         g        21        11
      463    1.040960e+03         h        21        11
      464    1.599792e+02         g        21        12
      465    2.443824e+02         h        21        12
      466   -8.598590e+01         g        21        13
      467    6.767125e+02         h        21        13
      468   -3.106496e+01         g        21        14
      469    4.868858e+02         h        21        14
      470   -9.119519e+01         g        21        15
      471    1.881301e+02         h        21        15
      472   -2.327499e+02         g        21        16
      473    1.122368e+02         h        21        16
      474   -1.373676e+02         g        21        17
      475    1.478331e+02         h        21        17
      476   -8.528537e+01         g        21        18
      477    4.718749e+01         h        21        18
      478   -2.840418e+01         g        21        19
      479   -1.433635e+01         h        21        19
      480   -5.207033e+01         g        21        20
      481   -8.342475e+01         h        21        20
      482    6.986674e+01         g        21        21
      483   -4.816800e+01         h        21        21
      484   -2.535756e+02         g        22         0
      485   -1.826826e+03         g        22         1
      486   -5.584377e+02         h        22         1
      487    5.481896e+02         g        22         2
      488    1.443612e+03         h        22         2
      489    2.845892e+02         g        22         3
      490    1.895189e+03         h        22         3
      491    5.694354e+02         g        22         4
      492    2.265792e+02         h        22         4
      493    1.402252e+03         g        22         5
      494    2.842530e+02         h        22         5
      495    2.931022e+02         g        22         6
      496    7.983972e+02         h        22         6
      497    1.291515e+03         g        22         7
      498    6.688616e+02         h        22         7
      499    1.554355e+03         g        22         8
      500   -6.330837e+02         h        22         8
      501    3.949730e+02         g        22         9
      502   -5.380426e+02         h        22         9
      503    5.839211e+02         g        22        10
      504    3.624862e+02         h        22        10
      505    7.742496e+02         g        22        11
      506   -7.913759e+01         h        22        11
      507    5.269784e+02         g        22        12
      508   -4.013477e+02         h        22        12
      509    3.816454e+02         g        22        13
      510    1.113827e+02         h        22        13
      511    4.244089e+02         g        22        14
      512    3.943107e+01         h        22        14
      513    1.517879e+02         g        22        15
      514    2.751823e+01         h        22        15
      515    1.472111e+02         g        22        16
      516    7.702076e+01         h        22        16
      517    4.851740e+01         g        22        17
      518    8.625593e+01         h        22        17
      519    8.467177e+01         g        22        18
      520    1.540847e+02         h        22        18
      521    3.677025e+01         g        22        19
      522    6.464798e+01         h        22        19
      523   -1.206863e+01         g        22        20
      524    1.529199e+01         h        22        20
      525   -7.005348e+01         g        22        21
      526    1.017848e+01         h        22        21
      527   -1.767329e+01         g        22        22
      528   -5.305954e+01         h        22        22
      529   -4.860645e+02         g        23         0
      530   -7.443274e+02         g        23         1
      531   -4.528269e+02         h        23         1
      532    3.985170e+02         g        23         2
      533    6.130109e+02         h        23         2
      534    1.640448e+02         g        23         3
      535    1.069477e+02         h        23         3
      536    2.202778e+02         g        23         4
      537   -7.038173e+02         h        23         4
      538   -9.204983e+01         g        23         5
      539   -3.674430e+02         h        23         5
      540    1.394950e+02         g        23         6
      541   -4.572246e+01         h        23         6
      542    6.282947e+02         g        23         7
      543   -4.136604e+02         h        23         7
      544   -1.505550e+02         g        23         8
      545   -1.208512e+03         h        23         8
      546   -4.750985e+02         g        23         9
      547   -6.361436e+02         h        23         9
      548    1.378444e+02         g        23        10
      549   -9.007068e+01         h        23        10
      550   -8.016310e+01         g        23        11
      551   -6.810896e+02         h        23        11
      552   -2.143264e+02         g        23        12
      553   -5.010428e+02         h        23        12
      554    1.716635e+01         g        23        13
      555   -2.966424e+02         h        23        13
      556    4.332903e+01         g        23        14
      557   -3.056935e+02         h        23        14
      558   -5.204965e+01         g        23        15
      559   -1.999701e+02         h        23        15
      560    5.576688e+01         g        23        16
      561   -1.087097e+02         h        23        16
      562    7.086974e+01         g        23        17
      563   -1.514805e+02         h        23        17
      564    6.961729e+01         g        23        18
      565    1.120406e+01         h        23        18
      566    1.285826e+02         g        23        19
      567   -2.560279e+01         h        23        19
      568    4.427634e+01         g        23        20
      569   -8.840110e+00         h        23        20
      570    2.512206e+00         g        23        21
      571    7.140352e+00         h        23        21
      572   -1.081097e+01         g        23        22
      573    4.940249e+01         h        23        22
      574   -3.815232e+01         g        23        23
      575    2.366254e+00         h        23        23
      576   -5.651751e+02         g        24         0
      577    1.527893e+02         g        24         1
      578    4.147613e+02         h        24         1
      579   -1.555164e+02         g        24         2
      580   -9.555751e+01         h        24         2
      581   -1.448990e+02         g        24         3
      582   -5.861489e+02         h        24         3
      583   -3.617020e+02         g        24         4
      584   -2.035862e+02         h        24         4
      585   -9.202953e+02         g        24         5
      586   -4.847188e+01         h        24         5
      587   -9.932622e+01         g        24         6
      588    9.426498e+01         h        24         6
      589   -8.545935e+01         g        24         7
      590   -1.388796e+02         h        24         7
      591   -1.040903e+03         g        24         8
      592   -2.276695e+02         h        24         8
      593   -6.035539e+02         g        24         9
      594    3.305332e+02         h        24         9
      595   -1.078581e+02         g        24        10
      596    2.846269e+02         h        24        10
      597   -4.624452e+02         g        24        11
      598   -8.270848e+01         h        24        11
      599   -5.143077e+02         g        24        12
      600    1.949222e+02         h        24        12
      601   -1.651736e+02         g        24        13
      602    6.720791e+01         h        24        13
      603   -2.448733e+02         g        24        14
      604   -5.269336e+01         h        24        14
      605   -2.252513e+02         g        24        15
      606    7.832526e+01         h        24        15
      607   -1.150761e+02         g        24        16
      608   -1.805365e+01         h        24        16
      609   -7.593286e+01         g        24        17
      610   -8.456450e+01         h        24        17
      611   -6.490124e+01         g        24        18
      612   -4.609542e+01         h        24        18
      613    3.006938e+01         g        24        19
      614   -4.154359e+01         h        24        19
      615    4.031748e+00         g        24        20
      616   -7.443791e+01         h        24        20
      617   -3.188516e-01         g        24        21
      618   -3.161681e+01         h        24        21
      619    2.146132e+00         g        24        22
      620    1.608290e+00         h        24        22
      621    2.787903e+01         g        24        23
      622    2.093577e+01         h        24        23
      623   -3.661520e+00         g        24        24
      624    2.666636e+01         h        24        24
      625    1.360078e+01         g        25         0
      626    5.298032e+02         g        25         1
      627    8.492538e+02         h        25         1
      628   -2.215426e+01         g        25         2
      629   -4.616786e+02         h        25         2
      630   -2.704374e+01         g        25         3
      631   -4.938550e+02         h        25         3
      632   -2.014040e+02         g        25         4
      633    2.786096e+02         h        25         4
      634   -4.414016e+02         g        25         5
      635    1.663881e+02         h        25         5
      636    2.048934e+02         g        25         6
      637    1.053520e+02         h        25         6
      638   -1.398729e+01         g        25         7
      639    1.343806e+02         h        25         7
      640   -4.654428e+02         g        25         8
      641    3.963795e+02         h        25         8
      642    1.353884e+02         g        25         9
      643    6.505904e+02         h        25         9
      644    2.999834e+02         g        25        10
      645    2.496058e+02         h        25        10
      646   -1.927480e+01         g        25        11
      647    2.667984e+02         h        25        11
      648    1.225387e+01         g        25        12
      649    4.562177e+02         h        25        12
      650    1.482971e+02         g        25        13
      651    2.054220e+02         h        25        13
      652    1.292284e+01         g        25        14
      653    1.386842e+02         h        25        14
      654   -1.080734e+01         g        25        15
      655    2.553350e+02         h        25        15
      656    2.942580e+01         g        25        16
      657    1.104230e+02         h        25        16
      658   -5.115244e+01         g        25        17
      659    5.852936e+01         h        25        17
      660   -3.192538e+01         g        25        18
      661    4.246542e+01         h        25        18
      662   -2.690211e+01         g        25        19
      663    2.473177e+01         h        25        19
      664   -2.062677e+01         g        25        20
      665   -8.527875e+00         h        25        20
      666   -4.237908e+01         g        25        21
      667   -1.803736e+01         h        25        21
      668   -2.327473e+01         g        25        22
      669   -4.563428e+00         h        25        22
      670    1.609440e+00         g        25        23
      671    4.682382e-01         h        25        23
      672    2.167797e+01         g        25        24
      673   -1.195726e+01         h        25        24
      674    1.569454e+01         g        25        25
      675    5.390818e+00         h        25        25
      676    4.538797e+02         g        26         0
      677    3.696339e+02         g        26         1
      678    2.348676e+02         h        26         1
      679    9.945332e+01         g        26         2
      680   -5.059008e+02         h        26         2
      681    3.996575e+01         g        26         3
      682   -3.510239e+02         h        26         3
      683    3.729209e+01         g        26         4
      684    1.259973e+02         h        26         4
      685    5.639390e+01         g        26         5
      686   -9.783534e+01         h        26         5
      687    2.256545e+02         g        26         6
      688   -2.119133e+02         h        26         6
      689    8.081293e+00         g        26         7
      690   -1.079359e+02         h        26         7
      691    1.138751e+02         g        26         8
      692    1.849101e+02         h        26         8
      693    4.108932e+02         g        26         9
      694    8.724065e+01         h        26         9
      695    3.117333e+02         g        26        10
      696   -2.592206e+02         h        26        10
      697    1.915226e+02         g        26        11
      698   -1.814802e+01         h        26        11
      699    2.761441e+02         g        26        12
      700    6.162670e+01         h        26        12
      701    2.240648e+02         g        26        13
      702   -1.303052e+02         h        26        13
      703    1.430972e+02         g        26        14
      704   -3.084272e+01         h        26        14
      705    1.631904e+02         g        26        15
      706    3.402707e+01         h        26        15
      707    1.314200e+02         g        26        16
      708   -1.450348e+00         h        26        16
      709    4.461238e+01         g        26        17
      710    5.462004e+00         h        26        17
      711    5.746900e+01         g        26        18
      712    2.757718e+01         h        26        18
      713    2.800912e+01         g        26        19
      714    1.389933e+01         h        26        19
      715    1.259875e+01         g        26        20
      716    3.629167e+01         h        26        20
      717   -2.095200e+00         g        26        21
      718    1.016535e+01         h        26        21
      719   -2.307817e+01         g        26        22
      720    2.122895e+01         h        26        22
      721   -6.490013e+00         g        26        23
      722    1.377603e+01         h        26        23
      723    2.494532e-01         g        26        24
      724   -1.310299e+00         h        26        24
      725   -4.286130e+00         g        26        25
      726   -1.795749e+01         h        26        25
      727    4.539489e+00         g        26        26
      728   -8.401743e+00         h        26        26
      729    1.990147e+02         g        27         0
      730   -1.097363e+01         g        27         1
      731   -3.201587e+02         h        27         1
      732   -1.057547e+02         g        27         2
      733   -1.949884e+02         h        27         2
      734   -6.474621e+01         g        27         3
      735   -4.564334e+01         h        27         3
      736   -3.813349e+00         g        27         4
      737   -4.964457e+01         h        27         4
      738    1.012105e+02         g        27         5
      739   -1.624565e+02         h        27         5
      740   -1.027975e+02         g        27         6
      741   -2.034700e+02         h        27         6
      742   -1.665095e+02         g        27         7
      743   -1.813767e+02         h        27         7
      744    1.191950e+02         g        27         8
      745   -3.848717e+00         h        27         8
      746    6.637249e+01         g        27         9
      747   -2.461408e+02         h        27         9
      748   -1.280988e+02         g        27        10
      749   -3.558606e+02         h        27        10
      750   -3.669518e+01         g        27        11
      751   -1.197713e+02         h        27        11
      752    2.947712e+01         g        27        12
      753   -1.708378e+02         h        27        12
      754   -7.192399e+01         g        27        13
      755   -2.284207e+02         h        27        13
      756   -5.435453e+01         g        27        14
      757   -1.039614e+02         h        27        14
      758    5.170181e+01         g        27        15
      759   -1.178348e+02         h        27        15
      760   -4.649503e+00         g        27        16
      761   -1.037711e+02         h        27        16
      762   -3.060096e+00         g        27        17
      763   -5.250136e+01         h        27        17
      764    2.704704e+01         g        27        18
      765   -4.957388e+01         h        27        18
      766    2.018792e+01         g        27        19
      767   -3.886801e+01         h        27        19
      768    1.785858e+01         g        27        20
      769   -2.701918e+00         h        27        20
      770    2.741265e+01         g        27        21
      771   -2.502680e+00         h        27        21
      772    1.759952e+00         g        27        22
      773    1.815455e+00         h        27        22
      774    8.238419e+00         g        27        23
      775    1.739854e+01         h        27        23
      776    6.796716e+00         g        27        24
      777    6.313567e+00         h        27        24
      778   -2.825321e+00         g        27        25
      779   -1.320777e-01         h        27        25
      780   -1.410433e+01         g        27        26
      781   -9.210605e-01         h        27        26
      782   -4.563290e+00         g        27        27
      783   -4.325074e+00         h        27        27
      784   -1.699041e+02         g        28         0
      785   -1.871143e+02         g        28         1
      786   -2.320378e+02         h        28         1
      787   -1.208445e+02         g        28         2
      788    1.674549e+02         h        28         2
      789   -4.740207e+01         g        28         3
      790    2.713040e+02         h        28         3
      791    2.095194e+01         g        28         4
      792   -3.066663e+01         h        28         4
      793    1.036691e+02         g        28         5
      794    5.267939e+01         h        28         5
      795   -1.712096e+02         g        28         6
      796    4.781995e+01         h        28         6
      797   -1.068687e+02         g        28         7
      798    1.139808e+01         h        28         7
      799    6.602076e+01         g        28         8
      800    5.257940e+01         h        28         8
      801   -1.337809e+02         g        28         9
      802   -9.622035e+01         h        28         9
      803   -2.614142e+02         g        28        10
      804   -2.258034e+01         h        28        10
      805   -1.094825e+02         g        28        11
      806    8.104897e+01         h        28        11
      807   -9.523960e+01         g        28        12
      808   -3.777570e+01         h        28        12
      809   -1.909695e+02         g        28        13
      810    1.741159e+01         h        28        13
      811   -1.194926e+02         g        28        14
      812    5.159366e+01         h        28        14
      813   -4.457921e+01         g        28        15
      814   -2.445751e+01         h        28        15
      815   -9.342216e+01         g        28        16
      816   -1.939082e+01         h        28        16
      817   -6.117532e+01         g        28        17
      818    1.773948e+01         h        28        17
      819   -2.594379e+01         g        28        18
      820   -2.735349e+01         h        28        18
      821   -3.649031e+01         g        28        19
      822   -2.537731e+01         h        28        19
      823   -1.167054e+01         g        28        20
      824   -9.594805e+00         h        28        20
      825    7.306971e-01         g        28        21
      826   -1.274761e+01         h        28        21
      827   -1.135389e+00         g        28        22
      828   -1.367536e+01         h        28        22
      829    7.808730e-01         g        28        23
      830   -2.203415e+00         h        28        23
      831    1.124368e+01         g        28        24
      832   -8.844483e-01         h        28        24
      833    4.051499e+00         g        28        25
      834   -2.748704e+00         h        28        25
      835   -1.646914e+00         g        28        26
      836    2.322829e+00         h        28        26
      837   -3.613296e+00         g        28        27
      838    8.450507e+00         h        28        27
      839   -3.226428e+00         g        28        28
      840    1.974215e+00         h        28        28
      841   -1.851512e+02         g        29         0
      842   -9.519048e+01         g        29         1
      843   -1.853072e+01         h        29         1
      844    7.276265e+01         g        29         2
      845    2.396039e+02         h        29         2
      846    5.335164e+01         g        29         3
      847    2.254499e+02         h        29         3
      848    1.210930e+02         g        29         4
      849   -4.078542e+01         h        29         4
      850    1.308370e+02         g        29         5
      851    1.162290e+02         h        29         5
      852    1.211650e+01         g        29         6
      853    9.725262e+01         h        29         6
      854    8.154589e+01         g        29         7
      855    6.669574e+01         h        29         7
      856    1.043556e+02         g        29         8
      857    2.484698e+01         h        29         8
      858   -3.739299e+01         g        29         9
      859    1.983182e+01         h        29         9
      860   -4.383109e+01         g        29        10
      861    1.480387e+02         h        29        10
      862    4.355914e+01         g        29        11
      863    1.083345e+02         h        29        11
      864    2.248649e+01         g        29        12
      865    3.875966e+01         h        29        12
      866   -3.131806e+01         g        29        13
      867    1.320825e+02         h        29        13
      868    2.777505e+01         g        29        14
      869    1.030929e+02         h        29        14
      870    1.286158e+01         g        29        15
      871    3.059292e+01         h        29        15
      872   -2.122263e+01         g        29        16
      873    5.559552e+01         h        29        16
      874   -4.238722e+00         g        29        17
      875    6.160831e+01         h        29        17
      876   -3.306119e+00         g        29        18
      877    2.323983e+01         h        29        18
      878   -2.658785e+01         g        29        19
      879    1.345147e+01         h        29        19
      880   -1.098664e+01         g        29        20
      881    2.010472e+01         h        29        20
      882   -9.159937e+00         g        29        21
      883    4.575485e+00         h        29        21
      884   -1.118927e+01         g        29        22
      885    3.534695e+00         h        29        22
      886   -8.314061e+00         g        29        23
      887   -2.550148e+00         h        29        23
      888   -3.046883e+00         g        29        24
      889    2.634398e-01         h        29        24
      890    2.000008e+00         g        29        25
      891   -6.226156e+00         h        29        25
      892   -1.922675e+00         g        29        26
      893   -2.888525e+00         h        29        26
      894    1.404628e+00         g        29        27
      895    9.915516e-01         h        29        27
      896    4.839190e+00         g        29        28
      897    3.210368e+00         h        29        28
      898    9.960220e-01         g        29        29
      899    1.562713e+00         h        29        29
      900   -4.694210e+01         g        30         0
      901    3.551504e+01         g        30         1
      902    1.668863e+01         h        30         1
      903    1.020502e+02         g        30         2
      904    8.688734e+01         h        30         2
      905    4.798137e+01         g        30         3
      906   -1.523271e+01         h        30         3
      907    6.974917e+01         g        30         4
      908   -6.294501e+01         h        30         4
      909    3.423438e+01         g        30         5
      910    1.408131e+01         h        30         5
      911    7.906277e+01         g        30         6
      912   -2.049110e+00         h        30         6
      913    8.567021e+01         g        30         7
      914   -1.013096e+01         h        30         7
      915    3.738109e+01         g        30         8
      916   -6.994973e+01         h        30         8
      917    2.433249e+01         g        30         9
      918   -1.495315e+01         h        30         9
      919    7.393643e+01         g        30        10
      920    6.252069e+01         h        30        10
      921    8.058461e+01         g        30        11
      922   -4.135124e+01         h        30        11
      923    5.193743e+01         g        30        12
      924   -3.039265e+01         h        30        12
      925    6.554546e+01         g        30        13
      926    3.257178e+01         h        30        13
      927    8.427321e+01         g        30        14
      928   -1.171211e+01         h        30        14
      929    3.524701e+01         g        30        15
      930   -3.060976e+01         h        30        15
      931    3.043408e+01         g        30        16
      932    1.279472e+01         h        30        16
      933    4.749955e+01         g        30        17
      934    9.425460e+00         h        30        17
      935    2.072946e+01         g        30        18
      936    4.506576e+00         h        30        18
      937    1.165863e+01         g        30        19
      938    8.896157e+00         h        30        19
      939    1.182651e+01         g        30        20
      940    1.310074e+01         h        30        20
      941    8.069415e+00         g        30        21
      942    1.019938e+01         h        30        21
      943    7.156499e-01         g        30        22
      944    1.145918e+01         h        30        22
      945    1.486732e-01         g        30        23
      946    6.974398e+00         h        30        23
      947   -4.302591e+00         g        30        24
      948    5.097943e+00         h        30        24
      949    6.232294e-01         g        30        25
      950    2.760725e+00         h        30        25
      951   -3.456698e+00         g        30        26
      952   -2.523601e+00         h        30        26
      953   -2.502810e+00         g        30        27
      954    3.131303e-01         h        30        27
      955    1.116874e+00         g        30        28
      956   -2.102296e+00         h        30        28
      957    2.949969e+00         g        30        29
      958   -3.059360e+00         h        30        29
      959    8.419649e-01         g        30        30
      960   -3.445729e-01         h        30        30
      961    3.606205e+01         g        31         0
      962    6.136321e+01         g        31         1
      963    2.590502e+01         h        31         1
      964   -1.200671e+01         g        31         2
      965   -4.660107e+01         h        31         2
      966   -1.159204e+01         g        31         3
      967   -9.830256e+01         h        31         3
      968   -4.937687e+01         g        31         4
      969    5.204674e+00         h        31         4
      970   -7.088088e+01         g        31         5
      971   -2.855119e+01         h        31         5
      972    1.895016e+01         g        31         6
      973   -2.155059e+01         h        31         6
      974   -1.753481e+01         g        31         7
      975   -1.057303e+01         h        31         7
      976   -6.503853e+01         g        31         8
      977   -5.071067e+01         h        31         8
      978   -4.695898e+00         g        31         9
      979   -4.801393e+00         h        31         9
      980    2.621088e+01         g        31        10
      981   -5.737669e+00         h        31        10
      982   -1.346799e+01         g        31        11
      983   -7.743423e+01         h        31        11
      984   -3.015981e+01         g        31        12
      985   -3.519838e+01         h        31        12
      986    1.928096e+01         g        31        13
      987   -2.723722e+01         h        31        13
      988    5.854586e+00         g        31        14
      989   -6.496829e+01         h        31        14
      990   -2.935551e+01         g        31        15
      991   -4.056074e+01         h        31        15
      992    2.205729e-01         g        31        16
      993   -2.105322e+01         h        31        16
      994    1.614456e+01         g        31        17
      995   -2.944751e+01         h        31        17
      996   -3.423326e+00         g        31        18
      997   -2.091043e+01         h        31        18
      998    6.632594e+00         g        31        19
      999   -7.602242e+00         h        31        19
     1000    1.115552e+01         g        31        20
     1001   -1.257582e+01         h        31        20
     1002    7.326595e+00         g        31        21
     1003   -3.932340e+00         h        31        21
     1004    9.743865e+00         g        31        22
     1005   -7.017649e-02         h        31        22
     1006    6.373490e+00         g        31        23
     1007    3.876454e-01         h        31        23
     1008    3.537882e+00         g        31        24
     1009    1.223017e+00         h        31        24
     1010    3.106682e+00         g        31        25
     1011    2.852674e+00         h        31        25
     1012    2.214963e+00         g        31        26
     1013    2.549033e-01         h        31        26
     1014   -2.713162e+00         g        31        27
     1015    8.055227e-01         h        31        27
     1016   -3.401861e-01         g        31        28
     1017    7.754653e-01         h        31        28
     1018   -1.167194e+00         g        31        29
     1019   -1.665949e+00         h        31        29
     1020   -1.130333e+00         g        31        30
     1021   -2.070526e+00         h        31        30
     1022    2.412851e-01         g        31        31
     1023   -2.005095e-01         h        31        31
     1024    6.425815e+01         g        32         0
     1025    2.399098e+01         g        32         1
     1026    4.721251e+01         h        32         1
     1027   -4.723284e+01         g        32         2
     1028   -7.190076e+01         h        32         2
     1029   -1.797824e+01         g        32         3
     1030   -3.684604e+01         h        32         3
     1031   -6.413945e+01         g        32         4
     1032    6.497744e+01         h        32         4
     1033   -5.480633e+01         g        32         5
     1034   -7.223940e+00         h        32         5
     1035   -9.815202e+00         g        32         6
     1036    1.023015e+01         h        32         6
     1037   -3.957715e+01         g        32         7
     1038    3.286833e+01         h        32         7
     1039   -5.430395e+01         g        32         8
     1040    2.027213e+01         h        32         8
     1041   -2.460521e+00         g        32         9
     1042    3.920110e+01         h        32         9
     1043    3.576456e-01         g        32        10
     1044    4.036429e+00         h        32        10
     1045   -4.350380e+01         g        32        11
     1046   -2.695450e+00         h        32        11
     1047   -4.181923e+01         g        32        12
     1048    2.940770e+01         h        32        12
     1049   -6.687550e+00         g        32        13
     1050    3.464052e-01         h        32        13
     1051   -3.282420e+01         g        32        14
     1052   -1.158439e+01         h        32        14
     1053   -4.807380e+01         g        32        15
     1054    1.921094e+01         h        32        15
     1055   -1.216526e+01         g        32        16
     1056    7.368899e+00         h        32        16
     1057   -1.528347e+01         g        32        17
     1058   -1.057663e+01         h        32        17
     1059   -2.108692e+01         g        32        18
     1060   -4.137339e-01         h        32        18
     1061   -9.129248e+00         g        32        19
     1062    7.600301e-01         h        32        19
     1063   -3.754911e+00         g        32        20
     1064   -1.016085e+01         h        32        20
     1065   -6.823772e+00         g        32        21
     1066   -7.393593e+00         h        32        21
     1067    1.213027e+00         g        32        22
     1068   -3.970301e+00         h        32        22
     1069    4.746081e-01         g        32        23
     1070   -6.987054e+00         h        32        23
     1071    5.305631e-01         g        32        24
     1072   -3.931615e+00         h        32        24
     1073    1.445789e+00         g        32        25
     1074   -3.611706e+00         h        32        25
     1075    2.136607e+00         g        32        26
     1076   -1.149141e+00         h        32        26
     1077    3.959867e-01         g        32        27
     1078   -2.045881e+00         h        32        27
     1079   -7.953781e-01         g        32        28
     1080    1.343358e+00         h        32        28
     1081    9.066374e-01         g        32        29
     1082   -2.937652e-02         h        32        29
     1083   -8.014618e-01         g        32        30
     1084    3.836633e-01         h        32        30
     1085   -8.260203e-01         g        32        31
     1086    5.009453e-01         h        32        31
     1087    2.254805e-01         g        32        32
     1088   -2.142423e-01         h        32        32
     1089    5.510781e+01         g        33         0
     1090   -1.099081e+01         g        33         1
     1091    1.265745e+01         h        33         1
     1092   -9.563605e+00         g        33         2
     1093   -4.237043e+01         h        33         2
     1094    1.330941e+00         g        33         3
     1095    4.150140e+00         h        33         3
     1096   -1.616923e+01         g        33         4
     1097    3.609810e+01         h        33         4
     1098    1.608144e+00         g        33         5
     1099   -7.139972e+00         h        33         5
     1100   -5.572515e+00         g        33         6
     1101    4.054950e+00         h        33         6
     1102   -6.228510e+00         g        33         7
     1103    2.467500e+01         h        33         7
     1104    7.883987e+00         g        33         8
     1105    2.723802e+01         h        33         8
     1106    1.823217e+01         g        33         9
     1107    2.182547e+01         h        33         9
     1108    1.469894e+01         g        33        10
     1109   -1.531138e+00         h        33        10
     1110   -1.475487e+00         g        33        11
     1111    2.680221e+01         h        33        11
     1112    9.641592e+00         g        33        12
     1113    3.690599e+01         h        33        12
     1114    1.767179e+01         g        33        13
     1115    3.823264e+00         h        33        13
     1116   -4.967056e+00         g        33        14
     1117    1.998810e+01         h        33        14
     1118    5.648150e-02         g        33        15
     1119    3.704287e+01         h        33        15
     1120    1.336532e+01         g        33        16
     1121    1.829780e+01         h        33        16
     1122   -2.109462e+00         g        33        17
     1123    5.118179e+00         h        33        17
     1124   -4.512853e+00         g        33        18
     1125    1.729025e+01         h        33        18
     1126    1.040115e+00         g        33        19
     1127    1.046263e+01         h        33        19
     1128   -4.542938e+00         g        33        20
     1129    3.374041e+00         h        33        20
     1130   -6.299499e+00         g        33        21
     1131    2.180477e+00         h        33        21
     1132   -4.095907e+00         g        33        22
     1133    2.699086e+00         h        33        22
     1134   -3.533505e+00         g        33        23
     1135   -7.197919e-01         h        33        23
     1136   -4.474949e+00         g        33        24
     1137   -1.440620e+00         h        33        24
     1138   -3.052275e+00         g        33        25
     1139   -2.359750e+00         h        33        25
     1140   -2.205238e+00         g        33        26
     1141   -1.213533e+00         h        33        26
     1142   -2.018280e-01         g        33        27
     1143   -1.714603e+00         h        33        27
     1144   -1.979564e+00         g        33        28
     1145   -7.286791e-01         h        33        28
     1146    1.033341e+00         g        33        29
     1147    7.729742e-01         h        33        29
     1148    7.416211e-01         g        33        30
     1149   -1.156472e+00         h        33        30
     1150    4.124292e-01         g        33        31
     1151    7.467458e-01         h        33        31
     1152    3.568217e-01         g        33        32
     1153    4.161486e-01         h        33        32
     1154   -1.723133e-01         g        33        33
     1155   -3.609230e-01         h        33        33
     1156   -7.063748e+00         g        34         0
     1157   -1.995611e+01         g        34         1
     1158   -2.258428e+01         h        34         1
     1159    7.409871e+00         g        34         2
     1160    9.498230e+00         h        34         2
     1161    1.700964e+00         g        34         3
     1162    9.577571e+00         h        34         3
     1163    1.152360e+01         g        34         4
     1164   -1.767556e+01         h        34         4
     1165    1.266229e+01         g        34         5
     1166   -7.191626e+00         h        34         5
     1167   -1.145340e+01         g        34         6
     1168   -8.152388e+00         h        34         6
     1169    7.197010e+00         g        34         7
     1170   -9.360480e+00         h        34         7
     1171    2.074888e+01         g        34         8
     1172   -5.221388e-01         h        34         8
     1173    8.206844e-01         g        34         9
     1174   -1.640742e+01         h        34         9
     1175    4.825051e-01         g        34        10
     1176   -1.843787e+01         h        34        10
     1177    1.280141e+01         g        34        11
     1178    6.883044e+00         h        34        11
     1179    1.965488e+01         g        34        12
     1180   -5.827410e+00         h        34        12
     1181    9.303867e+00         g        34        13
     1182   -1.702589e+01         h        34        13
     1183    4.698420e+00         g        34        14
     1184    3.937585e+00         h        34        14
     1185    2.402155e+01         g        34        15
     1186    4.026948e+00         h        34        15
     1187    1.397345e+01         g        34        16
     1188   -7.249501e+00         h        34        16
     1189    5.148222e+00         g        34        17
     1190   -2.389120e+00         h        34        17
     1191    9.546521e+00         g        34        18
     1192    4.132270e+00         h        34        18
     1193    9.809107e+00         g        34        19
     1194    1.409166e+00         h        34        19
     1195    1.510461e+00         g        34        20
     1196    1.988697e+00         h        34        20
     1197    2.440839e+00         g        34        21
     1198    4.031240e+00         h        34        21
     1199    1.304842e+00         g        34        22
     1200    3.197423e+00         h        34        22
     1201    2.155488e-01         g        34        23
     1202    4.489283e+00         h        34        23
     1203   -1.619721e-01         g        34        24
     1204    2.099254e+00         h        34        24
     1205   -2.566723e+00         g        34        25
     1206    1.470886e+00         h        34        25
     1207   -1.762917e+00         g        34        26
     1208    1.909385e+00         h        34        26
     1209   -6.488433e-01         g        34        27
     1210    8.063395e-01         h        34        27
     1211   -1.379113e+00         g        34        28
     1212    1.953579e-01         h        34        28
     1213   -5.454861e-01         g        34        29
     1214    1.168801e+00         h        34        29
     1215    1.350668e+00         g        34        30
     1216   -9.434311e-01         h        34        30
     1217   -4.989352e-01         g        34        31
     1218   -6.796196e-01         h        34        31
     1219    6.860039e-01         g        34        32
     1220    1.367001e-01         h        34        32
     1221    5.214139e-03         g        34        33
     1222   -1.174893e-01         h        34        33
     1223   -5.682142e-01         g        34        34
     1224    1.259797e-01         h        34        34
     1225   -3.259277e+01         g        35         0
     1226   -9.541921e+00         g        35         1
     1227   -1.127538e+01         h        35         1
     1228    3.050623e+00         g        35         2
     1229    2.774055e+01         h        35         2
     1230   -1.678734e+00         g        35         3
     1231    8.295210e+00         h        35         3
     1232    1.176814e+01         g        35         4
     1233   -2.267150e+01         h        35         4
     1234    2.969360e+00         g        35         5
     1235    4.315763e+00         h        35         5
     1236   -9.356033e+00         g        35         6
     1237   -1.173953e+00         h        35         6
     1238    5.128911e+00         g        35         7
     1239   -1.536123e+01         h        35         7
     1240    3.910341e+00         g        35         8
     1241   -6.727942e+00         h        35         8
     1242   -1.483564e+01         g        35         9
     1243   -1.484211e+01         h        35         9
     1244   -1.398418e+01         g        35        10
     1245   -9.111948e+00         h        35        10
     1246   -3.693933e-01         g        35        11
     1247   -1.023384e+00         h        35        11
     1248   -5.150689e-01         g        35        12
     1249   -1.755300e+01         h        35        12
     1250   -1.512632e+01         g        35        13
     1251   -1.052966e+01         h        35        13
     1252   -5.413656e+00         g        35        14
     1253   -2.590122e+00         h        35        14
     1254    8.334038e+00         g        35        15
     1255   -1.095762e+01         h        35        15
     1256   -5.642218e+00         g        35        16
     1257   -1.429662e+01         h        35        16
     1258   -5.209024e+00         g        35        17
     1259   -3.241897e+00         h        35        17
     1260    4.202083e+00         g        35        18
     1261   -5.847416e+00         h        35        18
     1262    1.768510e+00         g        35        19
     1263   -6.611898e+00         h        35        19
     1264   -8.406429e-03         g        35        20
     1265   -2.388176e+00         h        35        20
     1266    2.978293e+00         g        35        21
     1267   -1.242668e+00         h        35        21
     1268    3.040789e+00         g        35        22
     1269   -1.686452e+00         h        35        22
     1270    2.267792e+00         g        35        23
     1271    8.102267e-01         h        35        23
     1272    3.681065e+00         g        35        24
     1273    3.667515e-01         h        35        24
     1274    5.088210e-01         g        35        25
     1275   -3.865427e-02         h        35        25
     1276    9.113366e-01         g        35        26
     1277    2.103292e+00         h        35        26
     1278    1.275586e+00         g        35        27
     1279    8.266075e-01         h        35        27
     1280    2.847016e-01         g        35        28
     1281    1.114494e+00         h        35        28
     1282    1.418307e-01         g        35        29
     1283    8.330946e-01         h        35        29
     1284    9.986077e-01         g        35        30
     1285    2.635975e-01         h        35        30
     1286   -7.926198e-02         g        35        31
     1287   -1.195442e+00         h        35        31
     1288   -4.270561e-01         g        35        32
     1289    6.573720e-01         h        35        32
     1290    2.344575e-01         g        35        33
     1291   -1.623304e-01         h        35        33
     1292   -2.674207e-01         g        35        34
     1293    2.679753e-01         h        35        34
     1294   -3.903532e-02         g        35        35
     1295    5.996271e-01         h        35        35