      IND             SHC     g | h         n         m
        1    8.027055e+05         g         1         0
        2   -1.392887e+05         g         1         1
        3    4.127131e+04         h         1         1
        4    2.867920e+04         g         2         0
        5   -1.390318e+05         g         2         1
        6   -1.041679e+05         h         2         1
        7    1.178343e+05         g         2         2
        8    4.947291e+04         h         2         2
        9    8.371089e+03         g         3         0
       10   -1.140713e+05         g         3         1
       11   -9.985331e+04         h         3         1
       12    4.680509e+04         g         3         2
       13    1.293994e+05         h         3         2
       14   -4.942291e+03         g         3         3
       15   -8.380313e+04         h         3         3
       16   -1.302451e+05         g         4         0
       17   -3.139548e+04         g         4         1
       18    1.216683e+05         h         4         1
       19   -9.891483e+03         g         4         2
       20    1.061160e+05         h         4         2
       21   -4.106972e+04         g         4         3
       22   -2.454605e+03         h         4         3
       23   -6.872114e+04         g         4         4
       24   -4.846767e+03         h         4         4
       25   -9.076530e+04         g         5         0
       26    2.211544e+04         g         5         1
       27    2.203676e+05         h         5         1
       28    7.891180e+04         g         5         2
       29   -6.646141e+03         h         5         2
       30   -8.323170e+04         g         5         3
       31    2.836758e+04         h         5         3
       32   -1.208169e+04         g         5         4
       33    5.029423e+04         h         5         4
       34   -2.342458e+04         g         5         5
       35    4.823894e+04         h         5         5
       36   -1.197441e+05         g         6         0
       37    5.547324e+04         g         6         1
       38    7.601628e+04         h         6         1
       39    7.176135e+04         g         6         2
       40   -5.490771e+04         h         6         2
       41   -7.306742e+04         g         6         3
       42   -1.432885e+03         h         6         3
       43    1.564994e+04         g         6         4
       44    8.224837e+04         h         6         4
       45    8.518981e+03         g         6         5
       46   -2.195889e+04         h         6         5
       47    4.841190e+04         g         6         6
       48    2.820790e+04         h         6         6
       49   -1.446466e+04         g         7         0
       50    4.679516e+04         g         7         1
       51   -4.566867e+04         h         7         1
       52   -4.996389e+04         g         7         2
       53   -9.282661e+04         h         7         2
       54   -1.449141e+04         g         7         3
       55    1.485080e+04         h         7         3
       56   -5.155585e+04         g         7         4
       57    4.039484e+04         h         7         4
       58    2.425647e+04         g         7         5
       59   -4.962737e+04         h         7         5
       60   -1.866580e+04         g         7         6
       61   -1.454329e+04         h         7         6
       62    2.714072e+04         g         7         7
       63   -4.385715e+04         h         7         7
       64    1.168616e+05         g         8         0
       65    2.921461e+03         g         8         1
       66   -3.693181e+04         h         8         1
       67   -6.970100e+04         g         8         2
       68   -1.085353e+05         h         8         2
       69    2.948373e+03         g         8         3
       70    9.670215e+04         h         8         3
       71   -4.491306e+04         g         8         4
       72   -1.639849e+04         h         8         4
       73   -1.522019e+04         g         8         5
       74    2.131279e+04         h         8         5
       75   -4.035744e+04         g         8         6
       76   -3.030994e+04         h         8         6
       77   -1.241833e+04         g         8         7
       78    8.896074e+03         h         8         7
       79   -2.893941e+04         g         8         8
       80   -2.875151e+04         h         8         8
       81    7.337070e+04         g         9         0
       82   -2.542222e+04         g         9         1
       83   -7.712684e+04         h         9         1
       84    1.406048e+04         g         9         2
       85   -2.365916e+04         h         9         2
       86    8.874559e+03         g         9         3
       87    7.587247e+04         h         9         3
       88    4.149511e+04         g         9         4
       89   -1.610112e+04         h         9         4
       90   -3.157254e+04         g         9         5
       91    4.294419e+04         h         9         5
       92    1.759643e+04         g         9         6
       93   -2.496700e+03         h         9         6
       94   -1.796414e+04         g         9         7
       95    2.168964e+04         h         9         7
       96    1.677463e+04         g         9         8
       97    9.888772e+03         h         9         8
       98   -2.628280e+04         g         9         9
       99    2.171844e+04         h         9         9
      100   -2.036859e+04         g        10         0
      101    1.379653e+04         g        10         1
      102   -9.528851e+04         h        10         1
      103    2.875447e+04         g        10         2
      104    8.129002e+04         h        10         2
      105    6.076947e+04         g        10         3
      106   -3.035714e+04         h        10         3
      107    5.919426e+04         g        10         4
      108   -2.352535e+04         h        10         4
      109    5.487442e+03         g        10         5
      110   -4.382109e+03         h        10         5
      111    2.834447e+04         g        10         6
      112   -1.224127e+04         h        10         6
      113    1.207454e+04         g        10         7
      114   -2.289431e+04         h        10         7
      115    3.677964e+04         g        10         8
      116    6.484697e+03         h        10         8
      117    1.284243e+04         g        10         9
      118   -1.103517e+04         h        10         9
      119    1.635905e+04         g        10        10
      120    2.341742e+04         h        10        10
      121   -2.885519e+03         g        11         0
      122    6.438269e+04         g        11         1
      123    9.878228e+03         h        11         1
      124   -2.182014e+04         g        11         2
      125    8.809548e+04         h        11         2
      126    7.621421e+04         g        11         3
      127   -7.279618e+04         h        11         3
      128    6.853039e+03         g        11         4
      129   -5.674296e+04         h        11         4
      130    8.216790e+03         g        11         5
      131   -6.886507e+03         h        11         5
      132   -1.872082e+04         g        11         6
      133   -5.050581e+04         h        11         6
      134   -5.380599e+03         g        11         7
      135   -2.602695e+04         h        11         7
      136    1.433798e+04         g        11         8
      137   -3.206031e+04         h        11         8
      138    4.542191e+03         g        11         9
      139   -2.912373e+04         h        11         9
      140   -2.672104e+03         g        11        10
      141   -1.164079e+04         h        11        10
      142    1.792539e+04         g        11        11
      143   -9.285485e+03         h        11        11
      144    3.544504e+04         g        12         0
      145    4.533184e+04         g        12         1
      146    1.089420e+05         h        12         1
      147   -1.433929e+04         g        12         2
      148    3.707303e+04         h        12         2
      149    4.783620e+03         g        12         3
      150   -3.898604e+04         h        12         3
      151   -1.328357e+04         g        12         4
      152   -2.283975e+04         h        12         4
      153   -2.079499e+04         g        12         5
      154    2.512010e+04         h        12         5
      155   -2.701583e+04         g        12         6
      156   -2.641458e+04         h        12         6
      157   -4.441099e+04         g        12         7
      158    1.690767e+04         h        12         7
      159    1.087047e+04         g        12         8
      160   -1.972139e+04         h        12         8
      161   -3.186126e+04         g        12         9
      162   -1.426707e+04         h        12         9
      163   -1.627830e+04         g        12        10
      164   -5.966115e+02         h        12        10
      165   -1.465657e+04         g        12        11
      166    2.410397e+02         h        12        11
      167   -4.003578e+03         g        12        12
      168   -1.291555e+04         h        12        12
      169    1.604978e+04         g        13         0
      170   -2.014451e+04         g        13         1
      171    9.007242e+04         h        13         1
      172    3.456479e+04         g        13         2
      173    8.923859e+03         h        13         2
      174   -4.982315e+04         g        13         3
      175   -3.230728e+03         h        13         3
      176    8.836160e+02         g        13         4
      177    5.407994e+04         h        13         4
      178    6.539940e+03         g        13         5
      179    9.454719e+03         h        13         5
      180    2.265297e+03         g        13         6
      181    2.907605e+04         h        13         6
      182   -2.045476e+04         g        13         7
      183    3.022073e+04         h        13         7
      184    3.198544e+04         g        13         8
      185    1.117505e+04         h        13         8
      186   -1.749686e+04         g        13         9
      187   -4.739577e+03         h        13         9
      188   -3.107624e+03         g        13        10
      189    3.083006e+04         h        13        10
      190   -7.250435e+03         g        13        11
      191    1.396459e+04         h        13        11
      192   -2.268312e+03         g        13        12
      193    1.476123e+04         h        13        12
      194   -9.687218e+03         g        13        13
      195    1.582460e+02         h        13        13
      196    5.319890e+03         g        14         0
      197   -6.359374e+04         g        14         1
      198    1.922986e+03         h        14         1
      199    3.465750e+04         g        14         2
      200   -9.289357e+03         h        14         2
      201   -3.621670e+04         g        14         3
      202    1.353217e+04         h        14         3
      203   -4.816478e+03         g        14         4
      204    5.253501e+04         h        14         4
      205    4.716722e+04         g        14         5
      206   -3.532772e+04         h        14         5
      207    1.014626e+03         g        14         6
      208    2.851483e+04         h        14         6
      209    2.384052e+04         g        14         7
      210    4.268040e+03         h        14         7
      211    2.599813e+04         g        14         8
      212   -9.978441e+03         h        14         8
      213    9.547303e+03         g        14         9
      214   -1.544533e+04         h        14         9
      215    1.346538e+04         g        14        10
      216    1.586744e+04         h        14        10
      217    1.499883e+04         g        14        11
      218    7.676182e+03         h        14        11
      219    1.035483e+04         g        14        12
      220    1.063964e+04         h        14        12
      221    1.056326e+04         g        14        13
      222    3.617996e+03         h        14        13
      223   -2.123026e+03         g        14        14
      224    6.540936e+03         h        14        14
      225    3.819496e+03         g        15         0
      226   -6.959248e+04         g        15         1
      227   -6.377915e+04         h        15         1
      228   -1.265230e+04         g        15         2
      229   -2.983987e+04         h        15         2
      230   -2.130318e+04         g        15         3
      231    2.622635e+04         h        15         3
      232   -2.705432e+04         g        15         4
      233   -6.498195e+03         h        15         4
      234    1.147235e+04         g        15         5
      235   -3.532761e+04         h        15         5
      236   -2.521356e+04         g        15         6
      237    7.460906e+03         h        15         6
      238    1.674147e+04         g        15         7
      239   -6.649101e+03         h        15         7
      240   -1.527600e+04         g        15         8
      241   -3.237252e+04         h        15         8
      242   -9.182168e+03         g        15         9
      243   -1.296190e+04         h        15         9
      244    8.398797e+03         g        15        10
      245   -8.106094e+03         h        15        10
      246    9.781108e+02         g        15        11
      247   -7.522916e+03         h        15        11
      248    8.593437e+03         g        15        12
      249   -4.300092e+03         h        15        12
      250    7.108032e+03         g        15        13
      251   -7.943481e+03         h        15        13
      252    4.715361e+03         g        15        14
      253   -7.341522e+03         h        15        14
      254    3.912777e+03         g        15        15
      255    2.856855e+03         h        15        15
      256   -3.781564e+04         g        16         0
      257   -4.367382e+04         g        16         1
      258   -5.060745e+04         h        16         1
      259   -3.711655e+04         g        16         2
      260   -2.151414e+04         h        16         2
      261   -1.989041e+04         g        16         3
      262    3.261381e+04         h        16         3
      263   -2.427568e+04         g        16         4
      264   -1.871060e+04         h        16         4
      265   -4.151874e+04         g        16         5
      266    9.971880e+03         h        16         5
      267   -1.598529e+04         g        16         6
      268    2.269899e+04         h        16         6
      269    2.398472e+03         g        16         7
      270    8.851312e+03         h        16         7
      271   -3.833184e+04         g        16         8
      272   -1.857261e+03         h        16         8
      273   -2.303921e+04         g        16         9
      274    1.632380e+04         h        16         9
      275    2.204685e+03         g        16        10
      276    4.757776e+03         h        16        10
      277   -1.533388e+04         g        16        11
      278   -2.841542e+03         h        16        11
      279   -4.561692e+03         g        16        12
      280    7.276557e+03         h        16        12
      281   -5.149577e+03         g        16        13
      282   -8.682148e+03         h        16        13
      283   -4.771733e+03         g        16        14
      284   -5.567808e+03         h        16        14
      285   -4.523068e+03         g        16        15
      286   -5.639634e+03         h        16        15
      287    3.115684e+03         g        16        16
      288   -1.938604e+03         h        16        16
      289   -6.032521e+04         g        17         0
      290    1.362876e+04         g        17         1
      291    1.542492e+04         h        17         1
      292   -8.002798e+03         g        17         2
      293    1.627274e+03         h        17         2
      294    7.932892e+03         g        17         3
      295    1.315965e+04         h        17         3
      296    1.069455e+04         g        17         4
      297    4.272709e+02         h        17         4
      298   -2.712244e+04         g        17         5
      299    3.303616e+04         h        17         5
      300    2.891792e+04         g        17         6
      301    2.319705e+04         h        17         6
      302    2.118530e+04         g        17         7
      303    5.644304e+03         h        17         7
      304   -1.824778e+04         g        17         8
      305    2.399962e+04         h        17         8
      306    8.356774e+03         g        17         9
      307    2.973691e+04         h        17         9
      308    1.546411e+04         g        17        10
      309    1.128697e+04         h        17        10
      310    4.220567e+02         g        17        11
      311    6.790013e+03         h        17        11
      312   -5.685115e+01         g        17        12
      313    1.841968e+04         h        17        12
      314    7.663317e+02         g        17        13
      315    3.407796e+03         h        17        13
      316   -6.355634e+03         g        17        14
      317    3.479164e+03         h        17        14
      318   -4.368602e+03         g        17        15
      319    1.180277e+03         h        17        15
      320   -4.948871e+03         g        17        16
      321    2.133014e+03         h        17        16
      322   -4.526633e+02         g        17        17
      323   -2.908814e+03         h        17        17
      324   -1.018546e+04         g        18         0
      325    6.453985e+04         g        18         1
      326    4.261152e+04         h        18         1
      327    2.555419e+04         g        18         2
      328   -3.564280e+03         h        18         2
      329    3.467453e+04         g        18         3
      330   -2.993528e+04         h        18         3
      331    3.258315e+04         g        18         4
      332   -1.024422e+04         h        18         4
      333    6.958715e+03         g        18         5
      334    6.132407e+03         h        18         5
      335    4.298175e+04         g        18         6
      336   -2.306540e+04         h        18         6
      337    1.903482e+04         g        18         7
      338   -2.513598e+04         h        18         7
      339    2.118700e+03         g        18         8
      340    5.236364e+03         h        18         8
      341    2.858820e+04         g        18         9
      342    4.285254e+03         h        18         9
      343    1.760951e+04         g        18        10
      344   -1.578342e+04         h        18        10
      345    1.193079e+04         g        18        11
      346   -4.102937e+03         h        18        11
      347    1.084133e+04         g        18        12
      348    3.475411e+03         h        18        12
      349    7.734572e+03         g        18        13
      350    9.153262e+02         h        18        13
      351    4.006784e+03         g        18        14
      352    1.116109e+03         h        18        14
      353    1.664815e+03         g        18        15
      354    2.439592e+03         h        18        15
      355    3.022694e+02         g        18        16
      356    3.060988e+03         h        18        16
      357    5.669129e+02         g        18        17
      358    3.815545e+03         h        18        17
      359   -2.378866e+03         g        18        18
      360   -4.131763e+02         h        18        18
      361    3.960196e+04         g        19         0
      362    5.907997e+04         g        19         1
      363    8.864625e+03         h        19         1
      364    1.222687e+04         g        19         2
      365   -2.083568e+04         h        19         2
      366    1.648688e+04         g        19         3
      367   -4.834160e+04         h        19         3
      368    1.113268e+04         g        19         4
      369   -2.048851e+04         h        19         4
      370    1.872466e+03         g        19         5
      371   -1.991384e+04         h        19         5
      372    4.083408e+03         g        19         6
      373   -4.607476e+04         h        19         6
      374   -2.325920e+04         g        19         7
      375   -3.118037e+04         h        19         7
      376   -3.674203e+03         g        19         8
      377   -5.885662e+03         h        19         8
      378    5.539743e+03         g        19         9
      379   -1.629225e+04         h        19         9
      380   -1.031350e+04         g        19        10
      381   -2.761170e+04         h        19        10
      382   -3.702943e+03         g        19        11
      383   -1.147526e+04         h        19        11
      384    1.815646e+03         g        19        12
      385   -9.738625e+03         h        19        12
      386   -2.259467e+03         g        19        13
      387   -7.947276e+03         h        19        13
      388    1.985189e+03         g        19        14
      389   -3.755163e+03         h        19        14
      390    1.018457e+03         g        19        15
      391   -6.347758e+03         h        19        15
      392    1.946547e+03         g        19        16
      393   -1.000786e+03         h        19        16
      394    2.172552e+03         g        19        17
      395   -5.504260e+01         h        19        17
      396    2.735801e+03         g        19        18
      397    6.330178e+02         h        19        18
      398   -8.840687e+02         g        19        19
      399    1.814930e+03         h        19        19
      400    2.966990e+04         g        20         0
      401    9.432094e+03         g        20         1
      402   -1.754501e+04         h        20         1
      403   -1.761235e+04         g        20         2
      404   -9.513529e+03         h        20         2
      405   -1.292352e+04         g        20         3
      406   -1.101858e+04         h        20         3
      407   -1.595266e+04         g        20         4
      408    4.680507e+03         h        20         4
      409   -4.427112e+03         g        20         5
      410   -6.452730e+03         h        20         5
      411   -2.836593e+04         g        20         6
      412   -1.063999e+04         h        20         6
      413   -3.903905e+04         g        20         7
      414    4.576668e+03         h        20         7
      415   -1.451871e+03         g        20         8
      416    1.407326e+04         h        20         8
      417   -1.148767e+04         g        20         9
      418   -4.209448e+03         h        20         9
      419   -2.683218e+04         g        20        10
      420   -2.005295e+03         h        20        10
      421   -1.111358e+04         g        20        11
      422    5.792610e+03         h        20        11
      423   -7.966165e+03         g        20        12
      424   -1.595968e+03         h        20        12
      425   -1.025176e+04         g        20        13
      426    4.941926e+02         h        20        13
      427   -6.297460e+03         g        20        14
      428    1.976427e+03         h        20        14
      429   -3.470907e+03         g        20        15
      430   -4.863327e+03         h        20        15
      431   -4.483698e+03         g        20        16
      432   -1.893787e+03         h        20        16
      433   -4.028451e+02         g        20        17
      434   -1.908687e+03         h        20        17
      435    2.656424e+02         g        20        18
      436   -1.036430e+03         h        20        18
      437    1.190624e+03         g        20        19
      438   -1.638440e+03         h        20        19
      439    1.220769e+03         g        20        20
      440    1.084741e+03         h        20        20
      441    3.260858e+03         g        21         0
      442   -2.855027e+04         g        21         1
      443   -1.218573e+04         h        21         1
      444   -1.226817e+04         g        21         2
      445    1.736115e+04         h        21         2
      446   -1.002674e+04         g        21         3
      447    3.419467e+04         h        21         3
      448   -8.248961e+03         g        21         4
      449    2.250167e+04         h        21         4
      450    1.667102e+04         g        21         5
      451    1.278040e+04         h        21         5
      452   -1.586772e+04         g        21         6
      453    2.187640e+04         h        21         6
      454   -4.855214e+03         g        21         7
      455    2.832594e+04         h        21         7
      456    2.232388e+04         g        21         8
      457    1.693741e+04         h        21         8
      458    1.475046e+03         g        21         9
      459    4.652212e+03         h        21         9
      460   -7.526909e+03         g        21        10
      461    1.642570e+04         h        21        10
      462    5.490510e+03         g        21        11
      463    1.567902e+04         h        21        11
      464    2.450967e+03         g        21        12
      465    3.637547e+03         h        21        12
      466   -1.311638e+03         g        21        13
      467    1.015716e+04         h        21        13
      468   -4.738956e+02         g        21        14
      469    7.295745e+03         h        21        14
      470   -1.405782e+03         g        21        15
      471    2.875823e+03         h        21        15
      472   -3.448881e+03         g        21        16
      473    1.672206e+03         h        21        16
      474   -2.046607e+03         g        21        17
      475    2.255197e+03         h        21        17
      476   -1.312587e+03         g        21        18
      477    6.781088e+02         h        21        18
      478   -4.178203e+02         g        21        19
      479   -2.309543e+02         h        21        19
      480   -8.185686e+02         g        21        20
      481   -1.233611e+03         h        21        20
      482    1.056078e+03         g        21        21
      483   -7.096093e+02         h        21        21
      484   -4.258875e+03         g        22         0
      485   -3.081362e+04         g        22         1
      486   -9.398220e+03         h        22         1
      487    9.253317e+03         g        22         2
      488    2.431847e+04         h        22         2
      489    4.786635e+03         g        22         3
      490    3.198467e+04         h        22         3
      491    9.623098e+03         g        22         4
      492    3.899187e+03         h        22         4
      493    2.357340e+04         g        22         5
      494    4.795141e+03         h        22         5
      495    4.945502e+03         g        22         6
      496    1.347805e+04         h        22         6
      497    2.187408e+04         g        22         7
      498    1.130447e+04         h        22         7
      499    2.619683e+04         g        22         8
      500   -1.066125e+04         h        22         8
      501    6.599315e+03         g        22         9
      502   -9.057504e+03         h        22         9
      503    9.961265e+03         g        22        10
      504    6.175447e+03         h        22        10
      505    1.299647e+04         g        22        11
      506   -1.310952e+03         h        22        11
      507    8.943247e+03         g        22        12
      508   -6.748554e+03         h        22        12
      509    6.411409e+03         g        22        13
      510    1.839790e+03         h        22        13
      511    7.150860e+03         g        22        14
      512    6.449791e+02         h        22        14
      513    2.497058e+03         g        22        15
      514    4.717648e+02         h        22        15
      515    2.535834e+03         g        22        16
      516    1.316075e+03         h        22        16
      517    8.085350e+02         g        22        17
      518    1.485325e+03         h        22        17
      519    1.411072e+03         g        22        18
      520    2.619707e+03         h        22        18
      521    6.015587e+02         g        22        19
      522    1.095224e+03         h        22        19
      523   -2.305662e+02         g        22        20
      524    2.525233e+02         h        22        20
      525   -1.109782e+03         g        22        21
      526    2.116291e+02         h        22        21
      527   -3.410397e+02         g        22        22
      528   -9.299221e+02         h        22        22
      529   -9.100246e+03         g        23         0
      530   -1.406997e+04         g        23         1
      531   -8.519973e+03         h        23         1
      532    7.589034e+03         g        23         2
      533    1.165511e+04         h        23         2
      534    3.101419e+03         g        23         3
      535    2.004162e+03         h        23         3
      536    4.245659e+03         g        23         4
      537   -1.336730e+04         h        23         4
      538   -1.730030e+03         g        23         5
      539   -6.950810e+03         h        23         5
      540    2.663133e+03         g        23         6
      541   -8.585456e+02         h        23         6
      542    1.197378e+04         g        23         7
      543   -7.830153e+03         h        23         7
      544   -2.890862e+03         g        23         8
      545   -2.293530e+04         h        23         8
      546   -9.027043e+03         g        23         9
      547   -1.208791e+04         h        23         9
      548    2.656610e+03         g        23        10
      549   -1.660141e+03         h        23        10
      550   -1.576419e+03         g        23        11
      551   -1.295637e+04         h        23        11
      552   -4.037456e+03         g        23        12
      553   -9.483245e+03         h        23        12
      554    3.552027e+02         g        23        13
      555   -5.686340e+03         h        23        13
      556    7.997361e+02         g        23        14
      557   -5.790791e+03         h        23        14
      558   -1.030091e+03         g        23        15
      559   -3.743817e+03         h        23        15
      560    1.047108e+03         g        23        16
      561   -2.032003e+03         h        23        16
      562    1.348021e+03         g        23        17
      563   -2.830235e+03         h        23        17
      564    1.338030e+03         g        23        18
      565    2.553919e+02         h        23        18
      566    2.458020e+03         g        23        19
      567   -4.802695e+02         h        23        19
      568    8.132474e+02         g        23        20
      569   -1.588655e+02         h        23        20
      570    7.930862e+01         g        23        21
      571    1.423609e+02         h        23        21
      572   -2.090588e+02         g        23        22
      573    8.447183e+02         h        23        22
      574   -7.512542e+02         g        23        23
      575    8.350871e+01         h        23        23
      576   -1.203829e+04         g        24         0
      577    3.274613e+03         g        24         1
      578    8.898533e+03         h        24         1
      579   -3.310938e+03         g        24         2
      580   -1.979565e+03         h        24         2
      581   -3.124313e+03         g        24         3
      582   -1.255735e+04         h        24         3
      583   -7.723366e+03         g        24         4
      584   -4.345300e+03         h        24         4
      585   -1.959998e+04         g        24         5
      586   -1.061328e+03         h        24         5
      587   -2.154628e+03         g        24         6
      588    1.921037e+03         h        24         6
      589   -1.846014e+03         g        24         7
      590   -2.965485e+03         h        24         7
      591   -2.222165e+04         g        24         8
      592   -4.848108e+03         h        24         8
      593   -1.280660e+04         g        24         9
      594    7.076769e+03         h        24         9
      595   -2.365242e+03         g        24        10
      596    6.033403e+03         h        24        10
      597   -9.890909e+03         g        24        11
      598   -1.781648e+03         h        24        11
      599   -1.099913e+04         g        24        12
      600    4.141596e+03         h        24        12
      601   -3.501552e+03         g        24        13
      602    1.384158e+03         h        24        13
      603   -5.199511e+03         g        24        14
      604   -1.124994e+03         h        24        14
      605   -4.837497e+03         g        24        15
      606    1.753859e+03         h        24        15
      607   -2.444647e+03         g        24        16
      608   -3.827281e+02         h        24        16
      609   -1.622870e+03         g        24        17
      610   -1.779827e+03         h        24        17
      611   -1.297534e+03         g        24        18
      612   -1.000192e+03         h        24        18
      613    6.512955e+02         g        24        19
      614   -8.672638e+02         h        24        19
      615    7.108642e+01         g        24        20
      616   -1.600867e+03         h        24        20
      617    2.497702e+00         g        24        21
      618   -6.481657e+02         h        24        21
      619    8.161204e+00         g        24        22
      620   -1.138443e+01         h        24        22
      621    5.593890e+02         g        24        23
      622    4.013324e+02         h        24        23
      623   -6.426011e+01         g        24        24
      624    5.519969e+02         h        24        24
      625    3.020171e+02         g        25         0
      626    1.278138e+04         g        25         1
      627    2.040708e+04         h        25         1
      628   -4.806037e+02         g        25         2
      629   -1.109020e+04         h        25         2
      630   -6.941949e+02         g        25         3
      631   -1.184632e+04         h        25         3
      632   -4.842161e+03         g        25         4
      633    6.737117e+03         h        25         4
      634   -1.057909e+04         g        25         5
      635    3.981879e+03         h        25         5
      636    4.863244e+03         g        25         6
      637    2.490488e+03         h        25         6
      638   -3.669312e+02         g        25         7
      639    3.220030e+03         h        25         7
      640   -1.119062e+04         g        25         8
      641    9.507404e+03         h        25         8
      642    3.268460e+03         g        25         9
      643    1.565049e+04         h        25         9
      644    7.169937e+03         g        25        10
      645    5.918661e+03         h        25        10
      646   -5.093085e+02         g        25        11
      647    6.446870e+03         h        25        11
      648    2.805764e+02         g        25        12
      649    1.094791e+04         h        25        12
      650    3.497312e+03         g        25        13
      651    4.888066e+03         h        25        13
      652    3.498376e+02         g        25        14
      653    3.322517e+03         h        25        14
      654   -2.465983e+02         g        25        15
      655    6.148713e+03         h        25        15
      656    7.410521e+02         g        25        16
      657    2.707758e+03         h        25        16
      658   -1.235267e+03         g        25        17
      659    1.369233e+03         h        25        17
      660   -6.824048e+02         g        25        18
      661    1.017236e+03         h        25        18
      662   -6.975689e+02         g        25        19
      663    5.783050e+02         h        25        19
      664   -4.910389e+02         g        25        20
      665   -2.109397e+02         h        25        20
      666   -1.062221e+03         g        25        21
      667   -4.057329e+02         h        25        21
      668   -5.615073e+02         g        25        22
      669   -1.232299e+02         h        25        22
      670    2.489411e+01         g        25        23
      671    1.445538e+01         h        25        23
      672    4.617170e+02         g        25        24
      673   -3.275549e+02         h        25        24
      674    3.801099e+02         g        25        25
      675    1.319960e+02         h        25        25
      676    1.219594e+04         g        26         0
      677    1.003059e+04         g        26         1
      678    6.335713e+03         h        26         1
      679    2.809757e+03         g        26         2
      680   -1.374235e+04         h        26         2
      681    1.029190e+03         g        26         3
      682   -9.391606e+03         h        26         3
      683    1.040080e+03         g        26         4
      684    3.414146e+03         h        26         4
      685    1.511275e+03         g        26         5
      686   -2.650577e+03         h        26         5
      687    6.130540e+03         g        26         6
      688   -5.640829e+03         h        26         6
      689    1.915354e+02         g        26         7
      690   -2.968072e+03         h        26         7
      691    3.063814e+03         g        26         8
      692    4.933821e+03         h        26         8
      693    1.106951e+04         g        26         9
      694    2.386967e+03         h        26         9
      695    8.401329e+03         g        26        10
      696   -7.057994e+03         h        26        10
      697    5.141576e+03         g        26        11
      698   -4.456538e+02         h        26        11
      699    7.455302e+03         g        26        12
      700    1.646349e+03         h        26        12
      701    5.989071e+03         g        26        13
      702   -3.568996e+03         h        26        13
      703    3.841910e+03         g        26        14
      704   -8.543066e+02         h        26        14
      705    4.466669e+03         g        26        15
      706    8.849453e+02         h        26        15
      707    3.563495e+03         g        26        16
      708    2.403111e+01         h        26        16
      709    1.264750e+03         g        26        17
      710    1.055045e+02         h        26        17
      711    1.552556e+03         g        26        18
      712    7.709094e+02         h        26        18
      713    7.408927e+02         g        26        19
      714    3.473075e+02         h        26        19
      715    3.234387e+02         g        26        20
      716    9.979740e+02         h        26        20
      717   -1.170427e+02         g        26        21
      718    2.755206e+02         h        26        21
      719   -6.085254e+02         g        26        22
      720    6.165291e+02         h        26        22
      721   -1.828293e+02         g        26        23
      722    3.515710e+02         h        26        23
      723    3.026531e+01         g        26        24
      724   -6.550478e+01         h        26        24
      725   -1.326008e+02         g        26        25
      726   -4.381768e+02         h        26        25
      727    1.512934e+02         g        26        26
      728   -2.419640e+02         h        26        26
      729    6.087177e+03         g        27         0
      730   -3.552657e+02         g        27         1
      731   -9.768056e+03         h        27         1
      732   -3.171189e+03         g        27         2
      733   -5.990575e+03         h        27         2
      734   -2.021012e+03         g        27         3
      735   -1.389604e+03         h        27         3
      736   -1.444293e+02         g        27         4
      737   -1.444236e+03         h        27         4
      738    3.061616e+03         g        27         5
      739   -4.971530e+03         h        27         5
      740   -3.097418e+03         g        27         6
      741   -6.108461e+03         h        27         6
      742   -5.064311e+03         g        27         7
      743   -5.579414e+03         h        27         7
      744    3.602408e+03         g        27         8
      745   -1.758942e+02         h        27         8
      746    2.046441e+03         g        27         9
      747   -7.458291e+03         h        27         9
      748   -3.915649e+03         g        27        10
      749   -1.089025e+04         h        27        10
      750   -1.111690e+03         g        27        11
      751   -3.666336e+03         h        27        11
      752    8.822015e+02         g        27        12
      753   -5.247650e+03         h        27        12
      754   -2.202036e+03         g        27        13
      755   -6.928924e+03         h        27        13
      756   -1.683805e+03         g        27        14
      757   -3.193950e+03         h        27        14
      758    1.544256e+03         g        27        15
      759   -3.575260e+03         h        27        15
      760   -1.505224e+02         g        27        16
      761   -3.155003e+03         h        27        16
      762   -5.379709e+01         g        27        17
      763   -1.606456e+03         h        27        17
      764    7.720129e+02         g        27        18
      765   -1.520066e+03         h        27        18
      766    6.798156e+02         g        27        19
      767   -1.188925e+03         h        27        19
      768    5.404375e+02         g        27        20
      769   -1.135844e+02         h        27        20
      770    8.060281e+02         g        27        21
      771   -6.233477e+01         h        27        21
      772    5.500394e+01         g        27        22
      773    9.353689e+01         h        27        22
      774    2.621277e+02         g        27        23
      775    5.046873e+02         h        27        23
      776    1.890683e+02         g        27        24
      777    1.643007e+02         h        27        24
      778   -5.999203e+01         g        27        25
      779   -4.677873e+01         h        27        25
      780   -3.598161e+02         g        27        26
      781    1.659378e+00         h        27        26
      782   -1.392195e+02         g        27        27
      783   -1.362223e+02         h        27        27
      784   -5.761223e+03         g        28         0
      785   -6.427454e+03         g        28         1
      786   -8.008558e+03         h        28         1
      787   -4.192792e+03         g        28         2
      788    5.792683e+03         h        28         2
      789   -1.641285e+03         g        28         3
      790    9.124524e+03         h        28         3
      791    6.454948e+02         g        28         4
      792   -9.633228e+02         h        28         4
      793    3.594494e+03         g        28         5
      794    1.783262e+03         h        28         5
      795   -5.933494e+03         g        28         6
      796    1.639586e+03         h        28         6
      797   -3.628380e+03         g        28         7
      798    4.619973e+02         h        28         7
      799    2.196799e+03         g        28         8
      800    1.807907e+03         h        28         8
      801   -4.505302e+03         g        28         9
      802   -3.310652e+03         h        28         9
      803   -8.928519e+03         g        28        10
      804   -8.412920e+02         h        28        10
      805   -3.719608e+03         g        28        11
      806    2.706747e+03         h        28        11
      807   -3.247551e+03         g        28        12
      808   -1.279211e+03         h        28        12
      809   -6.539134e+03         g        28        13
      810    6.641794e+02         h        28        13
      811   -4.026908e+03         g        28        14
      812    1.755450e+03         h        28        14
      813   -1.566724e+03         g        28        15
      814   -7.867438e+02         h        28        15
      815   -3.215489e+03         g        28        16
      816   -6.312083e+02         h        28        16
      817   -2.113702e+03         g        28        17
      818    6.445191e+02         h        28        17
      819   -9.782578e+02         g        28        18
      820   -9.234749e+02         h        28        18
      821   -1.186160e+03         g        28        19
      822   -8.723794e+02         h        28        19
      823   -3.797249e+02         g        28        20
      824   -4.073654e+02         h        28        20
      825   -1.395981e+01         g        28        21
      826   -4.350559e+02         h        28        21
      827   -1.935714e+01         g        28        22
      828   -4.946566e+02         h        28        22
      829    1.015154e+01         g        28        23
      830   -7.228729e+01         h        28        23
      831    3.575410e+02         g        28        24
      832   -6.781153e+01         h        28        24
      833    1.579889e+02         g        28        25
      834   -8.427084e+01         h        28        25
      835   -4.545392e+01         g        28        26
      836    5.767136e+01         h        28        26
      837   -6.921331e+01         g        28        27
      838    2.721702e+02         h        28        27
      839   -1.067630e+02         g        28        28
      840    7.206563e+01         h        28        28
      841   -7.170096e+03         g        29         0
      842   -3.687150e+03         g        29         1
      843   -7.631676e+02         h        29         1
      844    2.804781e+03         g        29         2
      845    9.230090e+03         h        29         2
      846    2.047305e+03         g        29         3
      847    8.554551e+03         h        29         3
      848    4.637336e+03         g        29         4
      849   -1.571747e+03         h        29         4
      850    5.048058e+03         g        29         5
      851    4.453376e+03         h        29         5
      852    4.123117e+02         g        29         6
      853    3.707573e+03         h        29         6
      854    3.115690e+03         g        29         7
      855    2.678319e+03         h        29         7
      856    4.004077e+03         g        29         8
      857    9.735156e+02         h        29         8
      858   -1.364655e+03         g        29         9
      859    7.396437e+02         h        29         9
      860   -1.676165e+03         g        29        10
      861    5.656041e+03         h        29        10
      862    1.754828e+03         g        29        11
      863    4.168130e+03         h        29        11
      864    8.882066e+02         g        29        12
      865    1.506287e+03         h        29        12
      866   -1.190058e+03         g        29        13
      867    5.076414e+03         h        29        13
      868    1.154990e+03         g        29        14
      869    3.938919e+03         h        29        14
      870    5.555031e+02         g        29        15
      871    1.170126e+03         h        29        15
      872   -7.956750e+02         g        29        16
      873    2.150539e+03         h        29        16
      874   -1.291751e+02         g        29        17
      875    2.458250e+03         h        29        17
      876   -2.249782e+02         g        29        18
      877    9.282197e+02         h        29        18
      878   -9.960486e+02         g        29        19
      879    5.726020e+02         h        29        19
      880   -4.051937e+02         g        29        20
      881    7.250225e+02         h        29        20
      882   -4.039053e+02         g        29        21
      883    1.619506e+02         h        29        21
      884   -4.117480e+02         g        29        22
      885    1.011238e+02         h        29        22
      886   -3.758089e+02         g        29        23
      887   -1.065901e+02         h        29        23
      888   -1.042547e+02         g        29        24
      889   -1.459853e+00         h        29        24
      890    6.651249e+01         g        29        25
      891   -2.349763e+02         h        29        25
      892   -3.896141e-01         g        29        26
      893   -1.177335e+02         h        29        26
      894    6.043330e+01         g        29        27
      895    5.141308e+01         h        29        27
      896    1.875932e+02         g        29        28
      897    1.024787e+02         h        29        28
      898    3.056080e+01         g        29        29
      899    7.506420e+01         h        29        29
      900   -2.219317e+03         g        30         0
      901    1.453725e+03         g        30         1
      902    7.533697e+02         h        30         1
      903    4.460428e+03         g        30         2
      904    3.718841e+03         h        30         2
      905    2.015606e+03         g        30         3
      906   -6.508909e+02         h        30         3
      907    3.046394e+03         g        30         4
      908   -2.729501e+03         h        30         4
      909    1.348029e+03         g        30         5
      910    6.176976e+02         h        30         5
      911    3.438978e+03         g        30         6
      912   -8.501591e+01         h        30         6
      913    3.657238e+03         g        30         7
      914   -5.238094e+02         h        30         7
      915    1.659496e+03         g        30         8
      916   -3.056817e+03         h        30         8
      917    1.053460e+03         g        30         9
      918   -6.114268e+02         h        30         9
      919    3.196117e+03         g        30        10
      920    2.735272e+03         h        30        10
      921    3.546548e+03         g        30        11
      922   -1.723569e+03         h        30        11
      923    2.249342e+03         g        30        12
      924   -1.432655e+03         h        30        12
      925    2.819083e+03         g        30        13
      926    1.339020e+03         h        30        13
      927    3.639118e+03         g        30        14
      928   -5.405448e+02         h        30        14
      929    1.502406e+03         g        30        15
      930   -1.375276e+03         h        30        15
      931    1.364992e+03         g        30        16
      932    5.005835e+02         h        30        16
      933    2.088048e+03         g        30        17
      934    4.421547e+02         h        30        17
      935    8.584850e+02         g        30        18
      936    1.629483e+02         h        30        18
      937    4.958298e+02         g        30        19
      938    4.798597e+02         h        30        19
      939    5.601515e+02         g        30        20
      940    5.505036e+02         h        30        20
      941    3.395886e+02         g        30        21
      942    4.158648e+02         h        30        21
      943    2.829348e+01         g        30        22
      944    4.919871e+02         h        30        22
      945   -3.017700e+01         g        30        23
      946    2.867312e+02         h        30        23
      947   -1.823529e+02         g        30        24
      948    2.396945e+02         h        30        24
      949    1.569283e+01         g        30        25
      950    8.364282e+01         h        30        25
      951   -1.089300e+02         g        30        26
      952   -1.091643e+02         h        30        26
      953   -6.172138e+01         g        30        27
      954   -3.761105e+01         h        30        27
      955    5.146976e+01         g        30        28
      956   -5.183144e+01         h        30        28
      957    1.049202e+02         g        30        29
      958   -1.155095e+02         h        30        29
      959    4.581201e+01         g        30        30
      960   -8.114676e+00         h        30        30
      961    1.691062e+03         g        31         0
      962    3.039248e+03         g        31         1
      963    1.319799e+03         h        31         1
      964   -6.445250e+02         g        31         2
      965   -2.319548e+03         h        31         2
      966   -6.411510e+02         g        31         3
      967   -4.750425e+03         h        31         3
      968   -2.440227e+03         g        31         4
      969    3.189452e+02         h        31         4
      970   -3.576984e+03         g        31         5
      971   -1.344243e+03         h        31         5
      972    9.161592e+02         g        31         6
      973   -9.724141e+02         h        31         6
      974   -7.954568e+02         g        31         7
      975   -6.210692e+02         h        31         7
      976   -3.168344e+03         g        31         8
      977   -2.441052e+03         h        31         8
      978   -3.033238e+02         g        31         9
      979   -1.693331e+02         h        31         9
      980    1.302684e+03         g        31        10
      981   -1.300801e+02         h        31        10
      982   -6.696345e+02         g        31        11
      983   -3.721524e+03         h        31        11
      984   -1.452820e+03         g        31        12
      985   -1.788198e+03         h        31        12
      986    8.821177e+02         g        31        13
      987   -1.311948e+03         h        31        13
      988    1.939804e+02         g        31        14
      989   -3.081387e+03         h        31        14
      990   -1.554502e+03         g        31        15
      991   -1.981146e+03         h        31        15
      992    1.008152e+01         g        31        16
      993   -9.764045e+02         h        31        16
      994    7.699598e+02         g        31        17
      995   -1.471156e+03         h        31        17
      996   -1.992109e+02         g        31        18
      997   -1.057979e+03         h        31        18
      998    2.855363e+02         g        31        19
      999   -3.319091e+02         h        31        19
     1000    5.539193e+02         g        31        20
     1001   -6.295581e+02         h        31        20
     1002    3.655866e+02         g        31        21
     1003   -2.515621e+02         h        31        21
     1004    4.393589e+02         g        31        22
     1005   -4.009314e+00         h        31        22
     1006    2.930571e+02         g        31        23
     1007    2.482493e+01         h        31        23
     1008    1.598054e+02         g        31        24
     1009    8.200117e+01         h        31        24
     1010    1.486336e+02         g        31        25
     1011    1.450505e+02         h        31        25
     1012    8.752668e+01         g        31        26
     1013   -9.879444e+00         h        31        26
     1014   -9.400546e+01         g        31        27
     1015    2.589933e+01         h        31        27
     1016   -5.562815e+01         g        31        28
     1017    2.400089e+01         h        31        28
     1018   -4.452085e+01         g        31        29
     1019   -4.630207e+01         h        31        29
     1020   -6.434071e+01         g        31        30
     1021   -9.040353e+01         h        31        30
     1022    1.081242e+00         g        31        31
     1023   -2.377635e+01         h        31        31
     1024    3.441154e+03         g        32         0
     1025    1.483794e+03         g        32         1
     1026    2.665056e+03         h        32         1
     1027   -2.684140e+03         g        32         2
     1028   -3.889184e+03         h        32         2
     1029   -9.331900e+02         g        32         3
     1030   -1.978910e+03         h        32         3
     1031   -3.530524e+03         g        32         4
     1032    3.521105e+03         h        32         4
     1033   -2.955803e+03         g        32         5
     1034   -3.907320e+02         h        32         5
     1035   -5.151321e+02         g        32         6
     1036    6.230643e+02         h        32         6
     1037   -2.016688e+03         g        32         7
     1038    1.883118e+03         h        32         7
     1039   -2.996563e+03         g        32         8
     1040    1.203188e+03         h        32         8
     1041   -1.463217e+02         g        32         9
     1042    2.141657e+03         h        32         9
     1043    1.341641e+01         g        32        10
     1044    3.276859e+02         h        32        10
     1045   -2.374950e+03         g        32        11
     1046   -1.189372e+02         h        32        11
     1047   -2.261935e+03         g        32        12
     1048    1.672025e+03         h        32        12
     1049   -3.392101e+02         g        32        13
     1050    1.303736e+02         h        32        13
     1051   -1.878903e+03         g        32        14
     1052   -5.225531e+02         h        32        14
     1053   -2.620341e+03         g        32        15
     1054    1.063459e+03         h        32        15
     1055   -7.057266e+02         g        32        16
     1056    4.747985e+02         h        32        16
     1057   -8.114455e+02         g        32        17
     1058   -5.765157e+02         h        32        17
     1059   -1.191335e+03         g        32        18
     1060   -4.536919e+01         h        32        18
     1061   -5.297177e+02         g        32        19
     1062    6.957827e+01         h        32        19
     1063   -2.997393e+02         g        32        20
     1064   -5.830288e+02         h        32        20
     1065   -3.882344e+02         g        32        21
     1066   -4.185899e+02         h        32        21
     1067    1.977380e+01         g        32        22
     1068   -2.124375e+02         h        32        22
     1069    3.277127e+00         g        32        23
     1070   -3.437773e+02         h        32        23
     1071    2.139134e+01         g        32        24
     1072   -1.689390e+02         h        32        24
     1073    9.571978e+01         g        32        25
     1074   -1.400418e+02         h        32        25
     1075    1.275861e+02         g        32        26
     1076   -8.703754e+01         h        32        26
     1077    1.445435e+01         g        32        27
     1078   -8.056307e+01         h        32        27
     1079   -2.744836e+01         g        32        28
     1080    7.367757e+01         h        32        28
     1081   -7.688705e+00         g        32        29
     1082    6.027925e+01         h        32        29
     1083   -4.464843e+01         g        32        30
     1084    3.678834e+01         h        32        30
     1085   -7.026240e+01         g        32        31
     1086    2.950990e+01         h        32        31
     1087   -9.286884e+00         g        32        32
     1088   -3.007104e+00         h        32        32
     1089    3.495346e+03         g        33         0
     1090   -5.364272e+02         g        33         1
     1091    9.449639e+02         h        33         1
     1092   -6.192280e+02         g        33         2
     1093   -2.618143e+03         h        33         2
     1094    2.437509e+02         g        33         3
     1095    2.880928e+02         h        33         3
     1096   -9.547393e+02         g        33         4
     1097    2.072047e+03         h        33         4
     1098    1.570481e+02         g        33         5
     1099   -6.258002e+02         h        33         5
     1100   -2.693272e+02         g        33         6
     1101    1.918540e+02         h        33         6
     1102   -3.421836e+02         g        33         7
     1103    1.568799e+03         h        33         7
     1104    5.181402e+02         g        33         8
     1105    1.694376e+03         h        33         8
     1106    1.252331e+03         g        33         9
     1107    1.274531e+03         h        33         9
     1108    8.820256e+02         g        33        10
     1109   -2.171551e+02         h        33        10
     1110   -6.778537e+01         g        33        11
     1111    1.723311e+03         h        33        11
     1112    6.084948e+02         g        33        12
     1113    2.294336e+03         h        33        12
     1114    1.157740e+03         g        33        13
     1115    3.116159e+02         h        33        13
     1116   -2.795993e+02         g        33        14
     1117    1.178453e+03         h        33        14
     1118    9.149239e+01         g        33        15
     1119    2.297459e+03         h        33        15
     1120    8.401667e+02         g        33        16
     1121    1.045078e+03         h        33        16
     1122   -1.435969e+02         g        33        17
     1123    3.488744e+02         h        33        17
     1124   -2.491495e+02         g        33        18
     1125    1.032481e+03         h        33        18
     1126    2.589182e+01         g        33        19
     1127    6.952590e+02         h        33        19
     1128   -3.565468e+02         g        33        20
     1129    1.931935e+02         h        33        20
     1130   -4.077091e+02         g        33        21
     1131    2.096598e+02         h        33        21
     1132   -2.317530e+02         g        33        22
     1133    1.765173e+02         h        33        22
     1134   -2.186931e+02         g        33        23
     1135   -2.476347e+01         h        33        23
     1136   -2.679360e+02         g        33        24
     1137   -1.775281e+01         h        33        24
     1138   -1.180273e+02         g        33        25
     1139   -8.098712e+01         h        33        25
     1140   -8.677584e+01         g        33        26
     1141   -1.034724e+02         h        33        26
     1142   -2.942464e+01         g        33        27
     1143   -1.087122e+02         h        33        27
     1144   -6.643492e+01         g        33        28
     1145   -1.920944e+01         h        33        28
     1146    4.384950e+01         g        33        29
     1147    5.694084e+01         h        33        29
     1148    4.838035e+01         g        33        30
     1149    2.898395e+01         h        33        30
     1150    2.748146e+01         g        33        31
     1151    4.011869e+01         h        33        31
     1152    8.365671e+00         g        33        32
     1153    4.929283e+01         h        33        32
     1154   -1.066911e+00         g        33        33
     1155    6.703328e-01         h        33        33
     1156   -4.423326e+02         g        34         0
     1157   -1.359609e+03         g        34         1
     1158   -1.551147e+03         h        34         1
     1159    5.558155e+02         g        34         2
     1160    7.225849e+02         h        34         2
     1161    1.687098e+02         g        34         3
     1162    7.049930e+02         h        34         3
     1163    9.422739e+02         g        34         4
     1164   -1.339402e+03         h        34         4
     1165    9.072372e+02         g        34         5
     1166   -5.517225e+02         h        34         5
     1167   -7.576809e+02         g        34         6
     1168   -5.816225e+02         h        34         6
     1169    4.464304e+02         g        34         7
     1170   -7.910115e+02         h        34         7
     1171    1.441456e+03         g        34         8
     1172   -9.464616e+01         h        34         8
     1173    9.268589e+01         g        34         9
     1174   -1.174564e+03         h        34         9
     1175    2.095161e+01         g        34        10
     1176   -1.360255e+03         h        34        10
     1177    8.713727e+02         g        34        11
     1178    5.097904e+02         h        34        11
     1179    1.342028e+03         g        34        12
     1180   -4.374401e+02         h        34        12
     1181    5.525137e+02         g        34        13
     1182   -1.187405e+03         h        34        13
     1183    4.374662e+02         g        34        14
     1184    1.924430e+02         h        34        14
     1185    1.629009e+03         g        34        15
     1186    2.656192e+02         h        34        15
     1187    1.009132e+03         g        34        16
     1188   -5.846191e+02         h        34        16
     1189    2.412120e+02         g        34        17
     1190   -2.031622e+02         h        34        17
     1191    7.144619e+02         g        34        18
     1192    3.173499e+02         h        34        18
     1193    6.537677e+02         g        34        19
     1194    8.636599e+01         h        34        19
     1195    1.133456e+02         g        34        20
     1196    1.569457e+02         h        34        20
     1197    1.835423e+02         g        34        21
     1198    3.318338e+02         h        34        21
     1199    1.593886e+02         g        34        22
     1200    1.818734e+02         h        34        22
     1201    3.218774e+01         g        34        23
     1202    2.471279e+02         h        34        23
     1203   -2.262374e+01         g        34        24
     1204    1.830712e+02         h        34        24
     1205   -7.838047e+01         g        34        25
     1206    1.319844e+02         h        34        25
     1207   -7.392756e+01         g        34        26
     1208    6.085040e+01         h        34        26
     1209   -7.217425e+01         g        34        27
     1210    2.872780e+01         h        34        27
     1211   -7.747283e+01         g        34        28
     1212    4.400645e+00         h        34        28
     1213   -1.994708e+01         g        34        29
     1214    5.396460e+01         h        34        29
     1215    6.157319e+01         g        34        30
     1216   -1.468243e+01         h        34        30
     1217    3.911987e+01         g        34        31
     1218   -3.585108e+01         h        34        31
     1219    3.285751e+01         g        34        32
     1220   -2.052516e+01         h        34        32
     1221    3.134377e+01         g        34        33
     1222    1.631327e+00         h        34        33
     1223   -3.316997e+00         g        34        34
     1224   -1.843878e+00         h        34        34
     1225   -2.493829e+03         g        35         0
     1226   -6.790469e+02         g        35         1
     1227   -1.033988e+03         h        35         1
     1228    2.998648e+02         g        35         2
     1229    2.080256e+03         h        35         2
     1230   -1.915844e+02         g        35         3
     1231    6.350730e+02         h        35         3
     1232    1.005449e+03         g        35         4
     1233   -1.689130e+03         h        35         4
     1234    3.074464e+02         g        35         5
     1235    4.348018e+02         h        35         5
     1236   -6.870637e+02         g        35         6
     1237   -5.816847e+01         h        35         6
     1238    3.517220e+02         g        35         7
     1239   -1.218709e+03         h        35         7
     1240    2.727005e+02         g        35         8
     1241   -5.269096e+02         h        35         8
     1242   -1.175240e+03         g        35         9
     1243   -1.125197e+03         h        35         9
     1244   -1.058044e+03         g        35        10
     1245   -6.283759e+02         h        35        10
     1246    5.929469e+00         g        35        11
     1247   -1.597758e+02         h        35        11
     1248   -4.281001e+01         g        35        12
     1249   -1.313672e+03         h        35        12
     1250   -1.188595e+03         g        35        13
     1251   -8.636953e+02         h        35        13
     1252   -3.269054e+02         g        35        14
     1253   -1.915136e+02         h        35        14
     1254    5.999390e+02         g        35        15
     1255   -9.044580e+02         h        35        15
     1256   -4.038627e+02         g        35        16
     1257   -1.066822e+03         h        35        16
     1258   -4.313026e+02         g        35        17
     1259   -3.425893e+02         h        35        17
     1260    3.578881e+02         g        35        18
     1261   -3.913803e+02         h        35        18
     1262    1.937894e+02         g        35        19
     1263   -5.478344e+02         h        35        19
     1264    4.852950e+01         g        35        20
     1265   -1.712859e+02         h        35        20
     1266    2.673648e+02         g        35        21
     1267   -9.119152e+01         h        35        21
     1268    2.701393e+02         g        35        22
     1269   -2.051721e+02         h        35        22
     1270    1.760498e+02         g        35        23
     1271   -7.958834e+00         h        35        23
     1272    2.379425e+02         g        35        24
     1273    3.881008e+01         h        35        24
     1274    8.975675e+01         g        35        25
     1275    1.042732e+01         h        35        25
     1276    8.103097e+01         g        35        26
     1277    8.235983e+01         h        35        26
     1278    4.493449e+01         g        35        27
     1279    4.181217e+01         h        35        27
     1280    9.568654e+00         g        35        28
     1281    5.780771e+01         h        35        28
     1282   -6.097209e+00         g        35        29
     1283    5.560020e+01         h        35        29
     1284    3.651165e+01         g        35        30
     1285    2.423088e+01         h        35        30
     1286    4.414446e+00         g        35        31
     1287   -5.492956e+01         h        35        31
     1288   -2.314349e+01         g        35        32
     1289   -4.226152e+01         h        35        32
     1290   -1.342693e+01         g        35        33
     1291   -2.849889e+01         h        35        33
     1292    4.971010e+00         g        35        34
     1293   -1.881080e+01         h        35        34
     1294   -4.169402e+00         g        35        35
     1295    3.752607e+00         h        35        35