      IND             SHC     g | h         n         m
        1    5.636864e+05         g         1         0
        2   -9.783789e+04         g         1         1
        3    2.897486e+04         h         1         1
        4    1.795028e+04         g         2         0
        5   -8.685781e+04         g         2         1
        6   -6.508591e+04         h         2         1
        7    7.359215e+04         g         2         2
        8    3.079359e+04         h         2         2
        9    4.701993e+03         g         3         0
       10   -6.333618e+04         g         3         1
       11   -5.542248e+04         h         3         1
       12    2.601729e+04         g         3         2
       13    7.177878e+04         h         3         2
       14   -2.745120e+03         g         3         3
       15   -4.653753e+04         h         3         3
       16   -6.424043e+04         g         4         0
       17   -1.549203e+04         g         4         1
       18    5.997640e+04         h         4         1
       19   -4.898494e+03         g         4         2
       20    5.232761e+04         h         4         2
       21   -2.024812e+04         g         4         3
       22   -1.220703e+03         h         4         3
       23   -3.392356e+04         g         4         4
       24   -2.365369e+03         h         4         4
       25   -3.979942e+04         g         5         0
       26    9.687767e+03         g         5         1
       27    9.664191e+04         h         5         1
       28    3.458405e+04         g         5         2
       29   -2.893667e+03         h         5         2
       30   -3.648702e+04         g         5         3
       31    1.247580e+04         h         5         3
       32   -5.305355e+03         g         5         4
       33    2.204639e+04         h         5         4
       34   -1.025695e+04         g         5         5
       35    2.118102e+04         h         5         5
       36   -4.664881e+04         g         6         0
       37    2.161492e+04         g         6         1
       38    2.962464e+04         h         6         1
       39    2.799487e+04         g         6         2
       40   -2.139125e+04         h         6         2
       41   -2.848028e+04         g         6         3
       42   -5.492971e+02         h         6         3
       43    6.133597e+03         g         6         4
       44    3.205595e+04         h         6         4
       45    3.316419e+03         g         6         5
       46   -8.562662e+03         h         6         5
       47    1.886419e+04         g         6         6
       48    1.099361e+04         h         6         6
       49   -5.000252e+03         g         7         0
       50    1.621174e+04         g         7         1
       51   -1.584219e+04         h         7         1
       52   -1.730430e+04         g         7         2
       53   -3.214185e+04         h         7         2
       54   -5.050572e+03         g         7         3
       55    5.122437e+03         h         7         3
       56   -1.787727e+04         g         7         4
       57    1.398980e+04         h         7         4
       58    8.398075e+03         g         7         5
       59   -1.717883e+04         h         7         5
       60   -6.455081e+03         g         7         6
       61   -5.030011e+03         h         7         6
       62    9.388980e+03         g         7         7
       63   -1.521276e+04         h         7         7
       64    3.597323e+04         g         8         0
       65    9.046523e+02         g         8         1
       66   -1.137812e+04         h         8         1
       67   -2.145090e+04         g         8         2
       68   -3.343914e+04         h         8         2
       69    9.167668e+02         g         8         3
       70    2.977773e+04         h         8         3
       71   -1.385213e+04         g         8         4
       72   -5.023391e+03         h         8         4
       73   -4.671233e+03         g         8         5
       74    6.573278e+03         h         8         5
       75   -1.244790e+04         g         8         6
       76   -9.338900e+03         h         8         6
       77   -3.850742e+03         g         8         7
       78    2.770924e+03         h         8         7
       79   -8.877737e+03         g         8         8
       80   -8.875950e+03         h         8         8
       81    2.008900e+04         g         9         0
       82   -6.961294e+03         g         9         1
       83   -2.112730e+04         h         9         1
       84    3.855690e+03         g         9         2
       85   -6.471333e+03         h         9         2
       86    2.401901e+03         g         9         3
       87    2.076974e+04         h         9         3
       88    1.133607e+04         g         9         4
       89   -4.396944e+03         h         9         4
       90   -8.642093e+03         g         9         5
       91    1.177673e+04         h         9         5
       92    4.790019e+03         g         9         6
       93   -6.599393e+02         h         9         6
       94   -4.890700e+03         g         9         7
       95    5.948153e+03         h         9         7
       96    4.534640e+03         g         9         8
       97    2.734808e+03         h         9         8
       98   -7.205037e+03         g         9         9
       99    5.953246e+03         h         9         9
      100   -4.918667e+03         g        10         0
      101    3.361542e+03         g        10         1
      102   -2.316132e+04         h        10         1
      103    6.983445e+03         g        10         2
      104    1.979277e+04         h        10         2
      105    1.483143e+04         g        10         3
      106   -7.380522e+03         h        10         3
      107    1.438673e+04         g        10         4
      108   -5.707473e+03         h        10         4
      109    1.342245e+03         g        10         5
      110   -1.090753e+03         h        10         5
      111    6.917491e+03         g        10         6
      112   -2.968611e+03         h        10         6
      113    2.915921e+03         g        10         7
      114   -5.576100e+03         h        10         7
      115    8.951125e+03         g        10         8
      116    1.585532e+03         h        10         8
      117    3.111881e+03         g        10         9
      118   -2.715300e+03         h        10         9
      119    4.007290e+03         g        10        10
      120    5.667844e+03         h        10        10
      121   -6.173565e+02         g        11         0
      122    1.393608e+04         g        11         1
      123    2.122603e+03         h        11         1
      124   -4.697286e+03         g        11         2
      125    1.904158e+04         h        11         2
      126    1.647658e+04         g        11         3
      127   -1.573676e+04         h        11         3
      128    1.484720e+03         g        11         4
      129   -1.227441e+04         h        11         4
      130    1.762556e+03         g        11         5
      131   -1.495782e+03         h        11         5
      132   -4.081314e+03         g        11         6
      133   -1.092349e+04         h        11         6
      134   -1.213810e+03         g        11         7
      135   -5.639654e+03         h        11         7
      136    3.109669e+03         g        11         8
      137   -6.940023e+03         h        11         8
      138    9.727456e+02         g        11         9
      139   -6.279125e+03         h        11         9
      140   -6.262611e+02         g        11        10
      141   -2.518972e+03         h        11        10
      142    3.894248e+03         g        11        11
      143   -2.022059e+03         h        11        11
      144    6.823674e+03         g        12         0
      145    8.714775e+03         g        12         1
      146    2.094179e+04         h        12         1
      147   -2.784396e+03         g        12         2
      148    7.133282e+03         h        12         2
      149    9.448040e+02         g        12         3
      150   -7.499375e+03         h        12         3
      151   -2.555857e+03         g        12         4
      152   -4.393123e+03         h        12         4
      153   -4.000650e+03         g        12         5
      154    4.853928e+03         h        12         5
      155   -5.187027e+03         g        12         6
      156   -5.081339e+03         h        12         6
      157   -8.539949e+03         g        12         7
      158    3.273440e+03         h        12         7
      159    2.071754e+03         g        12         8
      160   -3.807954e+03         h        12         8
      161   -6.114942e+03         g        12         9
      162   -2.718484e+03         h        12         9
      163   -3.120751e+03         g        12        10
      164   -1.049097e+02         h        12        10
      165   -2.825158e+03         g        12        11
      166    7.058576e+01         h        12        11
      167   -7.913654e+02         g        12        12
      168   -2.475026e+03         h        12        12
      169    2.742477e+03         g        13         0
      170   -3.445818e+03         g        13         1
      171    1.539565e+04         h        13         1
      172    5.896102e+03         g        13         2
      173    1.537468e+03         h        13         2
      174   -8.498291e+03         g        13         3
      175   -5.586462e+02         h        13         3
      176    1.421172e+02         g        13         4
      177    9.272396e+03         h        13         4
      178    1.114920e+03         g        13         5
      179    1.613713e+03         h        13         5
      180    4.263414e+02         g        13         6
      181    4.963397e+03         h        13         6
      182   -3.497055e+03         g        13         7
      183    5.171241e+03         h        13         7
      184    5.444612e+03         g        13         8
      185    1.904365e+03         h        13         8
      186   -2.982842e+03         g        13         9
      187   -8.038777e+02         h        13         9
      188   -5.135355e+02         g        13        10
      189    5.274291e+03         h        13        10
      190   -1.247413e+03         g        13        11
      191    2.394566e+03         h        13        11
      192   -3.908266e+02         g        13        12
      193    2.515215e+03         h        13        12
      194   -1.649342e+03         g        13        13
      195    3.320559e+01         h        13        13
      196    7.955735e+02         g        14         0
      197   -9.660038e+03         g        14         1
      198    2.692921e+02         h        14         1
      199    5.247488e+03         g        14         2
      200   -1.403950e+03         h        14         2
      201   -5.497932e+03         g        14         3
      202    2.052408e+03         h        14         3
      203   -7.284364e+02         g        14         4
      204    7.978439e+03         h        14         4
      205    7.151633e+03         g        14         5
      206   -5.365923e+03         h        14         5
      207    1.627222e+02         g        14         6
      208    4.333117e+03         h        14         6
      209    3.614621e+03         g        14         7
      210    6.406214e+02         h        14         7
      211    3.934519e+03         g        14         8
      212   -1.500216e+03         h        14         8
      213    1.445819e+03         g        14         9
      214   -2.338226e+03         h        14         9
      215    2.039432e+03         g        14        10
      216    2.435277e+03         h        14        10
      217    2.258300e+03         g        14        11
      218    1.189386e+03         h        14        11
      219    1.578666e+03         g        14        12
      220    1.629389e+03         h        14        12
      221    1.599663e+03         g        14        13
      222    5.564564e+02         h        14        13
      223   -3.269326e+02         g        14        14
      224    9.960377e+02         h        14        14
      225    5.363940e+02         g        15         0
      226   -9.375976e+03         g        15         1
      227   -8.629623e+03         h        15         1
      228   -1.727503e+03         g        15         2
      229   -4.021958e+03         h        15         2
      230   -2.862102e+03         g        15         3
      231    3.552065e+03         h        15         3
      232   -3.648664e+03         g        15         4
      233   -8.747502e+02         h        15         4
      234    1.538431e+03         g        15         5
      235   -4.757955e+03         h        15         5
      236   -3.410837e+03         g        15         6
      237    1.014122e+03         h        15         6
      238    2.249432e+03         g        15         7
      239   -8.972010e+02         h        15         7
      240   -2.059814e+03         g        15         8
      241   -4.355148e+03         h        15         8
      242   -1.225399e+03         g        15         9
      243   -1.745662e+03         h        15         9
      244    1.150291e+03         g        15        10
      245   -1.077145e+03         h        15        10
      246    1.159970e+02         g        15        11
      247   -9.901112e+02         h        15        11
      248    1.179045e+03         g        15        12
      249   -5.629827e+02         h        15        12
      250    9.464099e+02         g        15        13
      251   -1.076419e+03         h        15        13
      252    6.403460e+02         g        15        14
      253   -9.943697e+02         h        15        14
      254    5.320382e+02         g        15        15
      255    3.907058e+02         h        15        15
      256   -4.527265e+03         g        16         0
      257   -5.208817e+03         g        16         1
      258   -6.077192e+03         h        16         1
      259   -4.461307e+03         g        16         2
      260   -2.590641e+03         h        16         2
      261   -2.357233e+03         g        16         3
      262    3.938707e+03         h        16         3
      263   -2.916250e+03         g        16         4
      264   -2.237029e+03         h        16         4
      265   -4.996756e+03         g        16         5
      266    1.211053e+03         h        16         5
      267   -1.927177e+03         g        16         6
      268    2.719313e+03         h        16         6
      269    2.866017e+02         g        16         7
      270    1.059909e+03         h        16         7
      271   -4.619379e+03         g        16         8
      272   -2.142179e+02         h        16         8
      273   -2.748432e+03         g        16         9
      274    1.955704e+03         h        16         9
      275    2.557786e+02         g        16        10
      276    5.931613e+02         h        16        10
      277   -1.841627e+03         g        16        11
      278   -3.233410e+02         h        16        11
      279   -5.406037e+02         g        16        12
      280    9.172966e+02         h        16        12
      281   -6.162522e+02         g        16        13
      282   -1.046881e+03         h        16        13
      283   -5.692324e+02         g        16        14
      284   -6.577047e+02         h        16        14
      285   -5.523311e+02         g        16        15
      286   -6.895215e+02         h        16        15
      287    3.891067e+02         g        16        16
      288   -2.175172e+02         h        16        16
      289   -6.475158e+03         g        17         0
      290    1.469267e+03         g        17         1
      291    1.640689e+03         h        17         1
      292   -8.451151e+02         g        17         2
      293    1.458722e+02         h        17         2
      294    8.448875e+02         g        17         3
      295    1.423321e+03         h        17         3
      296    1.146047e+03         g        17         4
      297    6.644982e+01         h        17         4
      298   -2.895678e+03         g        17         5
      299    3.521603e+03         h        17         5
      300    3.088013e+03         g        17         6
      301    2.464334e+03         h        17         6
      302    2.270022e+03         g        17         7
      303    6.133565e+02         h        17         7
      304   -1.974009e+03         g        17         8
      305    2.554330e+03         h        17         8
      306    9.079436e+02         g        17         9
      307    3.196042e+03         h        17         9
      308    1.638886e+03         g        17        10
      309    1.195621e+03         h        17        10
      310    6.625281e+01         g        17        11
      311    7.322744e+02         h        17        11
      312   -1.909521e+01         g        17        12
      313    2.001078e+03         h        17        12
      314    1.068673e+02         g        17        13
      315    3.706287e+02         h        17        13
      316   -6.854810e+02         g        17        14
      317    3.637743e+02         h        17        14
      318   -4.550329e+02         g        17        15
      319    1.097087e+02         h        17        15
      320   -5.362805e+02         g        17        16
      321    2.306166e+02         h        17        16
      322   -4.196570e+01         g        17        17
      323   -3.246891e+02         h        17        17
      324   -9.967641e+02         g        18         0
      325    6.127891e+03         g        18         1
      326    4.054925e+03         h        18         1
      327    2.422912e+03         g        18         2
      328   -3.512168e+02         h        18         2
      329    3.288129e+03         g        18         3
      330   -2.841862e+03         h        18         3
      331    3.102883e+03         g        18         4
      332   -9.728385e+02         h        18         4
      333    6.521783e+02         g        18         5
      334    5.738014e+02         h        18         5
      335    4.088352e+03         g        18         6
      336   -2.195604e+03         h        18         6
      337    1.801787e+03         g        18         7
      338   -2.378802e+03         h        18         7
      339    2.009053e+02         g        18         8
      340    4.880049e+02         h        18         8
      341    2.710143e+03         g        18         9
      342    4.339063e+02         h        18         9
      343    1.691713e+03         g        18        10
      344   -1.516363e+03         h        18        10
      345    1.142747e+03         g        18        11
      346   -3.793904e+02         h        18        11
      347    1.031858e+03         g        18        12
      348    3.320332e+02         h        18        12
      349    7.546338e+02         g        18        13
      350    1.061939e+02         h        18        13
      351    3.834190e+02         g        18        14
      352    8.135144e+01         h        18        14
      353    1.570347e+02         g        18        15
      354    2.205374e+02         h        18        15
      355    2.107085e+01         g        18        16
      356    2.816021e+02         h        18        16
      357    5.747168e+01         g        18        17
      358    3.642748e+02         h        18        17
      359   -2.377474e+02         g        18        18
      360   -3.847646e+01         h        18        18
      361    3.342886e+03         g        19         0
      362    4.980805e+03         g        19         1
      363    7.637645e+02         h        19         1
      364    1.020258e+03         g        19         2
      365   -1.758179e+03         h        19         2
      366    1.395980e+03         g        19         3
      367   -4.085923e+03         h        19         3
      368    9.404327e+02         g        19         4
      369   -1.747012e+03         h        19         4
      370    1.479314e+02         g        19         5
      371   -1.694646e+03         h        19         5
      372    3.402964e+02         g        19         6
      373   -3.898075e+03         h        19         6
      374   -1.977964e+03         g        19         7
      375   -2.637387e+03         h        19         7
      376   -2.991408e+02         g        19         8
      377   -4.878475e+02         h        19         8
      378    4.550224e+02         g        19         9
      379   -1.373627e+03         h        19         9
      380   -8.434218e+02         g        19        10
      381   -2.330004e+03         h        19        10
      382   -3.188356e+02         g        19        11
      383   -9.790726e+02         h        19        11
      384    1.587278e+02         g        19        12
      385   -8.285921e+02         h        19        12
      386   -1.882861e+02         g        19        13
      387   -6.645465e+02         h        19        13
      388    1.814308e+02         g        19        14
      389   -3.340133e+02         h        19        14
      390    6.690439e+01         g        19        15
      391   -5.480504e+02         h        19        15
      392    1.623881e+02         g        19        16
      393   -8.510324e+01         h        19        16
      394    1.847158e+02         g        19        17
      395   -4.547847e+00         h        19        17
      396    2.329830e+02         g        19        18
      397    5.454728e+01         h        19        18
      398   -8.365892e+01         g        19        19
      399    1.644831e+02         h        19        19
      400    2.246298e+03         g        20         0
      401    7.032492e+02         g        20         1
      402   -1.317811e+03         h        20         1
      403   -1.318708e+03         g        20         2
      404   -7.039260e+02         h        20         2
      405   -9.692348e+02         g        20         3
      406   -8.335291e+02         h        20         3
      407   -1.202025e+03         g        20         4
      408    3.576104e+02         h        20         4
      409   -3.337386e+02         g        20         5
      410   -4.926798e+02         h        20         5
      411   -2.148580e+03         g        20         6
      412   -7.990646e+02         h        20         6
      413   -2.933662e+03         g        20         7
      414    3.430712e+02         h        20         7
      415   -1.021058e+02         g        20         8
      416    1.069265e+03         h        20         8
      417   -8.650636e+02         g        20         9
      418   -3.301570e+02         h        20         9
      419   -2.009310e+03         g        20        10
      420   -1.402683e+02         h        20        10
      421   -8.396758e+02         g        20        11
      422    4.126119e+02         h        20        11
      423   -6.083613e+02         g        20        12
      424   -1.178822e+02         h        20        12
      425   -7.695858e+02         g        20        13
      426    3.107353e+01         h        20        13
      427   -4.679232e+02         g        20        14
      428    1.414773e+02         h        20        14
      429   -2.712301e+02         g        20        15
      430   -3.837855e+02         h        20        15
      431   -3.384674e+02         g        20        16
      432   -1.377377e+02         h        20        16
      433   -2.935211e+01         g        20        17
      434   -1.451897e+02         h        20        17
      435    2.097070e+01         g        20        18
      436   -7.190277e+01         h        20        18
      437    8.691630e+01         g        20        19
      438   -1.231306e+02         h        20        19
      439    1.014221e+02         g        20        20
      440    8.730076e+01         h        20        20
      441    2.352772e+02         g        21         0
      442   -1.904970e+03         g        21         1
      443   -8.219193e+02         h        21         1
      444   -8.097147e+02         g        21         2
      445    1.174744e+03         h        21         2
      446   -6.665685e+02         g        21         3
      447    2.282019e+03         h        21         3
      448   -5.438805e+02         g        21         4
      449    1.509175e+03         h        21         4
      450    1.129829e+03         g        21         5
      451    8.628661e+02         h        21         5
      452   -1.070344e+03         g        21         6
      453    1.471487e+03         h        21         6
      454   -3.191538e+02         g        21         7
      455    1.897456e+03         h        21         7
      456    1.493918e+03         g        21         8
      457    1.130372e+03         h        21         8
      458    1.037468e+02         g        21         9
      459    3.013463e+02         h        21         9
      460   -5.128195e+02         g        21        10
      461    1.098709e+03         h        21        10
      462    3.706926e+02         g        21        11
      463    1.041430e+03         h        21        11
      464    1.496061e+02         g        21        12
      465    2.457525e+02         h        21        12
      466   -8.317131e+01         g        21        13
      467    6.792507e+02         h        21        13
      468   -3.576062e+01         g        21        14
      469    4.871812e+02         h        21        14
      470   -9.371606e+01         g        21        15
      471    1.867185e+02         h        21        15
      472   -2.402526e+02         g        21        16
      473    1.141181e+02         h        21        16
      474   -1.328625e+02         g        21        17
      475    1.479720e+02         h        21        17
      476   -8.417143e+01         g        21        18
      477    5.009529e+01         h        21        18
      478   -2.615136e+01         g        21        19
      479   -1.448216e+01         h        21        19
      480   -5.152770e+01         g        21        20
      481   -8.461705e+01         h        21        20
      482    7.374250e+01         g        21        21
      483   -5.314696e+01         h        21        21
      484   -2.540978e+02         g        22         0
      485   -1.833104e+03         g        22         1
      486   -5.694545e+02         h        22         1
      487    5.543268e+02         g        22         2
      488    1.447381e+03         h        22         2
      489    2.857270e+02         g        22         3
      490    1.901888e+03         h        22         3
      491    5.717709e+02         g        22         4
      492    2.228232e+02         h        22         4
      493    1.414634e+03         g        22         5
      494    2.879866e+02         h        22         5
      495    2.979126e+02         g        22         6
      496    8.019121e+02         h        22         6
      497    1.298300e+03         g        22         7
      498    6.755372e+02         h        22         7
      499    1.564008e+03         g        22         8
      500   -6.439892e+02         h        22         8
      501    4.004062e+02         g        22         9
      502   -5.392522e+02         h        22         9
      503    5.804766e+02         g        22        10
      504    3.588685e+02         h        22        10
      505    7.782471e+02         g        22        11
      506   -7.498939e+01         h        22        11
      507    5.271721e+02         g        22        12
      508   -4.068380e+02         h        22        12
      509    3.848280e+02         g        22        13
      510    1.140904e+02         h        22        13
      511    4.255621e+02         g        22        14
      512    3.823187e+01         h        22        14
      513    1.518968e+02         g        22        15
      514    2.998371e+01         h        22        15
      515    1.466505e+02         g        22        16
      516    7.415469e+01         h        22        16
      517    5.211395e+01         g        22        17
      518    8.873038e+01         h        22        17
      519    8.418021e+01         g        22        18
      520    1.511093e+02         h        22        18
      521    3.665007e+01         g        22        19
      522    6.652232e+01         h        22        19
      523   -1.231144e+01         g        22        20
      524    1.373607e+01         h        22        20
      525   -7.293192e+01         g        22        21
      526    9.328229e+00         h        22        21
      527   -1.758083e+01         g        22        22
      528   -5.494493e+01         h        22        22
      529   -4.920077e+02         g        23         0
      530   -7.505259e+02         g        23         1
      531   -4.597016e+02         h        23         1
      532    3.947342e+02         g        23         2
      533    6.093228e+02         h        23         2
      534    1.632110e+02         g        23         3
      535    1.031592e+02         h        23         3
      536    2.133518e+02         g        23         4
      537   -7.083845e+02         h        23         4
      538   -9.538936e+01         g        23         5
      539   -3.695415e+02         h        23         5
      540    1.456314e+02         g        23         6
      541   -4.695493e+01         h        23         6
      542    6.296193e+02         g        23         7
      543   -4.133939e+02         h        23         7
      544   -1.500045e+02         g        23         8
      545   -1.221776e+03         h        23         8
      546   -4.776029e+02         g        23         9
      547   -6.420777e+02         h        23         9
      548    1.408210e+02         g        23        10
      549   -9.097819e+01         h        23        10
      550   -8.442774e+01         g        23        11
      551   -6.852364e+02         h        23        11
      552   -2.129185e+02         g        23        12
      553   -5.042909e+02         h        23        12
      554    1.558876e+01         g        23        13
      555   -2.991614e+02         h        23        13
      556    4.521563e+01         g        23        14
      557   -3.066170e+02         h        23        14
      558   -5.280252e+01         g        23        15
      559   -2.028334e+02         h        23        15
      560    5.696132e+01         g        23        16
      561   -1.124958e+02         h        23        16
      562    6.948680e+01         g        23        17
      563   -1.515127e+02         h        23        17
      564    6.976628e+01         g        23        18
      565    1.064311e+01         h        23        18
      566    1.264424e+02         g        23        19
      567   -2.375961e+01         h        23        19
      568    4.511033e+01         g        23        20
      569   -9.205255e+00         h        23        20
      570   -5.744191e-01         g        23        21
      571    6.959608e+00         h        23        21
      572   -1.038994e+01         g        23        22
      573    5.300976e+01         h        23        22
      574   -3.978658e+01         g        23        23
      575    3.031216e+00         h        23        23
      576   -5.686285e+02         g        24         0
      577    1.517143e+02         g        24         1
      578    4.190788e+02         h        24         1
      579   -1.642390e+02         g        24         2
      580   -9.807748e+01         h        24         2
      581   -1.440502e+02         g        24         3
      582   -5.879983e+02         h        24         3
      583   -3.729608e+02         g        24         4
      584   -2.004059e+02         h        24         4
      585   -9.301960e+02         g        24         5
      586   -4.512824e+01         h        24         5
      587   -9.936502e+01         g        24         6
      588    9.783668e+01         h        24         6
      589   -8.515137e+01         g        24         7
      590   -1.368450e+02         h        24         7
      591   -1.050455e+03         g        24         8
      592   -2.289285e+02         h        24         8
      593   -6.084887e+02         g        24         9
      594    3.290049e+02         h        24         9
      595   -1.059063e+02         g        24        10
      596    2.908536e+02         h        24        10
      597   -4.660777e+02         g        24        11
      598   -8.424171e+01         h        24        11
      599   -5.179553e+02         g        24        12
      600    1.996647e+02         h        24        12
      601   -1.673816e+02         g        24        13
      602    6.658051e+01         h        24        13
      603   -2.478305e+02         g        24        14
      604   -5.153837e+01         h        24        14
      605   -2.241142e+02         g        24        15
      606    7.621827e+01         h        24        15
      607   -1.159881e+02         g        24        16
      608   -1.754016e+01         h        24        16
      609   -7.896592e+01         g        24        17
      610   -8.348347e+01         h        24        17
      611   -6.670919e+01         g        24        18
      612   -4.327935e+01         h        24        18
      613    3.065412e+01         g        24        19
      614   -4.050856e+01         h        24        19
      615    4.058051e+00         g        24        20
      616   -7.382152e+01         h        24        20
      617   -5.917682e-01         g        24        21
      618   -3.337919e+01         h        24        21
      619    3.801152e+00         g        24        22
      620    3.841986e+00         h        24        22
      621    2.896520e+01         g        24        23
      622    2.305881e+01         h        24        23
      623   -2.493156e+00         g        24        24
      624    2.987422e+01         h        24        24
      625    1.161961e+01         g        25         0
      626    5.323617e+02         g        25         1
      627    8.616087e+02         h        25         1
      628   -2.486099e+01         g        25         2
      629   -4.617520e+02         h        25         2
      630   -2.269221e+01         g        25         3
      631   -4.882228e+02         h        25         3
      632   -2.041065e+02         g        25         4
      633    2.854172e+02         h        25         4
      634   -4.438034e+02         g        25         5
      635    1.735228e+02         h        25         5
      636    2.061720e+02         g        25         6
      637    1.084870e+02         h        25         6
      638   -9.312749e+00         g        25         7
      639    1.383257e+02         h        25         7
      640   -4.693925e+02         g        25         8
      641    4.020070e+02         h        25         8
      642    1.359859e+02         g        25         9
      643    6.563849e+02         h        25         9
      644    3.013781e+02         g        25        10
      645    2.512809e+02         h        25        10
      646   -1.503725e+01         g        25        11
      647    2.716763e+02         h        25        11
      648    9.142852e+00         g        25        12
      649    4.598154e+02         h        25        12
      650    1.510084e+02         g        25        13
      651    2.093497e+02         h        25        13
      652    1.198034e+01         g        25        14
      653    1.392500e+02         h        25        14
      654   -9.914108e+00         g        25        15
      655    2.572031e+02         h        25        15
      656    2.951758e+01         g        25        16
      657    1.095457e+02         h        25        16
      658   -5.129377e+01         g        25        17
      659    6.089911e+01         h        25        17
      660   -3.196146e+01         g        25        18
      661    4.423217e+01         h        25        18
      662   -2.448584e+01         g        25        19
      663    2.685570e+01         h        25        19
      664   -2.003318e+01         g        25        20
      665   -7.872493e+00         h        25        20
      666   -4.012079e+01         g        25        21
      667   -1.966938e+01         h        25        21
      668   -2.329335e+01         g        25        22
      669   -5.874647e+00         h        25        22
      670    3.280181e+00         g        25        23
      671   -4.749724e-01         h        25        23
      672    2.379039e+01         g        25        24
      673   -9.403813e+00         h        25        24
      674    1.673893e+01         g        25        25
      675    4.559066e+00         h        25        25
      676    4.562959e+02         g        26         0
      677    3.738246e+02         g        26         1
      678    2.417083e+02         h        26         1
      679    1.016703e+02         g        26         2
      680   -5.071787e+02         h        26         2
      681    4.330416e+01         g        26         3
      682   -3.507744e+02         h        26         3
      683    4.557493e+01         g        26         4
      684    1.274066e+02         h        26         4
      685    5.996435e+01         g        26         5
      686   -9.677655e+01         h        26         5
      687    2.289601e+02         g        26         6
      688   -2.150730e+02         h        26         6
      689    1.322740e+01         g        26         7
      690   -1.062739e+02         h        26         7
      691    1.168288e+02         g        26         8
      692    1.872118e+02         h        26         8
      693    4.125529e+02         g        26         9
      694    9.108984e+01         h        26         9
      695    3.145987e+02         g        26        10
      696   -2.614834e+02         h        26        10
      697    1.948204e+02         g        26        11
      698   -1.585637e+01         h        26        11
      699    2.785093e+02         g        26        12
      700    6.125784e+01         h        26        12
      701    2.268268e+02         g        26        13
      702   -1.276922e+02         h        26        13
      703    1.473546e+02         g        26        14
      704   -3.198068e+01         h        26        14
      705    1.631161e+02         g        26        15
      706    3.587976e+01         h        26        15
      707    1.320028e+02         g        26        16
      708   -2.911684e+00         h        26        16
      709    4.281741e+01         g        26        17
      710    5.997779e+00         h        26        17
      711    6.013200e+01         g        26        18
      712    2.705820e+01         h        26        18
      713    2.930845e+01         g        26        19
      714    1.437100e+01         h        26        19
      715    1.405786e+01         g        26        20
      716    3.673187e+01         h        26        20
      717   -1.437520e-01         g        26        21
      718    8.706040e+00         h        26        21
      719   -2.434379e+01         g        26        22
      720    1.801775e+01         h        26        22
      721   -5.722648e+00         g        26        23
      722    1.327356e+01         h        26        23
      723   -1.147573e+00         g        26        24
      724   -5.191388e-01         h        26        24
      725   -3.184344e+00         g        26        25
      726   -1.896942e+01         h        26        25
      727    2.816304e+00         g        26        26
      728   -8.161012e+00         h        26        26
      729    2.018556e+02         g        27         0
      730   -8.071609e+00         g        27         1
      731   -3.249344e+02         h        27         1
      732   -1.012590e+02         g        27         2
      733   -1.991936e+02         h        27         2
      734   -6.431909e+01         g        27         3
      735   -5.032036e+01         h        27         3
      736    3.192179e+00         g        27         4
      737   -5.656779e+01         h        27         4
      738    1.015352e+02         g        27         5
      739   -1.664430e+02         h        27         5
      740   -1.039228e+02         g        27         6
      741   -2.072178e+02         h        27         6
      742   -1.682494e+02         g        27         7
      743   -1.826505e+02         h        27         7
      744    1.208065e+02         g        27         8
      745   -2.797590e+00         h        27         8
      746    6.525181e+01         g        27         9
      747   -2.469482e+02         h        27         9
      748   -1.282179e+02         g        27        10
      749   -3.550152e+02         h        27        10
      750   -3.790459e+01         g        27        11
      751   -1.213173e+02         h        27        11
      752    3.335931e+01         g        27        12
      753   -1.698267e+02         h        27        12
      754   -7.318638e+01         g        27        13
      755   -2.303181e+02         h        27        13
      756   -5.308594e+01         g        27        14
      757   -1.048842e+02         h        27        14
      758    5.484754e+01         g        27        15
      759   -1.198161e+02         h        27        15
      760   -3.352790e+00         g        27        16
      761   -1.040071e+02         h        27        16
      762   -5.727977e+00         g        27        17
      763   -5.304847e+01         h        27        17
      764    2.850854e+01         g        27        18
      765   -4.863252e+01         h        27        18
      766    1.913914e+01         g        27        19
      767   -3.987469e+01         h        27        19
      768    1.736771e+01         g        27        20
      769   -2.184239e+00         h        27        20
      770    2.781962e+01         g        27        21
      771   -3.107575e+00         h        27        21
      772    5.713194e-01         g        27        22
      773   -3.220038e-01         h        27        22
      774    8.551271e+00         g        27        23
      775    1.763571e+01         h        27        23
      776    6.772129e+00         g        27        24
      777    6.635096e+00         h        27        24
      778   -3.410545e+00         g        27        25
      779    2.382869e+00         h        27        25
      780   -1.653295e+01         g        27        26
      781   -1.707329e+00         h        27        26
      782   -4.598707e+00         g        27        27
      783   -3.621738e+00         h        27        27
      784   -1.731145e+02         g        28         0
      785   -1.892680e+02         g        28         1
      786   -2.401576e+02         h        28         1
      787   -1.187598e+02         g        28         2
      788    1.677756e+02         h        28         2
      789   -4.791196e+01         g        28         3
      790    2.705547e+02         h        28         3
      791    1.956447e+01         g        28         4
      792   -3.673121e+01         h        28         4
      793    1.015016e+02         g        28         5
      794    5.153629e+01         h        28         5
      795   -1.743255e+02         g        28         6
      796    4.991999e+01         h        28         6
      797   -1.121630e+02         g        28         7
      798    9.803530e+00         h        28         7
      799    6.497647e+01         g        28         8
      800    5.523189e+01         h        28         8
      801   -1.345476e+02         g        28         9
      802   -9.642405e+01         h        28         9
      803   -2.654782e+02         g        28        10
      804   -2.152249e+01         h        28        10
      805   -1.103194e+02         g        28        11
      806    8.153100e+01         h        28        11
      807   -9.520285e+01         g        28        12
      808   -3.717158e+01         h        28        12
      809   -1.921610e+02         g        28        13
      810    1.556342e+01         h        28        13
      811   -1.238673e+02         g        28        14
      812    5.165684e+01         h        28        14
      813   -4.152098e+01         g        28        15
      814   -2.727136e+01         h        28        15
      815   -9.221197e+01         g        28        16
      816   -2.159906e+01         h        28        16
      817   -6.265218e+01         g        28        17
      818    1.588746e+01         h        28        17
      819   -2.543521e+01         g        28        18
      820   -2.588948e+01         h        28        18
      821   -3.689475e+01         g        28        19
      822   -2.548945e+01         h        28        19
      823   -1.224467e+01         g        28        20
      824   -8.074707e+00         h        28        20
      825    1.303949e+00         g        28        21
      826   -1.167872e+01         h        28        21
      827   -1.373787e+00         g        28        22
      828   -1.345339e+01         h        28        22
      829    9.398444e-01         g        28        23
      830   -2.761239e+00         h        28        23
      831    1.212448e+01         g        28        24
      832   -6.829669e-01         h        28        24
      833    3.427073e+00         g        28        25
      834   -1.332451e+00         h        28        25
      835   -1.547489e+00         g        28        26
      836    3.816123e+00         h        28        26
      837   -5.367157e+00         g        28        27
      838    9.594822e+00         h        28        27
      839   -2.858570e+00         g        28        28
      840    1.472299e+00         h        28        28
      841   -1.903517e+02         g        29         0
      842   -9.529052e+01         g        29         1
      843   -2.129287e+01         h        29         1
      844    7.135348e+01         g        29         2
      845    2.469086e+02         h        29         2
      846    5.258193e+01         g        29         3
      847    2.283994e+02         h        29         3
      848    1.168013e+02         g        29         4
      849   -4.177652e+01         h        29         4
      850    1.333688e+02         g        29         5
      851    1.183717e+02         h        29         5
      852    1.297008e+01         g        29         6
      853    1.006917e+02         h        29         6
      854    8.145148e+01         g        29         7
      855    6.690153e+01         h        29         7
      856    1.038674e+02         g        29         8
      857    2.592861e+01         h        29         8
      858   -3.708816e+01         g        29         9
      859    2.242613e+01         h        29         9
      860   -4.562023e+01         g        29        10
      861    1.473295e+02         h        29        10
      862    4.343985e+01         g        29        11
      863    1.103668e+02         h        29        11
      864    2.073062e+01         g        29        12
      865    3.815631e+01         h        29        12
      866   -3.125713e+01         g        29        13
      867    1.341480e+02         h        29        13
      868    2.552641e+01         g        29        14
      869    1.031236e+02         h        29        14
      870    1.178486e+01         g        29        15
      871    3.138977e+01         h        29        15
      872   -2.117992e+01         g        29        16
      873    5.390288e+01         h        29        16
      874   -5.984118e+00         g        29        17
      875    5.988778e+01         h        29        17
      876   -3.195495e+00         g        29        18
      877    2.455651e+01         h        29        18
      878   -2.564079e+01         g        29        19
      879    1.207867e+01         h        29        19
      880   -1.047512e+01         g        29        20
      881    2.062780e+01         h        29        20
      882   -7.362185e+00         g        29        21
      883    4.681499e+00         h        29        21
      884   -1.125786e+01         g        29        22
      885    3.569547e+00         h        29        22
      886   -7.676284e+00         g        29        23
      887   -3.306889e+00         h        29        23
      888   -3.347213e+00         g        29        24
      889    5.564722e-01         h        29        24
      890    2.336863e+00         g        29        25
      891   -5.288549e+00         h        29        25
      892   -2.106733e+00         g        29        26
      893   -9.647091e-01         h        29        26
      894    1.705838e+00         g        29        27
      895    7.997795e-01         h        29        27
      896    5.204638e+00         g        29        28
      897    4.068874e+00         h        29        28
      898    5.944228e-01         g        29        29
      899    5.196579e-01         h        29        29
      900   -4.651151e+01         g        30         0
      901    3.841342e+01         g        30         1
      902    1.886603e+01         h        30         1
      903    1.013012e+02         g        30         2
      904    9.180281e+01         h        30         2
      905    4.856342e+01         g        30         3
      906   -1.319799e+01         h        30         3
      907    6.873817e+01         g        30         4
      908   -6.259675e+01         h        30         4
      909    3.822193e+01         g        30         5
      910    1.386037e+01         h        30         5
      911    8.218908e+01         g        30         6
      912   -2.375827e+00         h        30         6
      913    8.716954e+01         g        30         7
      914   -9.288354e+00         h        30         7
      915    3.809139e+01         g        30         8
      916   -7.130584e+01         h        30         8
      917    2.487519e+01         g        30         9
      918   -1.362768e+01         h        30         9
      919    7.579758e+01         g        30        10
      920    6.134644e+01         h        30        10
      921    8.001504e+01         g        30        11
      922   -4.243129e+01         h        30        11
      923    5.216914e+01         g        30        12
      924   -2.917501e+01         h        30        12
      925    6.615172e+01         g        30        13
      926    3.554891e+01         h        30        13
      927    8.661320e+01         g        30        14
      928   -1.195595e+01         h        30        14
      929    3.397111e+01         g        30        15
      930   -2.897616e+01         h        30        15
      931    3.084278e+01         g        30        16
      932    1.312293e+01         h        30        16
      933    4.731912e+01         g        30        17
      934    9.822087e+00         h        30        17
      935    2.073634e+01         g        30        18
      936    6.626090e+00         h        30        18
      937    1.255389e+01         g        30        19
      938    6.818658e+00         h        30        19
      939    1.069200e+01         g        30        20
      940    1.233519e+01         h        30        20
      941    8.774162e+00         g        30        21
      942    9.307052e+00         h        30        21
      943   -4.420379e-01         g        30        22
      944    1.003893e+01         h        30        22
      945   -8.582744e-03         g        30        23
      946    7.320177e+00         h        30        23
      947   -4.488077e+00         g        30        24
      948    4.294030e+00         h        30        24
      949    1.406609e+00         g        30        25
      950    4.096879e+00         h        30        25
      951   -2.926767e+00         g        30        26
      952   -1.489664e+00         h        30        26
      953   -2.107886e+00         g        30        27
      954    5.397225e-01         h        30        27
      955    7.893959e-01         g        30        28
      956   -3.243038e+00         h        30        28
      957    4.095385e+00         g        30        29
      958   -4.121235e+00         h        30        29
      959    4.721814e-02         g        30        30
      960    7.124730e-02         h        30        30
      961    4.023148e+01         g        31         0
      962    6.204673e+01         g        31         1
      963    2.897663e+01         h        31         1
      964   -1.062367e+01         g        31         2
      965   -4.849986e+01         h        31         2
      966   -9.752254e+00         g        31         3
      967   -9.758053e+01         h        31         3
      968   -4.700210e+01         g        31         4
      969    7.127873e+00         h        31         4
      970   -7.135492e+01         g        31         5
      971   -3.165957e+01         h        31         5
      972    1.988499e+01         g        31         6
      973   -2.278774e+01         h        31         6
      974   -2.069670e+01         g        31         7
      975   -1.098903e+01         h        31         7
      976   -6.585972e+01         g        31         8
      977   -5.128683e+01         h        31         8
      978   -4.246854e+00         g        31         9
      979   -7.440016e+00         h        31         9
      980    2.686217e+01         g        31        10
      981   -8.100208e+00         h        31        10
      982   -1.423367e+01         g        31        11
      983   -8.030245e+01         h        31        11
      984   -2.989169e+01         g        31        12
      985   -3.461449e+01         h        31        12
      986    2.053329e+01         g        31        13
      987   -2.756161e+01         h        31        13
      988    8.087664e+00         g        31        14
      989   -6.529927e+01         h        31        14
      990   -2.881391e+01         g        31        15
      991   -4.094667e+01         h        31        15
      992    8.420897e-01         g        31        16
      993   -2.167135e+01         h        31        16
      994    1.724799e+01         g        31        17
      995   -2.858150e+01         h        31        17
      996   -2.534420e+00         g        31        18
      997   -2.014828e+01         h        31        18
      998    6.804322e+00         g        31        19
      999   -8.096026e+00         h        31        19
     1000    1.016435e+01         g        31        20
     1001   -1.238009e+01         h        31        20
     1002    6.888736e+00         g        31        21
     1003   -3.459498e+00         h        31        21
     1004    8.699676e+00         g        31        22
     1005   -4.671010e-01         h        31        22
     1006    5.308180e+00         g        31        23
     1007    1.652077e+00         h        31        23
     1008    4.077607e+00         g        31        24
     1009    2.572590e-01         h        31        24
     1010    2.467980e+00         g        31        25
     1011    2.730190e+00         h        31        25
     1012    3.508193e+00         g        31        26
     1013    9.558258e-01         h        31        26
     1014   -3.139049e+00         g        31        27
     1015    3.310092e-01         h        31        27
     1016   -7.250999e-01         g        31        28
     1017   -1.297116e-01         h        31        28
     1018   -1.638463e+00         g        31        29
     1019   -2.794012e+00         h        31        29
     1020   -1.434060e+00         g        31        30
     1021   -3.459828e+00         h        31        30
     1022    1.046228e+00         g        31        31
     1023    5.194664e-01         h        31        31
     1024    6.692358e+01         g        32         0
     1025    2.183778e+01         g        32         1
     1026    4.797218e+01         h        32         1
     1027   -4.656623e+01         g        32         2
     1028   -7.476450e+01         h        32         2
     1029   -1.720884e+01         g        32         3
     1030   -3.700213e+01         h        32         3
     1031   -6.203950e+01         g        32         4
     1032    6.859478e+01         h        32         4
     1033   -5.660265e+01         g        32         5
     1034   -8.222325e+00         h        32         5
     1035   -1.126891e+01         g        32         6
     1036    1.015150e+01         h        32         6
     1037   -4.248621e+01         g        32         7
     1038    3.177186e+01         h        32         7
     1039   -5.668028e+01         g        32         8
     1040    2.084519e+01         h        32         8
     1041   -3.189678e+00         g        32         9
     1042    3.632568e+01         h        32         9
     1043   -8.389720e-01         g        32        10
     1044    2.981734e+00         h        32        10
     1045   -4.460667e+01         g        32        11
     1046   -3.143361e+00         h        32        11
     1047   -4.342241e+01         g        32        12
     1048    2.776469e+01         h        32        12
     1049   -6.967201e+00         g        32        13
     1050   -2.071874e+00         h        32        13
     1051   -3.282851e+01         g        32        14
     1052   -1.141409e+01         h        32        14
     1053   -4.822808e+01         g        32        15
     1054    1.895619e+01         h        32        15
     1055   -1.268130e+01         g        32        16
     1056    6.844187e+00         h        32        16
     1057   -1.516260e+01         g        32        17
     1058   -1.024627e+01         h        32        17
     1059   -2.001158e+01         g        32        18
     1060   -7.944576e-01         h        32        18
     1061   -9.942800e+00         g        32        19
     1062    6.209008e-01         h        32        19
     1063   -2.490460e+00         g        32        20
     1064   -8.667610e+00         h        32        20
     1065   -6.047630e+00         g        32        21
     1066   -7.403281e+00         h        32        21
     1067    1.288745e+00         g        32        22
     1068   -3.068732e+00         h        32        22
     1069    6.592644e-01         g        32        23
     1070   -6.224312e+00         h        32        23
     1071    9.134205e-01         g        32        24
     1072   -4.217236e+00         h        32        24
     1073    1.847021e-01         g        32        25
     1074   -4.589124e+00         h        32        25
     1075    2.170468e+00         g        32        26
     1076    2.728878e-01         h        32        26
     1077    1.727542e-01         g        32        27
     1078   -2.821833e+00         h        32        27
     1079   -2.280326e+00         g        32        28
     1080    1.634111e+00         h        32        28
     1081    3.514205e-01         g        32        29
     1082   -9.733300e-01         h        32        29
     1083   -1.497787e+00         g        32        30
     1084   -1.922889e-01         h        32        30
     1085   -1.519854e+00         g        32        31
     1086    5.180469e-01         h        32        31
     1087    1.039069e+00         g        32        32
     1088   -8.575244e-01         h        32        32
     1089    5.318297e+01         g        33         0
     1090   -1.097492e+01         g        33         1
     1091    1.043751e+01         h        33         1
     1092   -1.004386e+01         g        33         2
     1093   -4.375548e+01         h        33         2
     1094   -3.943153e-01         g        33         3
     1095    3.528201e+00         h        33         3
     1096   -1.615561e+01         g        33         4
     1097    3.806965e+01         h        33         4
     1098    1.837125e+00         g        33         5
     1099   -3.722160e+00         h        33         5
     1100   -7.173612e+00         g        33         6
     1101    3.612564e+00         h        33         6
     1102   -5.085043e+00         g        33         7
     1103    2.430671e+01         h        33         7
     1104    7.052430e+00         g        33         8
     1105    2.694011e+01         h        33         8
     1106    1.598075e+01         g        33         9
     1107    2.170743e+01         h        33         9
     1108    1.409340e+01         g        33        10
     1109    1.167584e+00         h        33        10
     1110   -1.709362e+00         g        33        11
     1111    2.783750e+01         h        33        11
     1112    8.390448e+00         g        33        12
     1113    3.624407e+01         h        33        12
     1114    1.617569e+01         g        33        13
     1115    2.677453e+00         h        33        13
     1116   -6.167971e+00         g        33        14
     1117    2.121585e+01         h        33        14
     1118   -7.532775e-01         g        33        15
     1119    3.768833e+01         h        33        15
     1120    1.207985e+01         g        33        16
     1121    1.938453e+01         h        33        16
     1122   -1.520597e+00         g        33        17
     1123    5.637691e+00         h        33        17
     1124   -3.860304e+00         g        33        18
     1125    1.730632e+01         h        33        18
     1126    4.494100e-01         g        33        19
     1127    9.730053e+00         h        33        19
     1128   -3.825964e+00         g        33        20
     1129    4.706560e+00         h        33        20
     1130   -4.729512e+00         g        33        21
     1131    4.506263e-01         h        33        21
     1132   -4.545586e+00         g        33        22
     1133    2.709556e+00         h        33        22
     1134   -2.244367e+00         g        33        23
     1135   -4.952568e-01         h        33        23
     1136   -4.609220e+00         g        33        24
     1137   -2.018823e+00         h        33        24
     1138   -3.730603e+00         g        33        25
     1139   -2.609676e+00         h        33        25
     1140   -2.541582e+00         g        33        26
     1141   -1.254164e-01         h        33        26
     1142    5.167246e-01         g        33        27
     1143   -1.244397e+00         h        33        27
     1144   -3.344430e+00         g        33        28
     1145   -7.763834e-02         h        33        28
     1146    1.089004e+00         g        33        29
     1147    1.232844e+00         h        33        29
     1148    1.818720e-01         g        33        30
     1149   -1.584221e+00         h        33        30
     1150    2.562698e-01         g        33        31
     1151    1.316768e+00         h        33        31
     1152    4.790457e-01         g        33        32
     1153    1.120043e+00         h        33        32
     1154   -6.818563e-01         g        33        33
     1155   -1.091131e+00         h        33        33
     1156   -9.302592e+00         g        34         0
     1157   -1.908780e+01         g        34         1
     1158   -2.362365e+01         h        34         1
     1159    6.692849e+00         g        34         2
     1160    8.910062e+00         h        34         2
     1161    1.014842e+00         g        34         3
     1162    9.441151e+00         h        34         3
     1163    1.031043e+01         g        34         4
     1164   -1.810892e+01         h        34         4
     1165    1.215241e+01         g        34         5
     1166   -4.179859e+00         h        34         5
     1167   -1.167793e+01         g        34         6
     1168   -8.918335e+00         h        34         6
     1169    8.765505e+00         g        34         7
     1170   -9.006359e+00         h        34         7
     1171    2.194329e+01         g        34         8
     1172   -1.129538e+00         h        34         8
     1173   -4.587328e-01         g        34         9
     1174   -1.536868e+01         h        34         9
     1175    4.271135e-01         g        34        10
     1176   -1.639229e+01         h        34        10
     1177    1.361945e+01         g        34        11
     1178    6.770040e+00         h        34        11
     1179    2.030463e+01         g        34        12
     1180   -5.285030e+00         h        34        12
     1181    9.178468e+00         g        34        13
     1182   -1.649973e+01         h        34        13
     1183    3.571894e+00         g        34        14
     1184    4.658485e+00         h        34        14
     1185    2.418255e+01         g        34        15
     1186    4.291500e+00         h        34        15
     1187    1.279527e+01         g        34        16
     1188   -6.565166e+00         h        34        16
     1189    6.124142e+00         g        34        17
     1190   -1.666157e+00         h        34        17
     1191    9.732923e+00         g        34        18
     1192    3.518641e+00         h        34        18
     1193    9.776955e+00         g        34        19
     1194    1.138547e+00         h        34        19
     1195    5.741955e-01         g        34        20
     1196    2.256661e+00         h        34        20
     1197    2.832189e+00         g        34        21
     1198    3.219053e+00         h        34        21
     1199    1.525213e-01         g        34        22
     1200    2.687126e+00         h        34        22
     1201    6.709416e-01         g        34        23
     1202    5.032610e+00         h        34        23
     1203   -2.090958e-01         g        34        24
     1204    1.373947e+00         h        34        24
     1205   -2.966955e+00         g        34        25
     1206    1.751065e+00         h        34        25
     1207   -1.442407e+00         g        34        26
     1208    2.002900e+00         h        34        26
     1209    4.732791e-02         g        34        27
     1210    1.187874e+00         h        34        27
     1211   -1.122928e+00         g        34        28
     1212    5.245544e-01         h        34        28
     1213   -2.008434e-01         g        34        29
     1214    1.666416e+00         h        34        29
     1215    1.888546e+00         g        34        30
     1216   -1.630754e+00         h        34        30
     1217   -3.389672e-01         g        34        31
     1218   -4.932009e-01         h        34        31
     1219    1.481680e+00         g        34        32
     1220    6.154078e-01         h        34        32
     1221    5.911145e-01         g        34        33
     1222    1.037217e-01         h        34        33
     1223   -1.396438e+00         g        34        34
     1224    5.990154e-01         h        34        34
     1225   -3.218703e+01         g        35         0
     1226   -8.575884e+00         g        35         1
     1227   -1.052443e+01         h        35         1
     1228    2.813643e+00         g        35         2
     1229    2.789493e+01         h        35         2
     1230   -7.202337e-01         g        35         3
     1231    8.723232e+00         h        35         3
     1232    1.073511e+01         g        35         4
     1233   -2.369024e+01         h        35         4
     1234    1.592014e+00         g        35         5
     1235    4.214711e+00         h        35         5
     1236   -8.857914e+00         g        35         6
     1237   -1.438058e+00         h        35         6
     1238    5.483873e+00         g        35         7
     1239   -1.516356e+01         h        35         7
     1240    5.048449e+00         g        35         8
     1241   -6.794250e+00         h        35         8
     1242   -1.415080e+01         g        35         9
     1243   -1.435270e+01         h        35         9
     1244   -1.374203e+01         g        35        10
     1245   -9.828717e+00         h        35        10
     1246   -5.597013e-02         g        35        11
     1247   -1.520388e+00         h        35        11
     1248    5.834064e-01         g        35        12
     1249   -1.741446e+01         h        35        12
     1250   -1.470592e+01         g        35        13
     1251   -9.993341e+00         h        35        13
     1252   -5.518774e+00         g        35        14
     1253   -2.983554e+00         h        35        14
     1254    8.884371e+00         g        35        15
     1255   -1.090790e+01         h        35        15
     1256   -6.003631e+00         g        35        16
     1257   -1.458428e+01         h        35        16
     1258   -5.399912e+00         g        35        17
     1259   -2.692909e+00         h        35        17
     1260    3.772257e+00         g        35        18
     1261   -6.612445e+00         h        35        18
     1262    1.499644e+00         g        35        19
     1263   -6.148155e+00         h        35        19
     1264   -7.823853e-01         g        35        20
     1265   -2.514391e+00         h        35        20
     1266    2.364952e+00         g        35        21
     1267   -6.906161e-01         h        35        21
     1268    2.740325e+00         g        35        22
     1269   -1.375334e+00         h        35        22
     1270    2.017942e+00         g        35        23
     1271    1.292585e+00         h        35        23
     1272    3.781703e+00         g        35        24
     1273    2.629657e-01         h        35        24
     1274    3.849386e-01         g        35        25
     1275    1.126740e-02         h        35        25
     1276    1.126655e+00         g        35        26
     1277    1.901948e+00         h        35        26
     1278    1.417257e+00         g        35        27
     1279    4.303394e-01         h        35        27
     1280    7.550076e-01         g        35        28
     1281    1.306793e+00         h        35        28
     1282    4.073837e-01         g        35        29
     1283    2.946384e-01         h        35        29
     1284    1.264475e+00         g        35        30
     1285   -5.648054e-01         h        35        30
     1286   -6.445180e-02         g        35        31
     1287   -2.168509e+00         h        35        31
     1288    4.900792e-02         g        35        32
     1289    6.900838e-01         h        35        32
     1290    8.895210e-01         g        35        33
     1291   -3.830040e-01         h        35        33
     1292   -7.718121e-02         g        35        34
     1293    2.165814e-02         h        35        34
     1294    2.322354e-01         g        35        35
     1295    1.431799e+00         h        35        35