      IND             SHC     g | h         n         m
        1    4.792851e+05         g         1         0
        2   -8.319346e+04         g         1         1
        3    2.464312e+04         h         1         1
        4    1.446481e+04         g         2         0
        5   -6.997343e+04         g         2         1
        6   -5.242062e+04         h         2         1
        7    5.928046e+04         g         2         2
        8    2.479800e+04         h         2         2
        9    3.598153e+03         g         3         0
       10   -4.834122e+04         g         3         1
       11   -4.228208e+04         h         3         1
       12    1.986305e+04         g         3         2
       13    5.477823e+04         h         3         2
       14   -2.094644e+03         g         3         3
       15   -3.551667e+04         h         3         3
       16   -4.644031e+04         g         4         0
       17   -1.120563e+04         g         4         1
       18    4.335521e+04         h         4         1
       19   -3.539738e+03         g         4         2
       20    3.782992e+04         h         4         2
       21   -1.463940e+04         g         4         3
       22   -8.873410e+02         h         4         3
       23   -2.453016e+04         g         4         4
       24   -1.706753e+03         h         4         4
       25   -2.724665e+04         g         5         0
       26    6.631241e+03         g         5         1
       27    6.618941e+04         h         5         1
       28    2.368752e+04         g         5         2
       29   -1.976833e+03         h         5         2
       30   -2.499320e+04         g         5         3
       31    8.551196e+03         h         5         3
       32   -3.636101e+03         g         5         4
       33    1.509317e+04         h         5         4
       34   -7.022275e+03         g         5         5
       35    1.450909e+04         h         5         5
       36   -3.026554e+04         g         6         0
       37    1.402997e+04         g         6         1
       38    1.922020e+04         h         6         1
       39    1.817556e+04         g         6         2
       40   -1.388415e+04         h         6         2
       41   -1.848207e+04         g         6         3
       42   -3.540314e+02         h         6         3
       43    3.991490e+03         g         6         4
       44    2.080242e+04         h         6         4
       45    2.149446e+03         g         6         5
       46   -5.561894e+03         h         6         5
       47    1.223055e+04         g         6         6
       48    7.134644e+03         h         6         6
       49   -3.069995e+03         g         7         0
       50    9.969027e+03         g         7         1
       51   -9.744847e+03         h         7         1
       52   -1.063845e+04         g         7         2
       53   -1.976040e+04         h         7         2
       54   -3.112861e+03         g         7         3
       55    3.135482e+03         h         7         3
       56   -1.099668e+04         g         7         4
       57    8.596549e+03         h         7         4
       58    5.161502e+03         g         7         5
       59   -1.055288e+04         h         7         5
       60   -3.961300e+03         g         7         6
       61   -3.082612e+03         h         7         6
       62    5.766308e+03         g         7         7
       63   -9.354836e+03         h         7         7
       64    2.094285e+04         g         8         0
       65    5.230178e+02         g         8         1
       66   -6.614138e+03         h         8         1
       67   -1.248698e+04         g         8         2
       68   -1.948337e+04         h         8         2
       69    5.386081e+02         g         8         3
       70    1.734067e+04         h         8         3
       71   -8.075440e+03         g         8         4
       72   -2.912679e+03         h         8         4
       73   -2.711277e+03         g         8         5
       74    3.820993e+03         h         8         5
       75   -7.257224e+03         g         8         6
       76   -5.441160e+03         h         8         6
       77   -2.258554e+03         g         8         7
       78    1.623834e+03         h         8         7
       79   -5.154944e+03         g         8         8
       80   -5.181681e+03         h         8         8
       81    1.108612e+04         g         9         0
       82   -3.848064e+03         g         9         1
       83   -1.165972e+04         h         9         1
       84    2.126586e+03         g         9         2
       85   -3.566610e+03         h         9         2
       86    1.312012e+03         g         9         3
       87    1.146321e+04         h         9         3
       88    6.249765e+03         g         9         4
       89   -2.431719e+03         h         9         4
       90   -4.762190e+03         g         9         5
       91    6.506944e+03         h         9         5
       92    2.637074e+03         g         9         6
       93   -3.573053e+02         h         9         6
       94   -2.684005e+03         g         9         7
       95    3.282041e+03         h         9         7
       96    2.481659e+03         g         9         8
       97    1.515262e+03         h         9         8
       98   -3.981752e+03         g         9         9
       99    3.281137e+03         h         9         9
      100   -2.563268e+03         g        10         0
      101    1.752134e+03         g        10         1
      102   -1.209652e+04         h        10         1
      103    3.646828e+03         g        10         2
      104    1.036138e+04         h        10         2
      105    7.773976e+03         g        10         3
      106   -3.848125e+03         h        10         3
      107    7.506858e+03         g        10         4
      108   -2.966131e+03         h        10         4
      109    7.082154e+02         g        10         5
      110   -5.858243e+02         h        10         5
      111    3.621268e+03         g        10         6
      112   -1.546756e+03         h        10         6
      113    1.506982e+03         g        10         7
      114   -2.917507e+03         h        10         7
      115    4.672789e+03         g        10         8
      116    8.400664e+02         h        10         8
      117    1.614323e+03         g        10         9
      118   -1.429412e+03         h        10         9
      119    2.103511e+03         g        10        10
      120    2.945717e+03         h        10        10
      121   -3.007054e+02         g        11         0
      122    6.896864e+03         g        11         1
      123    1.043672e+03         h        11         1
      124   -2.309277e+03         g        11         2
      125    9.423148e+03         h        11         2
      126    8.149172e+03         g        11         3
      127   -7.786358e+03         h        11         3
      128    7.323930e+02         g        11         4
      129   -6.081214e+03         h        11         4
      130    8.741017e+02         g        11         5
      131   -7.393923e+02         h        11         5
      132   -2.041878e+03         g        11         6
      133   -5.402334e+03         h        11         6
      134   -6.348970e+02         g        11         7
      135   -2.802415e+03         h        11         7
      136    1.546155e+03         g        11         8
      137   -3.433447e+03         h        11         8
      138    4.821017e+02         g        11         9
      139   -3.099314e+03         h        11         9
      140   -3.428505e+02         g        11        10
      141   -1.248555e+03         h        11        10
      142    1.935327e+03         g        11        11
      143   -1.012599e+03         h        11        11
      144    3.213963e+03         g        12         0
      145    4.084725e+03         g        12         1
      146    9.817021e+03         h        12         1
      147   -1.324237e+03         g        12         2
      148    3.350310e+03         h        12         2
      149    4.623481e+02         g        12         3
      150   -3.509429e+03         h        12         3
      151   -1.205146e+03         g        12         4
      152   -2.061803e+03         h        12         4
      153   -1.878866e+03         g        12         5
      154    2.299033e+03         h        12         5
      155   -2.430511e+03         g        12         6
      156   -2.382579e+03         h        12         6
      157   -4.008457e+03         g        12         7
      158    1.548395e+03         h        12         7
      159    9.613155e+02         g        12         8
      160   -1.788803e+03         h        12         8
      161   -2.864734e+03         g        12         9
      162   -1.258289e+03         h        12         9
      163   -1.450983e+03         g        12        10
      164   -3.972953e+01         h        12        10
      165   -1.325020e+03         g        12        11
      166    4.591296e+01         h        12        11
      167   -3.859061e+02         g        12        12
      168   -1.158694e+03         h        12        12
      169    1.218030e+03         g        13         0
      170   -1.530858e+03         g        13         1
      171    6.839708e+03         h        13         1
      172    2.612466e+03         g        13         2
      173    6.892003e+02         h        13         2
      174   -3.774434e+03         g        13         3
      175   -2.521025e+02         h        13         3
      176    5.450073e+01         g        13         4
      177    4.142494e+03         h        13         4
      178    4.899251e+02         g        13         5
      179    7.199353e+02         h        13         5
      180    2.137192e+02         g        13         6
      181    2.200787e+03         h        13         6
      182   -1.559317e+03         g        13         7
      183    2.298101e+03         h        13         7
      184    2.407480e+03         g        13         8
      185    8.449876e+02         h        13         8
      186   -1.328456e+03         g        13         9
      187   -3.484263e+02         h        13         9
      188   -2.186706e+02         g        13        10
      189    2.357320e+03         h        13        10
      190   -5.567940e+02         g        13        11
      191    1.067667e+03         h        13        11
      192   -1.762563e+02         g        13        12
      193    1.117516e+03         h        13        12
      194   -7.298770e+02         g        13        13
      195    1.943387e+01         h        13        13
      196    3.231151e+02         g        14         0
      197   -4.068222e+03         g        14         1
      198    9.265165e+01         h        14         1
      199    2.206525e+03         g        14         2
      200   -5.879477e+02         h        14         2
      201   -2.315338e+03         g        14         3
      202    8.572316e+02         h        14         3
      203   -3.101472e+02         g        14         4
      204    3.355548e+03         h        14         4
      205    3.006298e+03         g        14         5
      206   -2.253381e+03         h        14         5
      207    7.778910e+01         g        14         6
      208    1.829214e+03         h        14         6
      209    1.508286e+03         g        14         7
      210    2.724590e+02         h        14         7
      211    1.651129e+03         g        14         8
      212   -6.176026e+02         h        14         8
      213    6.030442e+02         g        14         9
      214   -9.684102e+02         h        14         9
      215    8.533725e+02         g        14        10
      216    1.037694e+03         h        14        10
      217    9.350270e+02         g        14        11
      218    5.141285e+02         h        14        11
      219    6.630478e+02         g        14        12
      220    6.914462e+02         h        14        12
      221    6.754687e+02         g        14        13
      222    2.356108e+02         h        14        13
      223   -1.377770e+02         g        14        14
      224    4.182474e+02         h        14        14
      225    2.356016e+02         g        15         0
      226   -3.727147e+03         g        15         1
      227   -3.452255e+03         h        15         1
      228   -7.084202e+02         g        15         2
      229   -1.585308e+03         h        15         2
      230   -1.131722e+03         g        15         3
      231    1.425845e+03         h        15         3
      232   -1.452419e+03         g        15         4
      233   -3.505842e+02         h        15         4
      234    6.097649e+02         g        15         5
      235   -1.889477e+03         h        15         5
      236   -1.358009e+03         g        15         6
      237    4.135775e+02         h        15         6
      238    8.883036e+02         g        15         7
      239   -3.633016e+02         h        15         7
      240   -8.207473e+02         g        15         8
      241   -1.721631e+03         h        15         8
      242   -4.806686e+02         g        15         9
      243   -6.945403e+02         h        15         9
      244    4.695581e+02         g        15        10
      245   -4.081610e+02         h        15        10
      246    3.337559e+01         g        15        11
      247   -3.718931e+02         h        15        11
      248    4.842228e+02         g        15        12
      249   -2.011724e+02         h        15        12
      250    3.644617e+02         g        15        13
      251   -4.233476e+02         h        15        13
      252    2.605105e+02         g        15        14
      253   -3.960309e+02         h        15        14
      254    2.133053e+02         g        15        15
      255    1.629670e+02         h        15        15
      256   -1.701417e+03         g        16         0
      257   -1.940966e+03         g        16         1
      258   -2.305735e+03         h        16         1
      259   -1.696584e+03         g        16         2
      260   -9.831160e+02         h        16         2
      261   -8.577593e+02         g        16         3
      262    1.512340e+03         h        16         3
      263   -1.102394e+03         g        16         4
      264   -8.359477e+02         h        16         4
      265   -1.901831e+03         g        16         5
      266    4.753160e+02         h        16         5
      267   -7.362416e+02         g        16         6
      268    1.030109e+03         h        16         6
      269    1.064914e+02         g        16         7
      270    3.904326e+02         h        16         7
      271   -1.764044e+03         g        16         8
      272   -7.378855e+01         h        16         8
      273   -1.025134e+03         g        16         9
      274    7.283097e+02         h        16         9
      275    8.758596e+01         g        16        10
      276    2.411306e+02         h        16        10
      277   -6.976282e+02         g        16        11
      278   -1.140682e+02         h        16        11
      279   -1.962793e+02         g        16        12
      280    3.900861e+02         h        16        12
      281   -2.261526e+02         g        16        13
      282   -4.035520e+02         h        16        13
      283   -2.059736e+02         g        16        14
      284   -2.355281e+02         h        16        14
      285   -2.127135e+02         g        16        15
      286   -2.768424e+02         h        16        15
      287    1.570588e+02         g        16        16
      288   -7.319691e+01         h        16        16
      289   -2.361306e+03         g        17         0
      290    5.464729e+02         g        17         1
      291    5.768516e+02         h        17         1
      292   -2.931314e+02         g        17         2
      293    1.547654e+01         h        17         2
      294    2.993937e+02         g        17         3
      295    5.274521e+02         h        17         3
      296    4.121910e+02         g        17         4
      297    4.214896e+01         h        17         4
      298   -1.036129e+03         g        17         5
      299    1.268975e+03         h        17         5
      300    1.111257e+03         g        17         6
      301    8.757895e+02         h        17         6
      302    8.220790e+02         g        17         7
      303    2.264816e+02         h        17         7
      304   -7.359753e+02         g        17         8
      305    9.108310e+02         h        17         8
      306    3.394811e+02         g        17         9
      307    1.171184e+03         h        17         9
      308    5.731318e+02         g        17        10
      309    4.188814e+02         h        17        10
      310    3.913832e+01         g        17        11
      311    2.716748e+02         h        17        11
      312   -2.101437e+01         g        17        12
      313    7.456462e+02         h        17        12
      314    6.535381e+01         g        17        13
      315    1.373310e+02         h        17        13
      316   -2.515787e+02         g        17        14
      317    1.288096e+02         h        17        14
      318   -1.509048e+02         g        17        15
      319    2.837465e+01         h        17        15
      320   -2.017246e+02         g        17        16
      321    7.964462e+01         h        17        16
      322   -9.488564e+00         g        17        17
      323   -1.266207e+02         h        17        17
      324   -3.768035e+02         g        18         0
      325    2.087949e+03         g        18         1
      326    1.393994e+03         h        18         1
      327    8.236207e+02         g        18         2
      328   -1.459791e+02         h        18         2
      329    1.112591e+03         g        18         3
      330   -9.692135e+02         h        18         3
      331    1.066017e+03         g        18         4
      332   -3.311099e+02         h        18         4
      333    2.177399e+02         g        18         5
      334    1.928633e+02         h        18         5
      335    1.400978e+03         g        18         6
      336   -7.593320e+02         h        18         6
      337    6.121102e+02         g        18         7
      338   -8.018172e+02         h        18         7
      339    6.692318e+01         g        18         8
      340    1.558801e+02         h        18         8
      341    9.173599e+02         g        18         9
      342    1.851142e+02         h        18         9
      343    5.970986e+02         g        18        10
      344   -5.331955e+02         h        18        10
      345    4.013574e+02         g        18        11
      346   -1.129495e+02         h        18        11
      347    3.561400e+02         g        18        12
      348    1.136480e+02         h        18        12
      349    2.772143e+02         g        18        13
      350    5.281979e+01         h        18        13
      351    1.350336e+02         g        18        14
      352    4.994116e-01         h        18        14
      353    5.449086e+01         g        18        15
      354    7.077071e+01         h        18        15
      355   -1.060670e-01         g        18        16
      356    7.884408e+01         h        18        16
      357    1.865542e+01         g        18        17
      358    1.254334e+02         h        18        17
      359   -9.204384e+01         g        18        18
      360   -1.950854e+01         h        18        18
      361    1.083771e+03         g        19         0
      362    1.603104e+03         g        19         1
      363    2.741515e+02         h        19         1
      364    3.239821e+02         g        19         2
      365   -5.719330e+02         h        19         2
      366    4.611840e+02         g        19         3
      367   -1.329582e+03         h        19         3
      368    3.051030e+02         g        19         4
      369   -5.888432e+02         h        19         4
      370    4.022351e+01         g        19         5
      371   -5.566045e+02         h        19         5
      372    1.053498e+02         g        19         6
      373   -1.273181e+03         h        19         6
      374   -6.537336e+02         g        19         7
      375   -8.643645e+02         h        19         7
      376   -8.140399e+01         g        19         8
      377   -1.541158e+02         h        19         8
      378    1.319835e+02         g        19         9
      379   -4.455251e+02         h        19         9
      380   -2.364011e+02         g        19        10
      381   -7.566343e+02         h        19        10
      382   -1.055708e+02         g        19        11
      383   -3.310561e+02         h        19        11
      384    6.240196e+01         g        19        12
      385   -2.759412e+02         h        19        12
      386   -6.092613e+01         g        19        13
      387   -2.131328e+02         h        19        13
      388    7.354082e+01         g        19        14
      389   -1.309492e+02         h        19        14
      390    5.148554e+00         g        19        15
      391   -1.891501e+02         h        19        15
      392    5.209124e+01         g        19        16
      393   -2.826917e+01         h        19        16
      394    5.176036e+01         g        19        17
      395    1.833858e+00         h        19        17
      396    8.002027e+01         g        19        18
      397    1.682537e+01         h        19        18
      398   -3.413353e+01         g        19        19
      399    6.596033e+01         h        19        19
      400    7.167232e+02         g        20         0
      401    2.145236e+02         g        20         1
      402   -4.024731e+02         h        20         1
      403   -4.018005e+02         g        20         2
      404   -2.045323e+02         h        20         2
      405   -2.911540e+02         g        20         3
      406   -2.606758e+02         h        20         3
      407   -3.759155e+02         g        20         4
      408    1.039916e+02         h        20         4
      409   -1.046326e+02         g        20         5
      410   -1.577843e+02         h        20         5
      411   -6.796364e+02         g        20         6
      412   -2.494209e+02         h        20         6
      413   -9.114049e+02         g        20         7
      414    9.667468e+01         h        20         7
      415   -2.140830e+01         g        20         8
      416    3.428749e+02         h        20         8
      417   -2.669020e+02         g        20         9
      418   -1.234714e+02         h        20         9
      419   -6.179898e+02         g        20        10
      420   -3.389710e+01         h        20        10
      421   -2.611840e+02         g        20        11
      422    9.559898e+01         h        20        11
      423   -1.964661e+02         g        20        12
      424   -3.801317e+01         h        20        12
      425   -2.393658e+02         g        20        13
      426    4.655204e+00         h        20        13
      427   -1.472420e+02         g        20        14
      428    3.541770e+01         h        20        14
      429   -9.296697e+01         g        20        15
      430   -1.351921e+02         h        20        15
      431   -1.123538e+02         g        20        16
      432   -3.504735e+01         h        20        16
      433   -8.929742e+00         g        20        17
      434   -4.385637e+01         h        20        17
      435    1.074526e+01         g        20        18
      436   -1.376020e+01         h        20        18
      437    2.557730e+01         g        20        19
      438   -3.784323e+01         h        20        19
      439    4.322707e+01         g        20        20
      440    3.271024e+01         h        20        20
      441    8.894350e+01         g        21         0
      442   -5.534994e+02         g        21         1
      443   -2.573759e+02         h        21         1
      444   -2.274557e+02         g        21         2
      445    3.555292e+02         h        21         2
      446   -1.934517e+02         g        21         3
      447    6.703959e+02         h        21         3
      448   -1.527779e+02         g        21         4
      449    4.461163e+02         h        21         4
      450    3.414119e+02         g        21         5
      451    2.567461e+02         h        21         5
      452   -3.255217e+02         g        21         6
      453    4.363604e+02         h        21         6
      454   -8.719865e+01         g        21         7
      455    5.637817e+02         h        21         7
      456    4.395897e+02         g        21         8
      457    3.334931e+02         h        21         8
      458    3.903055e+01         g        21         9
      459    8.128562e+01         h        21         9
      460   -1.679890e+02         g        21        10
      461    3.271393e+02         h        21        10
      462    1.107978e+02         g        21        11
      463    3.039843e+02         h        21        11
      464    2.772840e+01         g        21        12
      465    6.893112e+01         h        21        12
      466   -2.292206e+01         g        21        13
      467    2.029271e+02         h        21        13
      468   -2.100007e+01         g        21        14
      469    1.423658e+02         h        21        14
      470   -3.170243e+01         g        21        15
      471    5.488104e+01         h        21        15
      472   -8.262430e+01         g        21        16
      473    3.483533e+01         h        21        16
      474   -3.109293e+01         g        21        17
      475    4.595005e+01         h        21        17
      476   -2.239866e+01         g        21        18
      477    1.800354e+01         h        21        18
      478   -3.418293e+00         g        21        19
      479   -4.716910e+00         h        21        19
      480   -1.439796e+01         g        21        20
      481   -2.528300e+01         h        21        20
      482    2.833326e+01         g        21        21
      483   -2.315191e+01         h        21        21
      484   -6.727232e+01         g        22         0
      485   -5.136976e+02         g        22         1
      486   -1.766049e+02         h        22         1
      487    1.637195e+02         g        22         2
      488    4.015282e+02         h        22         2
      489    8.232686e+01         g        22         3
      490    5.297751e+02         h        22         3
      491    1.636952e+02         g        22         4
      492    5.597535e+01         h        22         4
      493    4.046538e+02         g        22         5
      494    8.183381e+01         h        22         5
      495    8.910804e+01         g        22         6
      496    2.249070e+02         h        22         6
      497    3.715393e+02         g        22         7
      498    1.969149e+02         h        22         7
      499    4.429965e+02         g        22         8
      500   -1.945389e+02         h        22         8
      501    1.186169e+02         g        22         9
      502   -1.485002e+02         h        22         9
      503    1.579308e+02         g        22        10
      504    9.823062e+01         h        22        10
      505    2.165266e+02         g        22        11
      506   -1.030288e+01         h        22        11
      507    1.496931e+02         g        22        12
      508   -1.200060e+02         h        22        12
      509    1.081410e+02         g        22        13
      510    3.539250e+01         h        22        13
      511    1.197346e+02         g        22        14
      512    1.090299e+01         h        22        14
      513    4.086222e+01         g        22        15
      514    1.377343e+01         h        22        15
      515    4.121328e+01         g        22        16
      516    1.664022e+01         h        22        16
      517    1.953743e+01         g        22        17
      518    3.186690e+01         h        22        17
      519    2.481556e+01         g        22        18
      520    3.710059e+01         h        22        18
      521    1.000062e+01         g        22        19
      522    2.042321e+01         h        22        19
      523   -4.995537e+00         g        22        20
      524    1.231949e+00         h        22        20
      525   -2.229978e+01         g        22        21
      526    2.226789e+00         h        22        21
      527   -6.682107e+00         g        22        22
      528   -1.975274e+01         h        22        22
      529   -1.327008e+02         g        23         0
      530   -2.063035e+02         g        23         1
      531   -1.323460e+02         h        23         1
      532    9.568603e+01         g        23         2
      533    1.554577e+02         h        23         2
      534    4.410056e+01         g        23         3
      535    1.682087e+01         h        23         3
      536    4.521680e+01         g        23         4
      537   -1.934179e+02         h        23         4
      538   -2.971207e+01         g        23         5
      539   -9.927514e+01         h        23         5
      540    4.699912e+01         g        23         6
      541   -1.242714e+01         h        23         6
      542    1.691921e+02         g        23         7
      543   -1.092921e+02         h        23         7
      544   -4.062793e+01         g        23         8
      545   -3.413440e+02         h        23         8
      546   -1.271944e+02         g        23         9
      547   -1.751222e+02         h        23         9
      548    4.324103e+01         g        23        10
      549   -2.275336e+01         h        23        10
      550   -2.775603e+01         g        23        11
      551   -1.854205e+02         h        23        11
      552   -4.753549e+01         g        23        12
      553   -1.345894e+02         h        23        12
      554    3.142264e+00         g        23        13
      555   -8.587574e+01         h        23        13
      556    1.746560e+01         g        23        14
      557   -8.047655e+01         h        23        14
      558   -1.355299e+01         g        23        15
      559   -5.706380e+01         h        23        15
      560    1.810071e+01         g        23        16
      561   -3.636726e+01         h        23        16
      562    1.731196e+01         g        23        17
      563   -3.864782e+01         h        23        17
      564    2.211644e+01         g        23        18
      565    2.700064e+00         h        23        18
      566    3.049487e+01         g        23        19
      567   -5.375853e+00         h        23        19
      568    1.234533e+01         g        23        20
      569   -2.530160e+00         h        23        20
      570   -5.389571e+00         g        23        21
      571    2.800133e+00         h        23        21
      572   -2.554906e+00         g        23        22
      573    1.691447e+01         h        23        22
      574   -1.483299e+01         g        23        23
      575    3.626539e+00         h        23        23
      576   -1.487204e+02         g        24         0
      577    3.666196e+01         g        24         1
      578    1.128364e+02         h        24         1
      579   -5.821010e+01         g        24         2
      580   -2.703648e+01         h        24         2
      581   -3.741573e+01         g        24         3
      582   -1.459683e+02         h        24         3
      583   -1.123998e+02         g        24         4
      584   -4.543430e+01         h        24         4
      585   -2.434862e+02         g        24         5
      586   -4.908070e+00         h        24         5
      587   -2.602989e+01         g        24         6
      588    3.032582e+01         h        24         6
      589   -2.371244e+01         g        24         7
      590   -3.059267e+01         h        24         7
      591   -2.790641e+02         g        24         8
      592   -5.825371e+01         h        24         8
      593   -1.583235e+02         g        24         9
      594    8.186608e+01         h        24         9
      595   -2.598651e+01         g        24        10
      596    7.912140e+01         h        24        10
      597   -1.199672e+02         g        24        11
      598   -2.358743e+01         h        24        11
      599   -1.331100e+02         g        24        12
      600    5.730007e+01         h        24        12
      601   -4.468076e+01         g        24        13
      602    1.157092e+01         h        24        13
      603   -6.500712e+01         g        24        14
      604   -1.206357e+01         h        24        14
      605   -5.385599e+01         g        24        15
      606    1.603230e+01         h        24        15
      607   -2.975700e+01         g        24        16
      608   -6.290041e+00         h        24        16
      609   -2.474723e+01         g        24        17
      610   -2.053634e+01         h        24        17
      611   -1.644570e+01         g        24        18
      612   -7.807361e+00         h        24        18
      613    8.833727e+00         g        24        19
      614   -1.032269e+01         h        24        19
      615   -1.508011e-01         g        24        20
      616   -1.760281e+01         h        24        20
      617   -5.840635e-01         g        24        21
      618   -1.072430e+01         h        24        21
      619    3.080110e+00         g        24        22
      620    4.438866e+00         h        24        22
      621    6.729583e+00         g        24        23
      622    7.842610e+00         h        24        23
      623    1.322941e+00         g        24        24
      624    1.320623e+01         h        24        24
      625   -3.925390e+00         g        25         0
      626    1.298790e+02         g        25         1
      627    2.281278e+02         h        25         1
      628   -9.326160e+00         g        25         2
      629   -1.100172e+02         h        25         2
      630   -3.175689e+00         g        25         3
      631   -1.006661e+02         h        25         3
      632   -5.100109e+01         g        25         4
      633    8.092768e+01         h        25         4
      634   -1.040256e+02         g        25         5
      635    5.281428e+01         h        25         5
      636    5.170190e+01         g        25         6
      637    3.039749e+01         h        25         6
      638    2.777601e-01         g        25         7
      639    3.983122e+01         h        25         7
      640   -1.179314e+02         g        25         8
      641    1.075168e+02         h        25         8
      642    3.289156e+01         g        25         9
      643    1.665538e+02         h        25         9
      644    7.094905e+01         g        25        10
      645    6.029901e+01         h        25        10
      646    2.269701e+00         g        25        11
      647    7.479528e+01         h        25        11
      648   -4.510326e+00         g        25        12
      649    1.146522e+02         h        25        12
      650    3.809473e+01         g        25        13
      651    5.412601e+01         h        25        13
      652    1.170465e+00         g        25        14
      653    3.475147e+01         h        25        14
      654   -1.544700e+00         g        25        15
      655    6.450553e+01         h        25        15
      656    7.693571e+00         g        25        16
      657    2.514266e+01         h        25        16
      658   -1.342634e+01         g        25        17
      659    1.619579e+01         h        25        17
      660   -6.402746e+00         g        25        18
      661    1.286490e+01         h        25        18
      662   -3.384651e+00         g        25        19
      663    8.873030e+00         h        25        19
      664   -4.227634e+00         g        25        20
      665   -1.142674e+00         h        25        20
      666   -6.767467e+00         g        25        21
      667   -6.294042e+00         h        25        21
      668   -6.637507e+00         g        25        22
      669   -4.118424e+00         h        25        22
      670    3.019993e+00         g        25        23
      671   -2.228780e+00         h        25        23
      672    6.662516e+00         g        25        24
      673    2.067772e+00         h        25        24
      674    6.160129e+00         g        25        25
      675    8.452786e-01         h        25        25
      676    1.073407e+02         g        26         0
      677    9.054483e+01         g        26         1
      678    6.707577e+01         h        26         1
      679    3.131667e+01         g        26         2
      680   -1.151059e+02         h        26         2
      681    1.341929e+01         g        26         3
      682   -7.818391e+01         h        26         3
      683    2.742821e+01         g        26         4
      684    3.344370e+01         h        26         4
      685    2.186341e+01         g        26         5
      686   -2.114764e+01         h        26         5
      687    6.019481e+01         g        26         6
      688   -5.331416e+01         h        26         6
      689    1.077547e+01         g        26         7
      690   -2.351801e+01         h        26         7
      691    3.351127e+01         g        26         8
      692    4.840341e+01         h        26         8
      693    9.754939e+01         g        26         9
      694    2.737031e+01         h        26         9
      695    7.447520e+01         g        26        10
      696   -6.299388e+01         h        26        10
      697    4.982691e+01         g        26        11
      698    2.445654e+00         h        26        11
      699    6.521984e+01         g        26        12
      700    1.306257e+01         h        26        12
      701    5.551019e+01         g        26        13
      702   -2.424796e+01         h        26        13
      703    3.936809e+01         g        26        14
      704   -8.362122e+00         h        26        14
      705    3.794079e+01         g        26        15
      706    1.113607e+01         h        26        15
      707    3.101680e+01         g        26        16
      708   -1.085781e+00         h        26        16
      709    8.409622e+00         g        26        17
      710    1.186098e+00         h        26        17
      711    1.779742e+01         g        26        18
      712    5.623055e+00         h        26        18
      713    9.247338e+00         g        26        19
      714    4.054491e+00         h        26        19
      715    5.994282e+00         g        26        20
      716    9.904199e+00         h        26        20
      717    1.445654e+00         g        26        21
      718   -2.209278e-01         h        26        21
      719   -7.689002e+00         g        26        22
      720   -3.694473e-01         h        26        22
      721   -1.343957e+00         g        26        23
      722    2.581072e+00         h        26        23
      723   -2.702605e+00         g        26        24
      724    5.258984e-01         h        26        24
      725    9.237875e-01         g        26        25
      726   -3.644071e+00         h        26        25
      727   -2.042214e-01         g        26        26
      728   -2.135339e+00         h        26        26
      729    5.153166e+01         g        27         0
      730    1.072473e+00         g        27         1
      731   -7.930276e+01         h        27         1
      732   -1.269942e+01         g        27         2
      733   -4.709293e+01         h        27         2
      734   -1.324660e+01         g        27         3
      735   -2.427874e+01         h        27         3
      736    1.187288e+01         g        27         4
      737   -2.171935e+01         h        27         4
      738    2.195682e+01         g        27         5
      739   -4.387956e+01         h        27         5
      740   -2.421981e+01         g        27         6
      741   -5.215865e+01         h        27         6
      742   -3.718334e+01         g        27         7
      743   -4.352537e+01         h        27         7
      744    2.974797e+01         g        27         8
      745    1.189994e-01         h        27         8
      746    1.418841e+01         g        27         9
      747   -5.543856e+01         h        27         9
      748   -2.836855e+01         g        27        10
      749   -7.688655e+01         h        27        10
      750   -9.464663e+00         g        27        11
      751   -2.995491e+01         h        27        11
      752    1.277522e+01         g        27        12
      753   -3.640834e+01         h        27        12
      754   -1.764039e+01         g        27        13
      755   -4.999114e+01         h        27        13
      756   -9.314632e+00         g        27        14
      757   -2.589020e+01         h        27        14
      758    1.636783e+01         g        27        15
      759   -2.910135e+01         h        27        15
      760    1.213672e+00         g        27        16
      761   -2.195858e+01         h        27        16
      762   -4.430487e+00         g        27        17
      763   -1.247588e+01         h        27        17
      764    7.546054e+00         g        27        18
      765   -1.054245e+01         h        27        18
      766    4.334719e+00         g        27        19
      767   -1.015941e+01         h        27        19
      768    3.746150e+00         g        27        20
      769   -4.422331e-01         h        27        20
      770    6.099465e+00         g        27        21
      771   -2.055023e+00         h        27        21
      772   -2.216801e+00         g        27        22
      773   -2.371556e+00         h        27        22
      774    2.254099e+00         g        27        23
      775    4.273576e+00         h        27        23
      776    2.106527e+00         g        27        24
      777    2.411200e+00         h        27        24
      778   -1.589965e+00         g        27        25
      779    4.125771e+00         h        27        25
      780   -4.984620e+00         g        27        26
      781   -1.108851e+00         h        27        26
      782   -1.460439e+00         g        27        27
      783   -1.506631e+00         h        27        27
      784   -3.806647e+01         g        28         0
      785   -4.317252e+01         g        28         1
      786   -6.278395e+01         h        28         1
      787   -2.197090e+01         g        28         2
      788    3.469604e+01         h        28         2
      789   -1.149586e+01         g        28         3
      790    4.942922e+01         h        28         3
      791   -1.842748e+00         g        28         4
      792   -1.581039e+01         h        28         4
      793    1.658438e+01         g        28         5
      794    7.982255e+00         h        28         5
      795   -4.547529e+01         g        28         6
      796    1.142354e+01         h        28         6
      797   -3.311732e+01         g        28         7
      798    1.340855e+00         h        28         7
      799    1.024909e+01         g        28         8
      800    1.429984e+01         h        28         8
      801   -2.879782e+01         g        28         9
      802   -2.269178e+01         h        28         9
      803   -6.181266e+01         g        28        10
      804   -3.702446e+00         h        28        10
      805   -2.479634e+01         g        28        11
      806    1.586916e+01         h        28        11
      807   -2.055645e+01         g        28        12
      808   -6.801703e+00         h        28        12
      809   -4.261669e+01         g        28        13
      810    3.122384e+00         h        28        13
      811   -3.037674e+01         g        28        14
      812    1.062603e+01         h        28        14
      813   -5.550052e+00         g        28        15
      814   -1.044579e+01         h        28        15
      815   -1.728206e+01         g        28        16
      816   -5.851688e+00         h        28        16
      817   -1.572358e+01         g        28        17
      818    1.035013e+00         h        28        17
      819   -6.708906e+00         g        28        18
      820   -3.989470e+00         h        28        18
      821   -8.200773e+00         g        28        19
      822   -5.107533e+00         h        28        19
      823   -3.165856e+00         g        28        20
      824   -9.692397e-01         h        28        20
      825    3.358661e-01         g        28        21
      826   -6.672401e-01         h        28        21
      827   -1.258865e+00         g        28        22
      828   -2.769251e+00         h        28        22
      829   -1.137963e-01         g        28        23
      830   -9.149192e-01         h        28        23
      831    4.308648e+00         g        28        24
      832   -3.022249e-01         h        28        24
      833    8.020410e-01         g        28        25
      834    1.342133e+00         h        28        25
      835    3.493904e-01         g        28        26
      836    3.351396e+00         h        28        26
      837   -2.890352e+00         g        28        27
      838    2.436498e+00         h        28        27
      839   -1.593973e+00         g        28        28
      840   -3.244058e-01         h        28        28
      841   -4.589187e+01         g        29         0
      842   -2.177554e+01         g        29         1
      843   -7.245683e+00         h        29         1
      844    1.090350e+01         g        29         2
      845    5.821666e+01         h        29         2
      846    9.647925e+00         g        29         3
      847    4.987264e+01         h        29         3
      848    1.400024e+01         g        29         4
      849   -9.255314e+00         h        29         4
      850    2.922056e+01         g        29         5
      851    2.603823e+01         h        29         5
      852    6.881049e-01         g        29         6
      853    2.580423e+01         h        29         6
      854    1.450256e+01         g        29         7
      855    1.700657e+01         h        29         7
      856    1.927504e+01         g        29         8
      857    6.771597e+00         h        29         8
      858   -6.581230e+00         g        29         9
      859    7.156473e+00         h        29         9
      860   -1.267738e+01         g        29        10
      861    2.829309e+01         h        29        10
      862    9.812343e+00         g        29        11
      863    2.637698e+01         h        29        11
      864    4.692910e-01         g        29        12
      865    6.858410e+00         h        29        12
      866   -5.833973e+00         g        29        13
      867    2.995887e+01         h        29        13
      868    3.368851e+00         g        29        14
      869    2.176300e+01         h        29        14
      870    1.171293e+00         g        29        15
      871    6.442518e+00         h        29        15
      872   -3.729729e+00         g        29        16
      873    9.399156e+00         h        29        16
      874   -2.523368e+00         g        29        17
      875    1.084084e+01         h        29        17
      876   -2.335720e+00         g        29        18
      877    7.484480e+00         h        29        18
      878   -4.240890e+00         g        29        19
      879    1.826492e+00         h        29        19
      880   -8.356693e-01         g        29        20
      881    5.022666e+00         h        29        20
      882    2.755213e-01         g        29        21
      883    1.880977e+00         h        29        21
      884   -2.579270e+00         g        29        22
      885    6.116027e-01         h        29        22
      886   -2.455997e+00         g        29        23
      887   -1.072667e+00         h        29        23
      888   -2.589750e-01         g        29        24
      889    9.530268e-01         h        29        24
      890    1.001325e+00         g        29        25
      891   -1.171331e-01         h        29        25
      892    3.195958e-01         g        29        26
      893    2.450575e+00         h        29        26
      894    1.433528e+00         g        29        27
      895   -2.518566e-01         h        29        27
      896    1.193320e+00         g        29        28
      897    1.403970e+00         h        29        28
      898   -6.393688e-01         g        29        29
      899   -1.100940e-01         h        29        29
      900   -9.705042e+00         g        30         0
      901    8.710137e+00         g        30         1
      902    6.868878e+00         h        30         1
      903    1.784754e+01         g        30         2
      904    2.342672e+01         h        30         2
      905    1.051104e+01         g        30         3
      906    3.394623e+00         h        30         3
      907    1.204836e+01         g        30         4
      908   -1.251188e+01         h        30         4
      909    1.169250e+01         g        30         5
      910    1.630998e+00         h        30         5
      911    2.133196e+01         g        30         6
      912    1.672170e+00         h        30         6
      913    2.173667e+01         g        30         7
      914    6.602559e-02         h        30         7
      915    1.016008e+01         g        30         8
      916   -1.670375e+01         h        30         8
      917    5.005728e+00         g        30         9
      918    7.544621e-01         h        30         9
      919    1.726964e+01         g        30        10
      920    1.010703e+01         h        30        10
      921    1.611544e+01         g        30        11
      922   -8.214714e+00         h        30        11
      923    1.060885e+01         g        30        12
      924   -5.758235e+00         h        30        12
      925    1.389067e+01         g        30        13
      926    9.730771e+00         h        30        13
      927    1.927084e+01         g        30        14
      928   -3.134716e+00         h        30        14
      929    4.946523e+00         g        30        15
      930   -3.203674e+00         h        30        15
      931    7.395878e+00         g        30        16
      932    1.231967e+00         h        30        16
      933    1.016651e+01         g        30        17
      934    3.347601e+00         h        30        17
      935    4.225407e+00         g        30        18
      936    4.433053e+00         h        30        18
      937    3.574109e+00         g        30        19
      938   -6.164129e-01         h        30        19
      939    1.601267e+00         g        30        20
      940    1.907735e+00         h        30        20
      941    3.121897e+00         g        30        21
      942    8.296227e-01         h        30        21
      943   -1.869191e+00         g        30        22
      944    2.875716e-01         h        30        22
      945   -1.172626e+00         g        30        23
      946    2.467910e+00         h        30        23
      947   -2.342324e-01         g        30        24
      948    8.822341e-01         h        30        24
      949    1.926136e+00         g        30        25
      950    1.743378e+00         h        30        25
      951    7.650033e-01         g        30        26
      952    1.524067e+00         h        30        26
      953    6.082687e-01         g        30        27
      954   -5.603216e-01         h        30        27
      955   -2.433731e-01         g        30        28
      956   -2.585122e+00         h        30        28
      957    2.010515e+00         g        30        29
      958   -2.614001e+00         h        30        29
      959   -1.617735e-02         g        30        30
      960    8.921565e-01         h        30        30
      961    1.173547e+01         g        31         0
      962    1.223593e+01         g        31         1
      963    8.605895e+00         h        31         1
      964   -4.268703e-01         g        31         2
      965   -1.237190e+01         h        31         2
      966   -7.160872e-01         g        31         3
      967   -1.608291e+01         h        31         3
      968   -3.738298e+00         g        31         4
      969    3.250607e+00         h        31         4
      970   -1.493047e+01         g        31         5
      971   -1.049647e+01         h        31         5
      972    6.705341e+00         g        31         6
      973   -3.673590e+00         h        31         6
      974   -5.966427e+00         g        31         7
      975   -4.943169e+00         h        31         7
      976   -1.273786e+01         g        31         8
      977   -1.184238e+01         h        31         8
      978   -2.681922e+00         g        31         9
      979   -4.692012e+00         h        31         9
      980    6.811434e+00         g        31        10
      981   -3.864713e+00         h        31        10
      982   -4.875248e+00         g        31        11
      983   -1.992524e+01         h        31        11
      984   -4.772195e+00         g        31        12
      985   -7.343262e+00         h        31        12
      986    4.322385e+00         g        31        13
      987   -6.451495e+00         h        31        13
      988    2.592927e+00         g        31        14
      989   -1.281481e+01         h        31        14
      990   -5.996787e+00         g        31        15
      991   -7.277249e+00         h        31        15
      992    1.365582e+00         g        31        16
      993   -6.094275e+00         h        31        16
      994    3.606389e+00         g        31        17
      995   -4.872168e+00         h        31        17
      996    1.510770e+00         g        31        18
      997   -2.778877e+00         h        31        18
      998    8.195545e-01         g        31        19
      999   -2.795674e+00         h        31        19
     1000    9.430903e-01         g        31        20
     1001   -2.017651e+00         h        31        20
     1002    1.575055e+00         g        31        21
     1003   -4.957124e-01         h        31        21
     1004   -7.306942e-02         g        31        22
     1005   -5.542742e-01         h        31        22
     1006   -4.474322e-01         g        31        23
     1007    2.716638e+00         h        31        23
     1008    1.866383e+00         g        31        24
     1009   -1.250352e+00         h        31        24
     1010    1.102202e-01         g        31        25
     1011   -5.305520e-01         h        31        25
     1012    2.204742e+00         g        31        26
     1013    8.597738e-01         h        31        26
     1014   -8.337458e-01         g        31        27
     1015   -9.227601e-01         h        31        27
     1016   -1.767205e+00         g        31        28
     1017   -1.647371e+00         h        31        28
     1018   -1.394424e+00         g        31        29
     1019   -2.410712e+00         h        31        29
     1020   -1.362106e+00         g        31        30
     1021   -2.676258e+00         h        31        30
     1022    1.695479e+00         g        31        31
     1023    1.521929e-01         h        31        31
     1024    1.319993e+01         g        32         0
     1025    4.269783e+00         g        32         1
     1026    1.009751e+01         h        32         1
     1027   -8.361849e+00         g        32         2
     1028   -1.712518e+01         h        32         2
     1029   -3.691685e+00         g        32         3
     1030   -7.595946e+00         h        32         3
     1031   -7.330862e+00         g        32         4
     1032    1.774571e+01         h        32         4
     1033   -1.227999e+01         g        32         5
     1034   -2.417607e+00         h        32         5
     1035   -4.014984e+00         g        32         6
     1036    2.487570e+00         h        32         6
     1037   -1.209683e+01         g        32         7
     1038    2.443851e+00         h        32         7
     1039   -1.602996e+01         g        32         8
     1040    4.616573e+00         h        32         8
     1041   -3.271424e+00         g        32         9
     1042    1.058198e+00         h        32         9
     1043   -1.592656e+00         g        32        10
     1044    6.031610e-01         h        32        10
     1045   -1.110689e+01         g        32        11
     1046   -2.134863e+00         h        32        11
     1047   -1.107105e+01         g        32        12
     1048    3.276636e+00         h        32        12
     1049   -2.227580e+00         g        32        13
     1050   -3.457082e+00         h        32        13
     1051   -7.328294e+00         g        32        14
     1052   -5.423962e-01         h        32        14
     1053   -9.396784e+00         g        32        15
     1054    3.671713e+00         h        32        15
     1055   -4.104483e+00         g        32        16
     1056    1.578883e+00         h        32        16
     1057   -3.591900e+00         g        32        17
     1058   -1.888311e+00         h        32        17
     1059   -2.375406e+00         g        32        18
     1060    2.434929e-01         h        32        18
     1061   -3.815973e+00         g        32        19
     1062   -7.447912e-01         h        32        19
     1063    1.524271e-01         g        32        20
     1064    7.201898e-01         h        32        20
     1065    5.267213e-01         g        32        21
     1066   -1.739166e+00         h        32        21
     1067    1.973730e-01         g        32        22
     1068    8.622746e-01         h        32        22
     1069    4.219507e-01         g        32        23
     1070    4.458499e-01         h        32        23
     1071    6.379379e-01         g        32        24
     1072   -1.483980e+00         h        32        24
     1073   -2.083125e+00         g        32        25
     1074   -2.169372e+00         h        32        25
     1075    2.709330e-01         g        32        26
     1076    1.826318e+00         h        32        26
     1077   -5.303964e-01         g        32        27
     1078   -1.163110e+00         h        32        27
     1079   -2.964126e+00         g        32        28
     1080    9.285929e-01         h        32        28
     1081   -1.703560e+00         g        32        29
     1082   -5.629227e-01         h        32        29
     1083   -1.745586e+00         g        32        30
     1084   -6.237983e-01         h        32        30
     1085   -1.656221e+00         g        32        31
     1086    7.705706e-01         h        32        31
     1087    5.480172e-01         g        32        32
     1088   -1.422440e+00         h        32        32
     1089    5.720604e+00         g        33         0
     1090   -2.798289e-01         g        33         1
     1091    1.127890e+00         h        33         1
     1092   -3.683447e+00         g        33         2
     1093   -8.478000e+00         h        33         2
     1094   -1.788447e+00         g        33         3
     1095    1.434976e-02         h        33         3
     1096   -1.909684e+00         g        33         4
     1097    8.806267e+00         h        33         4
     1098    1.131343e+00         g        33         5
     1099    4.792821e+00         h        33         5
     1100   -3.498676e+00         g        33         6
     1101   -5.087266e-01         h        33         6
     1102    1.196217e+00         g        33         7
     1103    3.715693e+00         h        33         7
     1104   -1.582466e+00         g        33         8
     1105    4.832686e+00         h        33         8
     1106    7.904023e-01         g        33         9
     1107    3.880382e+00         h        33         9
     1108    1.804665e+00         g        33        10
     1109    4.333335e+00         h        33        10
     1110   -5.310066e-01         g        33        11
     1111    6.890970e+00         h        33        11
     1112   -1.223536e+00         g        33        12
     1113    7.157058e+00         h        33        12
     1114    1.887181e+00         g        33        13
     1115   -2.118425e-01         h        33        13
     1116   -2.621610e+00         g        33        14
     1117    5.420037e+00         h        33        14
     1118   -2.679603e-01         g        33        15
     1119    8.233592e+00         h        33        15
     1120   -6.144510e-01         g        33        16
     1121    5.234682e+00         h        33        16
     1122    1.399379e+00         g        33        17
     1123    2.732232e+00         h        33        17
     1124    4.148575e-01         g        33        18
     1125    3.682215e+00         h        33        18
     1126   -5.277694e-01         g        33        19
     1127    1.246578e+00         h        33        19
     1128   -1.015135e+00         g        33        20
     1129    3.141717e+00         h        33        20
     1130    1.923564e+00         g        33        21
     1131   -1.897391e+00         h        33        21
     1132   -1.052667e+00         g        33        22
     1133    5.526204e-01         h        33        22
     1134    1.713065e+00         g        33        23
     1135    2.394018e-01         h        33        23
     1136   -1.291332e+00         g        33        24
     1137   -9.445829e-01         h        33        24
     1138   -1.476342e+00         g        33        25
     1139   -3.285995e-01         h        33        25
     1140   -3.339429e-01         g        33        26
     1141    1.653062e+00         h        33        26
     1142    1.358900e+00         g        33        27
     1143    5.613712e-01         h        33        27
     1144   -2.145720e+00         g        33        28
     1145    1.529662e+00         h        33        28
     1146    1.328353e-01         g        33        29
     1147    1.315244e+00         h        33        29
     1148   -2.989683e-01         g        33        30
     1149    1.480480e-01         h        33        30
     1150   -5.399497e-02         g        33        31
     1151    1.395141e+00         h        33        31
     1152    8.644241e-01         g        33        32
     1153    1.836818e+00         h        33        32
     1154   -1.161356e+00         g        33        33
     1155   -5.274699e-01         h        33        33
     1156   -1.687081e+00         g        34         0
     1157   -2.974127e+00         g        34         1
     1158   -4.867665e+00         h        34         1
     1159    9.134424e-01         g        34         2
     1160    7.549476e-01         h        34         2
     1161    4.362416e-01         g        34         3
     1162    1.666262e+00         h        34         3
     1163    1.012233e+00         g        34         4
     1164   -4.327038e+00         h        34         4
     1165    1.540609e+00         g        34         5
     1166    3.638873e+00         h        34         5
     1167   -1.677116e+00         g        34         6
     1168   -3.368512e+00         h        34         6
     1169    4.324882e+00         g        34         7
     1170   -1.156132e+00         h        34         7
     1171    6.487623e+00         g        34         8
     1172   -7.719626e-01         h        34         8
     1173    1.038175e-01         g        34         9
     1174   -1.104406e-02         h        34         9
     1175    6.474818e-01         g        34        10
     1176   -1.373554e+00         h        34        10
     1177    4.128352e+00         g        34        11
     1178    1.087691e+00         h        34        11
     1179    5.276170e+00         g        34        12
     1180    6.318127e-01         h        34        12
     1181    2.463626e+00         g        34        13
     1182   -2.084756e+00         h        34        13
     1183    3.800653e-01         g        34        14
     1184    1.673562e-01         h        34        14
     1185    4.670788e+00         g        34        15
     1186    1.070286e+00         h        34        15
     1187    1.263257e+00         g        34        16
     1188   -1.403910e+00         h        34        16
     1189    2.643653e+00         g        34        17
     1190    1.008223e+00         h        34        17
     1191    2.891901e+00         g        34        18
     1192   -9.808434e-01         h        34        18
     1193    2.360832e+00         g        34        19
     1194    2.577496e-01         h        34        19
     1195   -1.270417e+00         g        34        20
     1196    4.621070e-01         h        34        20
     1197    1.327612e+00         g        34        21
     1198   -2.735616e-01         h        34        21
     1199   -8.387855e-01         g        34        22
     1200   -1.036058e+00         h        34        22
     1201    9.049178e-01         g        34        23
     1202    9.571035e-01         h        34        23
     1203   -6.745089e-01         g        34        24
     1204   -6.386583e-01         h        34        24
     1205   -3.330392e-01         g        34        25
     1206    1.007421e+00         h        34        25
     1207    7.214808e-01         g        34        26
     1208   -3.415091e-01         h        34        26
     1209    1.487772e+00         g        34        27
     1210    2.029975e-01         h        34        27
     1211    3.563308e-01         g        34        28
     1212    1.242201e-01         h        34        28
     1213    7.002649e-01         g        34        29
     1214    7.075622e-01         h        34        29
     1215    1.063372e+00         g        34        30
     1216   -1.213359e+00         h        34        30
     1217    1.062877e+00         g        34        31
     1218   -2.025219e-01         h        34        31
     1219    1.801716e+00         g        34        32
     1220    6.537269e-01         h        34        32
     1221    1.746744e+00         g        34        33
     1222   -4.285340e-02         h        34        33
     1223   -7.935763e-01         g        34        34
     1224    1.115594e+00         h        34        34
     1225   -2.007215e+00         g        35         0
     1226   -2.261155e+00         g        35         1
     1227   -1.652612e+00         h        35         1
     1228    1.499867e+00         g        35         2
     1229    4.457849e+00         h        35         2
     1230    1.570731e+00         g        35         3
     1231    1.201607e+00         h        35         3
     1232    3.322637e-01         g        35         4
     1233   -4.758680e+00         h        35         4
     1234   -1.168191e+00         g        35         5
     1235    3.500521e-01         h        35         5
     1236   -5.278727e-01         g        35         6
     1237   -1.226749e+00         h        35         6
     1238    5.376782e-01         g        35         7
     1239   -2.522495e+00         h        35         7
     1240    3.213956e+00         g        35         8
     1241   -6.901507e-01         h        35         8
     1242   -7.345230e-01         g        35         9
     1243   -1.952186e+00         h        35         9
     1244   -1.968676e+00         g        35        10
     1245   -4.154216e+00         h        35        10
     1246    7.173456e-01         g        35        11
     1247   -1.758702e+00         h        35        11
     1248    2.929878e+00         g        35        12
     1249   -3.200817e+00         h        35        12
     1250   -1.763503e+00         g        35        13
     1251   -1.985593e+00         h        35        13
     1252   -7.062002e-02         g        35        14
     1253   -1.786980e+00         h        35        14
     1254    1.761220e+00         g        35        15
     1255   -3.134740e+00         h        35        15
     1256   -8.033504e-01         g        35        16
     1257   -3.497055e+00         h        35        16
     1258   -2.133677e+00         g        35        17
     1259   -7.828251e-01         h        35        17
     1260    2.647401e-01         g        35        18
     1261   -2.975258e+00         h        35        18
     1262    2.009491e-02         g        35        19
     1263   -6.442372e-01         h        35        19
     1264   -8.280836e-01         g        35        20
     1265   -1.328162e+00         h        35        20
     1266   -1.051099e+00         g        35        21
     1267    2.723742e-01         h        35        21
     1268    2.493258e-01         g        35        22
     1269   -6.689244e-01         h        35        22
     1270   -5.604415e-01         g        35        23
     1271    1.004920e-01         h        35        23
     1272    5.182580e-03         g        35        24
     1273    1.832401e-02         h        35        24
     1274   -5.189644e-03         g        35        25
     1275    2.143581e-01         h        35        25
     1276    2.774370e-01         g        35        26
     1277   -1.066446e+00         h        35        26
     1278   -7.765336e-02         g        35        27
     1279   -8.673123e-01         h        35        27
     1280    4.167731e-01         g        35        28
     1281   -3.590822e-01         h        35        28
     1282   -3.221550e-01         g        35        29
     1283   -7.921780e-01         h        35        29
     1284   -4.634312e-02         g        35        30
     1285   -1.563091e+00         h        35        30
     1286   -2.141905e-01         g        35        31
     1287   -1.853050e+00         h        35        31
     1288    6.154606e-01         g        35        32
     1289   -7.915138e-01         h        35        32
     1290    1.046893e+00         g        35        33
     1291   -7.438138e-01         h        35        33
     1292    1.234010e-01         g        35        34
     1293   -1.117015e+00         h        35        34
     1294    7.563208e-01         g        35        35
     1295    8.987193e-01         h        35        35