      IND             SHC     g | h         n         m
        1    6.687583e+05         g         1         0
        2   -1.160894e+05         g         1         1
        3    3.394832e+04         h         1         1
        4    2.341581e+04         g         2         0
        5   -1.088218e+05         g         2         1
        6   -8.199084e+04         h         2         1
        7    9.213550e+04         g         2         2
        8    3.926462e+04         h         2         2
        9    6.544461e+03         g         3         0
       10   -8.407528e+04         g         3         1
       11   -7.383252e+04         h         3         1
       12    3.429953e+04         g         3         2
       13    9.563373e+04         h         3         2
       14   -2.887040e+03         g         3         3
       15   -6.192457e+04         h         3         3
       16   -8.918065e+04         g         4         0
       17   -2.220274e+04         g         4         1
       18    8.386373e+04         h         4         1
       19   -7.081090e+03         g         4         2
       20    7.387022e+04         h         4         2
       21   -2.851512e+04         g         4         3
       22   -2.129681e+03         h         4         3
       23   -4.761769e+04         g         4         4
       24   -4.078397e+03         h         4         4
       25   -5.900544e+04         g         5         0
       26    1.351810e+04         g         5         1
       27    1.445871e+05         h         5         1
       28    5.129994e+04         g         5         2
       29   -4.196856e+03         h         5         2
       30   -5.440563e+04         g         5         3
       31    1.818764e+04         h         5         3
       32   -8.116298e+03         g         5         4
       33    3.281989e+04         h         5         4
       34   -1.595300e+04         g         5         5
       35    3.131971e+04         h         5         5
       36   -7.184448e+04         g         6         0
       37    3.339546e+04         g         6         1
       38    4.582777e+04         h         6         1
       39    4.451324e+04         g         6         2
       40   -3.320385e+04         h         6         2
       41   -4.547086e+04         g         6         3
       42   -1.851912e+03         h         6         3
       43    9.093138e+03         g         6         4
       44    5.083146e+04         h         6         4
       45    5.085697e+03         g         6         5
       46   -1.318134e+04         h         6         5
       47    2.926880e+04         g         6         6
       48    1.800361e+04         h         6         6
       49   -6.604222e+03         g         7         0
       50    2.627736e+04         g         7         1
       51   -2.503450e+04         h         7         1
       52   -2.908199e+04         g         7         2
       53   -5.401186e+04         h         7         2
       54   -7.681559e+03         g         7         3
       55    8.174193e+03         h         7         3
       56   -2.962571e+04         g         7         4
       57    2.367955e+04         h         7         4
       58    1.474696e+04         g         7         5
       59   -2.890087e+04         h         7         5
       60   -1.023447e+04         g         7         6
       61   -8.509597e+03         h         7         6
       62    1.650627e+04         g         7         7
       63   -2.481074e+04         h         7         7
       64    6.761416e+04         g         8         0
       65    6.822742e+02         g         8         1
       66   -2.073435e+04         h         8         1
       67   -3.766481e+04         g         8         2
       68   -5.929024e+04         h         8         2
       69    7.252945e+02         g         8         3
       70    5.132431e+04         h         8         3
       71   -2.441224e+04         g         8         4
       72   -8.782965e+03         h         8         4
       73   -8.773680e+03         g         8         5
       74    1.210120e+04         h         8         5
       75   -2.188481e+04         g         8         6
       76   -1.676704e+04         h         8         6
       77   -6.977931e+03         g         8         7
       78    4.741103e+03         h         8         7
       79   -1.571999e+04         g         8         8
       80   -1.631611e+04         h         8         8
       81    4.233691e+04         g         9         0
       82   -1.350318e+04         g         9         1
       83   -3.880831e+04         h         9         1
       84    7.022497e+03         g         9         2
       85   -1.204646e+04         h         9         2
       86    4.356101e+03         g         9         3
       87    3.740126e+04         h         9         3
       88    2.127779e+04         g         9         4
       89   -7.247058e+03         h         9         4
       90   -1.659223e+04         g         9         5
       91    2.114108e+04         h         9         5
       92    9.575895e+03         g         9         6
       93   -1.112106e+03         h         9         6
       94   -9.628749e+03         g         9         7
       95    1.117546e+04         h         9         7
       96    8.587943e+03         g         9         8
       97    4.928458e+03         h         9         8
       98   -1.421322e+04         g         9         9
       99    1.098806e+04         h         9         9
      100   -3.298989e+03         g        10         0
      101    6.101121e+03         g        10         1
      102   -4.490094e+04         h        10         1
      103    1.290233e+04         g        10         2
      104    3.955288e+04         h        10         2
      105    2.923974e+04         g        10         3
      106   -1.621581e+04         h        10         3
      107    2.797608e+04         g        10         4
      108   -1.071884e+04         h        10         4
      109    2.806063e+03         g        10         5
      110   -2.530572e+03         h        10         5
      111    1.374371e+04         g        10         6
      112   -5.594261e+03         h        10         6
      113    5.901862e+03         g        10         7
      114   -1.095812e+04         h        10         7
      115    1.778064e+04         g        10         8
      116    2.583876e+03         h        10         8
      117    6.173137e+03         g        10         9
      118   -5.051945e+03         h        10         9
      119    7.662089e+03         g        10        10
      120    1.190280e+04         h        10        10
      121    7.012902e+03         g        11         0
      122    2.902353e+04         g        11         1
      123    5.182895e+03         h        11         1
      124   -1.010931e+04         g        11         2
      125    4.086404e+04         h        11         2
      126    3.360185e+04         g        11         3
      127   -3.534016e+04         h        11         3
      128    2.720805e+03         g        11         4
      129   -2.546840e+04         h        11         4
      130    3.310546e+03         g        11         5
      131   -3.144751e+03         h        11         5
      132   -7.500863e+03         g        11         6
      133   -2.326958e+04         h        11         6
      134   -2.612605e+03         g        11         7
      135   -1.125261e+04         h        11         7
      136    6.828342e+03         g        11         8
      137   -1.551607e+04         h        11         8
      138    2.214815e+03         g        11         9
      139   -1.292100e+04         h        11         9
      140   -1.099003e+03         g        11        10
      141   -5.134254e+03         h        11        10
      142    8.488508e+03         g        11        11
      143   -4.164530e+03         h        11        11
      144    2.535363e+04         g        12         0
      145    1.866291e+04         g        12         1
      146    4.795575e+04         h        12         1
      147   -6.127417e+03         g        12         2
      148    1.690527e+04         h        12         2
      149    6.581735e+02         g        12         3
      150   -1.952937e+04         h        12         3
      151   -5.788252e+03         g        12         4
      152   -1.009553e+04         h        12         4
      153   -9.070127e+03         g        12         5
      154    9.765225e+03         h        12         5
      155   -9.578502e+03         g        12         6
      156   -1.187574e+04         h        12         6
      157   -1.971847e+04         g        12         7
      158    7.783435e+03         h        12         7
      159    5.266065e+03         g        12         8
      160   -9.251446e+03         h        12         8
      161   -1.349311e+04         g        12         9
      162   -6.036987e+03         h        12         9
      163   -7.264817e+03         g        12        10
      164   -3.056070e+02         h        12        10
      165   -6.138615e+03         g        12        11
      166   -7.044835e+01         h        12        11
      167   -1.815688e+03         g        12        12
      168   -5.734996e+03         h        12        12
      169    1.836538e+04         g        13         0
      170   -1.053253e+04         g        13         1
      171    3.718422e+04         h        13         1
      172    1.408414e+04         g        13         2
      173    5.419363e+03         h        13         2
      174   -2.257041e+04         g        13         3
      175   -4.944601e+03         h        13         3
      176    3.266822e+02         g        13         4
      177    2.138376e+04         h        13         4
      178    2.373610e+03         g        13         5
      179    3.255970e+03         h        13         5
      180    2.393562e+03         g        13         6
      181    1.138641e+04         h        13         6
      182   -9.203083e+03         g        13         7
      183    1.284674e+04         h        13         7
      184    1.323567e+04         g        13         8
      185    4.036091e+03         h        13         8
      186   -7.219817e+03         g        13         9
      187   -1.752933e+03         h        13         9
      188   -2.080271e+03         g        13        10
      189    1.225553e+04         h        13        10
      190   -2.917862e+03         g        13        11
      191    5.649100e+03         h        13        11
      192   -1.498911e+03         g        13        12
      193    5.651460e+03         h        13        12
      194   -4.035412e+03         g        13        13
      195    2.961771e+02         h        13        13
      196    1.400155e+04         g        14         0
      197   -2.879131e+04         g        14         1
      198    1.473866e+03         h        14         1
      199    1.421617e+04         g        14         2
      200   -8.706129e+02         h        14         2
      201   -1.705651e+04         g        14         3
      202    1.580037e+03         h        14         3
      203   -8.589514e+02         g        14         4
      204    2.079683e+04         h        14         4
      205    1.694393e+04         g        14         5
      206   -1.282101e+04         h        14         5
      207    1.518473e+03         g        14         6
      208    1.123736e+04         h        14         6
      209    8.404158e+03         g        14         7
      210    2.819529e+03         h        14         7
      211    1.020559e+04         g        14         8
      212   -3.345867e+03         h        14         8
      213    3.154259e+03         g        14         9
      214   -4.876791e+03         h        14         9
      215    3.927243e+03         g        14        10
      216    5.990723e+03         h        14        10
      217    5.449106e+03         g        14        11
      218    3.445451e+03         h        14        11
      219    3.160259e+03         g        14        12
      220    3.871789e+03         h        14        12
      221    3.707951e+03         g        14        13
      222    1.877012e+03         h        14        13
      223   -4.465596e+02         g        14        14
      224    2.637582e+03         h        14        14
      225    1.215551e+04         g        15         0
      226   -3.132511e+04         g        15         1
      227   -2.031869e+04         h        15         1
      228   -3.045368e+03         g        15         2
      229   -8.893835e+03         h        15         2
      230   -9.784077e+03         g        15         3
      231    6.530261e+03         h        15         3
      232   -7.364867e+03         g        15         4
      233   -6.718533e+02         h        15         4
      234    2.630472e+03         g        15         5
      235   -1.275646e+04         h        15         5
      236   -7.717682e+03         g        15         6
      237    3.485684e+03         h        15         6
      238    6.235196e+03         g        15         7
      239   -1.571184e+03         h        15         7
      240   -4.746430e+03         g        15         8
      241   -1.060162e+04         h        15         8
      242   -3.018567e+03         g        15         9
      243   -3.054023e+03         h        15         9
      244    2.193404e+03         g        15        10
      245   -3.130617e+03         h        15        10
      246    1.527175e+02         g        15        11
      247   -1.306973e+03         h        15        11
      248    2.439812e+03         g        15        12
      249   -1.319258e+03         h        15        12
      250    2.310256e+03         g        15        13
      251   -2.113317e+03         h        15        13
      252    1.973050e+03         g        15        14
      253   -2.296281e+03         h        15        14
      254    1.560627e+03         g        15        15
      255    6.793233e+02         h        15        15
      256   -5.747860e+03         g        16         0
      257   -2.234650e+04         g        16         1
      258   -1.337731e+04         h        16         1
      259   -1.134204e+04         g        16         2
      260   -7.540653e+03         h        16         2
      261   -7.348192e+03         g        16         3
      262    8.470446e+03         h        16         3
      263   -6.014201e+03         g        16         4
      264   -5.398566e+03         h        16         4
      265   -1.590905e+04         g        16         5
      266    1.946827e+03         h        16         5
      267   -4.804656e+03         g        16         6
      268    8.466343e+03         h        16         6
      269    9.843101e+02         g        16         7
      270    2.804887e+03         h        16         7
      271   -1.248838e+04         g        16         8
      272   -6.488051e+02         h        16         8
      273   -7.053899e+03         g        16         9
      274    6.767767e+03         h        16         9
      275    3.584229e+02         g        16        10
      276    3.122339e+02         h        16        10
      277   -5.565858e+03         g        16        11
      278    6.865547e+02         h        16        11
      279   -1.420392e+03         g        16        12
      280    2.705889e+03         h        16        12
      281   -1.523675e+03         g        16        13
      282   -2.054701e+03         h        16        13
      283   -1.118714e+03         g        16        14
      284   -1.486876e+03         h        16        14
      285   -1.131768e+03         g        16        15
      286   -1.946765e+03         h        16        15
      287    7.709868e+02         g        16        16
      288   -7.974181e+02         h        16        16
      289   -1.995675e+04         g        17         0
      290   -3.445959e+03         g        17         1
      291    8.701742e+03         h        17         1
      292   -1.417422e+03         g        17         2
      293   -1.355036e+03         h        17         2
      294    1.790904e+03         g        17         3
      295    2.827347e+03         h        17         3
      296    4.431902e+03         g        17         4
      297    3.111584e+02         h        17         4
      298   -1.057922e+04         g        17         5
      299    9.374899e+03         h        17         5
      300    8.814868e+03         g        17         6
      301    8.262687e+03         h        17         6
      302    5.753941e+03         g        17         7
      303    1.680513e+03         h        17         7
      304   -5.940022e+03         g        17         8
      305    6.997719e+03         h        17         8
      306    2.097192e+03         g        17         9
      307    1.026436e+04         h        17         9
      308    4.311763e+03         g        17        10
      309    2.058463e+03         h        17        10
      310   -1.054120e+03         g        17        11
      311    3.585639e+03         h        17        11
      312    6.004924e+02         g        17        12
      313    5.900729e+03         h        17        12
      314    6.994605e+02         g        17        13
      315    1.452822e+03         h        17        13
      316   -1.276541e+03         g        17        14
      317    1.052465e+03         h        17        14
      318   -6.999486e+02         g        17        15
      319    1.840876e+02         h        17        15
      320   -1.468745e+03         g        17        16
      321    3.939494e+02         h        17        16
      322   -3.011252e+02         g        17        17
      323   -6.946710e+02         h        17        17
      324   -1.099418e+04         g        18         0
      325    1.353438e+04         g        18         1
      326    1.716646e+04         h        18         1
      327    9.653699e+03         g        18         2
      328   -3.572028e+03         h        18         2
      329    8.435678e+03         g        18         3
      330   -7.716290e+03         h        18         3
      331    1.067272e+04         g        18         4
      332   -2.885637e+03         h        18         4
      333    8.816517e+02         g        18         5
      334    1.717283e+03         h        18         5
      335    1.279650e+04         g        18         6
      336   -6.065214e+03         h        18         6
      337    4.322560e+03         g        18         7
      338   -7.068922e+03         h        18         7
      339    1.026292e+03         g        18         8
      340    1.948955e+03         h        18         8
      341    7.140035e+03         g        18         9
      342    1.841949e+03         h        18         9
      343    4.766172e+03         g        18        10
      344   -4.670279e+03         h        18        10
      345    2.373712e+03         g        18        11
      346    1.854049e+02         h        18        11
      347    3.925960e+03         g        18        12
      348    1.129597e+03         h        18        12
      349    2.532496e+03         g        18        13
      350    2.402752e+02         h        18        13
      351    1.594794e+03         g        18        14
      352   -2.682826e+02         h        18        14
      353    9.006742e+02         g        18        15
      354    2.055840e+02         h        18        15
      355    1.222899e+02         g        18        16
      356    2.499211e+02         h        18        16
      357    2.730082e+01         g        18        17
      358    1.014186e+03         h        18        17
      359   -5.482417e+02         g        18        18
      360    1.595640e+01         h        18        18
      361    2.021227e+03         g        19         0
      362    1.412174e+04         g        19         1
      363    5.986978e+03         h        19         1
      364    6.301271e+03         g        19         2
      365   -8.268387e+03         h        19         2
      366    2.095788e+03         g        19         3
      367   -1.083779e+04         h        19         3
      368    4.811323e+03         g        19         4
      369   -5.913671e+03         h        19         4
      370    1.101214e+02         g        19         5
      371   -5.565136e+03         h        19         5
      372    2.106496e+03         g        19         6
      373   -1.247602e+04         h        19         6
      374   -6.997971e+03         g        19         7
      375   -8.853141e+03         h        19         7
      376    1.818747e+02         g        19         8
      377   -6.958764e+02         h        19         8
      378    1.180725e+03         g        19         9
      379   -4.985417e+03         h        19         9
      380   -2.614058e+03         g        19        10
      381   -6.549043e+03         h        19        10
      382   -8.164520e+02         g        19        11
      383   -2.356244e+03         h        19        11
      384    1.328186e+03         g        19        12
      385   -2.862888e+03         h        19        12
      386   -5.847278e+02         g        19        13
      387   -2.291109e+03         h        19        13
      388    7.022017e+02         g        19        14
      389   -1.688719e+03         h        19        14
      390    7.577220e+01         g        19        15
      391   -2.133732e+03         h        19        15
      392    2.442419e+02         g        19        16
      393   -7.766236e+02         h        19        16
      394    1.393974e+02         g        19        17
      395   -1.272939e+02         h        19        17
      396    6.393285e+02         g        19        18
      397    1.734328e+02         h        19        18
      398   -1.338959e+02         g        19        19
      399    3.841128e+02         h        19        19
      400    1.752933e+03         g        20         0
      401    2.523216e+03         g        20         1
      402   -4.814463e+03         h        20         1
      403   -2.715147e+03         g        20         2
      404   -4.128288e+03         h        20         2
      405   -5.037576e+03         g        20         3
      406   -1.009966e+03         h        20         3
      407   -2.897620e+03         g        20         4
      408    4.839849e+02         h        20         4
      409   -1.482797e+03         g        20         5
      410   -1.666122e+03         h        20         5
      411   -6.142546e+03         g        20         6
      412   -2.702744e+03         h        20         6
      413   -9.817499e+03         g        20         7
      414    1.146351e+02         h        20         7
      415    2.364792e+02         g        20         8
      416    3.705745e+03         h        20         8
      417   -2.437278e+03         g        20         9
      418   -2.543704e+03         h        20         9
      419   -6.706970e+03         g        20        10
      420    1.235807e+01         h        20        10
      421   -1.713225e+03         g        20        11
      422    1.062276e+03         h        20        11
      423   -1.596613e+03         g        20        12
      424   -1.360145e+03         h        20        12
      425   -2.701316e+03         g        20        13
      426   -8.559634e+01         h        20        13
      427   -1.374890e+03         g        20        14
      428   -1.078833e+01         h        20        14
      429   -1.232191e+03         g        20        15
      430   -1.441704e+03         h        20        15
      431   -1.366211e+03         g        20        16
      432   -4.696577e+02         h        20        16
      433   -4.343468e+02         g        20        17
      434   -3.209964e+02         h        20        17
      435   -1.324304e+02         g        20        18
      436   -2.590101e+01         h        20        18
      437    2.136451e+02         g        20        19
      438   -3.585319e+02         h        20        19
      439    2.396967e+02         g        20        20
      440    1.865022e+02         h        20        20
      441   -2.211028e+03         g        21         0
      442   -5.235549e+03         g        21         1
      443   -5.673493e+03         h        21         1
      444   -3.238432e+03         g        21         2
      445    3.396638e+03         h        21         2
      446   -2.188376e+03         g        21         3
      447    9.106144e+03         h        21         3
      448   -2.210268e+03         g        21         4
      449    4.835642e+03         h        21         4
      450    3.813716e+03         g        21         5
      451    3.942508e+03         h        21         5
      452   -2.723540e+03         g        21         6
      453    5.105756e+03         h        21         6
      454   -7.184179e+02         g        21         7
      455    5.959476e+03         h        21         7
      456    4.929450e+03         g        21         8
      457    3.278453e+03         h        21         8
      458    5.773869e+02         g        21         9
      459    1.703973e+02         h        21         9
      460   -2.173398e+03         g        21        10
      461    3.718756e+03         h        21        10
      462    1.968090e+03         g        21        11
      463    2.796022e+03         h        21        11
      464    1.355009e+02         g        21        12
      465   -3.309444e+02         h        21        12
      466   -6.568853e+02         g        21        13
      467    2.292074e+03         h        21        13
      468    1.136163e+02         g        21        14
      469    1.214099e+03         h        21        14
      470   -5.555713e+02         g        21        15
      471    4.622911e+02         h        21        15
      472   -7.903552e+02         g        21        16
      473    4.428862e+02         h        21        16
      474   -3.781452e+02         g        21        17
      475    6.846252e+02         h        21        17
      476   -2.861605e+02         g        21        18
      477    3.195388e+02         h        21        18
      478   -3.398967e+01         g        21        19
      479    1.360129e+02         h        21        19
      480   -1.897047e+02         g        21        20
      481   -1.957391e+02         h        21        20
      482    1.824595e+02         g        21        21
      483   -1.345284e+02         h        21        21
      484   -1.174487e+03         g        22         0
      485   -3.713331e+03         g        22         1
      486   -4.110123e+03         h        22         1
      487    9.546001e+02         g        22         2
      488    4.322438e+03         h        22         2
      489    2.649189e+03         g        22         3
      490    7.642888e+03         h        22         3
      491    1.243668e+03         g        22         4
      492    5.197933e+02         h        22         4
      493    5.441610e+03         g        22         5
      494    2.399968e+03         h        22         5
      495    2.131994e+03         g        22         6
      496    2.280591e+03         h        22         6
      497    4.819214e+03         g        22         7
      498    2.483850e+03         h        22         7
      499    5.370567e+03         g        22         8
      500   -3.047765e+03         h        22         8
      501    1.242447e+03         g        22         9
      502   -1.784874e+03         h        22         9
      503    1.961184e+03         g        22        10
      504    1.199020e+03         h        22        10
      505    2.769231e+03         g        22        11
      506   -8.319229e+02         h        22        11
      507    1.142564e+03         g        22        12
      508   -1.919805e+03         h        22        12
      509    9.938182e+02         g        22        13
      510    6.185909e+02         h        22        13
      511    1.647118e+03         g        22        14
      512   -2.247186e+02         h        22        14
      513    2.260500e+02         g        22        15
      514   -7.220756e+01         h        22        15
      515    6.103556e+02         g        22        16
      516    1.268898e+02         h        22        16
      517    2.345637e+02         g        22        17
      518    2.602401e+02         h        22        17
      519    3.827148e+02         g        22        18
      520    4.230360e+02         h        22        18
      521    1.477173e+02         g        22        19
      522    2.696819e+02         h        22        19
      523    7.679925e+01         g        22        20
      524    6.281576e+01         h        22        20
      525   -1.586966e+02         g        22        21
      526    8.445143e+01         h        22        21
      527   -5.883849e+01         g        22        22
      528   -1.508375e+02         h        22        22
      529    4.267621e+02         g        23         0
      530    5.173648e+02         g        23         1
      531   -2.780559e+03         h        23         1
      532    7.924789e+02         g        23         2
      533    6.683939e+02         h        23         2
      534    1.786509e+03         g        23         3
      535    3.991830e+02         h        23         3
      536    1.655511e+02         g        23         4
      537   -3.090724e+03         h        23         4
      538   -2.682489e+02         g        23         5
      539   -7.105631e+02         h        23         5
      540    1.016430e+03         g        23         6
      541   -1.160536e+03         h        23         6
      542    1.702696e+03         g        23         7
      543   -1.072667e+03         h        23         7
      544   -5.428647e+02         g        23         8
      545   -4.747052e+03         h        23         8
      546   -2.021990e+03         g        23         9
      547   -1.859618e+03         h        23         9
      548    8.202337e+02         g        23        10
      549   -3.069128e+02         h        23        10
      550   -5.930689e+02         g        23        11
      551   -2.806770e+03         h        23        11
      552   -1.324743e+03         g        23        12
      553   -1.552908e+03         h        23        12
      554    8.521381e+01         g        23        13
      555   -8.657121e+02         h        23        13
      556    1.185903e+02         g        23        14
      557   -1.244796e+03         h        23        14
      558   -5.489899e+02         g        23        15
      559   -6.885867e+02         h        23        15
      560    1.947422e+02         g        23        16
      561   -4.524061e+02         h        23        16
      562    3.971675e+01         g        23        17
      563   -6.269667e+02         h        23        17
      564    1.909121e+02         g        23        18
      565    1.484147e+01         h        23        18
      566    2.943451e+02         g        23        19
      567   -1.141118e+02         h        23        19
      568    1.647686e+02         g        23        20
      569    7.846072e+00         h        23        20
      570    6.080914e+01         g        23        21
      571   -3.171101e+01         h        23        21
      572    3.081190e+01         g        23        22
      573    1.144895e+02         h        23        22
      574   -1.117686e+02         g        23        23
      575    1.403369e+01         h        23        23
      576    3.957172e+02         g        24         0
      577    2.411346e+03         g        24         1
      578    8.186061e+02         h        24         1
      579   -1.322454e+03         g        24         2
      580   -1.162259e+03         h        24         2
      581   -4.923230e+02         g        24         3
      582   -2.742106e+03         h        24         3
      583   -1.837841e+03         g        24         4
      584   -8.007400e+02         h        24         4
      585   -3.892193e+03         g        24         5
      586   -1.395649e+02         h        24         5
      587   -7.624615e+02         g        24         6
      588   -3.138456e+01         h        24         6
      589   -1.197618e+03         g        24         7
      590    2.929520e+02         h        24         7
      591   -3.894641e+03         g        24         8
      592   -4.420892e+02         h        24         8
      593   -2.422165e+03         g        24         9
      594    1.772668e+03         h        24         9
      595   -8.901099e+01         g        24        10
      596    1.162982e+03         h        24        10
      597   -2.073689e+03         g        24        11
      598   -2.627040e+02         h        24        11
      599   -2.167953e+03         g        24        12
      600    1.330872e+03         h        24        12
      601   -2.489692e+02         g        24        13
      602    3.493797e+02         h        24        13
      603   -1.106770e+03         g        24        14
      604   -1.619543e+02         h        24        14
      605   -9.702166e+02         g        24        15
      606    6.365401e+02         h        24        15
      607   -3.909172e+02         g        24        16
      608    5.980499e+01         h        24        16
      609   -4.790550e+02         g        24        17
      610   -2.012278e+02         h        24        17
      611   -2.873111e+02         g        24        18
      612    7.838036e+01         h        24        18
      613    2.196128e+01         g        24        19
      614   -1.549560e+01         h        24        19
      615   -3.996060e+01         g        24        20
      616   -9.396408e+01         h        24        20
      617    5.408234e+01         g        24        21
      618   -8.381674e+01         h        24        21
      619    4.210296e+00         g        24        22
      620   -5.341196e+01         h        24        22
      621    8.069938e+01         g        24        23
      622   -3.231020e+00         h        24        23
      623   -6.976680e+00         g        24        24
      624    7.800146e+01         h        24        24
      625    1.195053e+03         g        25         0
      626    2.288456e+03         g        25         1
      627    3.350481e+03         h        25         1
      628   -5.802963e+02         g        25         2
      629   -8.563183e+02         h        25         2
      630   -1.514019e+02         g        25         3
      631   -2.143106e+03         h        25         3
      632   -6.848196e+02         g        25         4
      633    1.561515e+03         h        25         4
      634   -1.655692e+03         g        25         5
      635    4.798195e+02         h        25         5
      636    2.229517e+02         g        25         6
      637    5.897623e+02         h        25         6
      638   -2.122955e+02         g        25         7
      639    1.286632e+03         h        25         7
      640   -1.526863e+03         g        25         8
      641    2.124370e+03         h        25         8
      642    6.190628e+02         g        25         9
      643    2.911875e+03         h        25         9
      644    1.464806e+03         g        25        10
      645    1.045373e+03         h        25        10
      646   -2.410752e+02         g        25        11
      647    1.444966e+03         h        25        11
      648    2.605321e+02         g        25        12
      649    2.282315e+03         h        25        12
      650    9.799091e+02         g        25        13
      651    7.681840e+02         h        25        13
      652   -7.655708e+01         g        25        14
      653    6.202845e+02         h        25        14
      654    1.635396e+02         g        25        15
      655    1.383736e+03         h        25        15
      656    3.218347e+02         g        25        16
      657    4.903235e+02         h        25        16
      658   -1.770892e+02         g        25        17
      659    3.767223e+02         h        25        17
      660    4.746333e+01         g        25        18
      661    3.960947e+02         h        25        18
      662    2.996519e+01         g        25        19
      663    2.474387e+02         h        25        19
      664    1.271633e+01         g        25        20
      665    1.110602e+02         h        25        20
      666   -3.318691e+01         g        25        21
      667    1.371885e+01         h        25        21
      668   -3.270572e+01         g        25        22
      669   -6.680590e+01         h        25        22
      670   -3.309440e+01         g        25        23
      671   -2.702141e+01         h        25        23
      672    1.104986e+01         g        25        24
      673   -5.105379e+01         h        25        24
      674    5.024869e+01         g        25        25
      675    1.577963e+01         h        25        25
      676    1.843025e+03         g        26         0
      677    1.083853e+03         g        26         1
      678    1.564560e+03         h        26         1
      679    6.811152e+02         g        26         2
      680   -4.542681e+02         h        26         2
      681    3.470737e+02         g        26         3
      682   -1.412049e+03         h        26         3
      683    7.412404e+02         g        26         4
      684    6.131003e+02         h        26         4
      685    8.493658e+02         g        26         5
      686   -9.401380e+02         h        26         5
      687    4.187909e+02         g        26         6
      688   -9.346967e+02         h        26         6
      689    4.615441e+02         g        26         7
      690   -4.000169e+02         h        26         7
      691    7.880529e+02         g        26         8
      692    7.667604e+02         h        26         8
      693    1.755195e+03         g        26         9
      694    2.256591e+02         h        26         9
      695    1.446864e+03         g        26        10
      696   -1.138626e+03         h        26        10
      697    8.191690e+02         g        26        11
      698    2.172384e+02         h        26        11
      699    1.583262e+03         g        26        12
      700    3.960568e+02         h        26        12
      701    1.084768e+03         g        26        13
      702   -7.713799e+02         h        26        13
      703    5.445772e+02         g        26        14
      704   -7.884151e+01         h        26        14
      705    9.857649e+02         g        26        15
      706    2.646750e+02         h        26        15
      707    6.853591e+02         g        26        16
      708   -1.460789e+02         h        26        16
      709    2.411976e+02         g        26        17
      710    3.364686e+01         h        26        17
      711    4.324219e+02         g        26        18
      712    1.066795e+02         h        26        18
      713    2.476196e+02         g        26        19
      714    1.880135e+01         h        26        19
      715    1.813661e+02         g        26        20
      716    1.220758e+02         h        26        20
      717    8.686159e+01         g        26        21
      718   -4.897554e+00         h        26        21
      719   -7.092792e+00         g        26        22
      720    2.770351e+00         h        26        22
      721   -5.256068e+01         g        26        23
      722   -8.427355e+00         h        26        23
      723   -3.038959e+01         g        26        24
      724    1.586932e+01         h        26        24
      725   -3.138466e+01         g        26        25
      726   -1.424407e+01         h        26        25
      727    1.617310e+01         g        26        26
      728   -3.009507e+01         h        26        26
      729    4.725578e+02         g        27         0
      730   -6.582765e+02         g        27         1
      731   -1.017642e+03         h        27         1
      732    1.422634e+01         g        27         2
      733    2.396645e+02         h        27         2
      734   -4.530318e+02         g        27         3
      735   -2.636150e+02         h        27         3
      736    2.522957e+02         g        27         4
      737   -5.326807e+02         h        27         4
      738    7.363506e+02         g        27         5
      739   -1.255377e+03         h        27         5
      740   -1.047625e+03         g        27         6
      741   -1.105594e+03         h        27         6
      742   -4.053184e+02         g        27         7
      743   -1.145140e+03         h        27         7
      744    3.859543e+02         g        27         8
      745   -4.418485e+02         h        27         8
      746    9.880439e+01         g        27         9
      747   -1.416133e+03         h        27         9
      748   -7.299028e+02         g        27        10
      749   -1.680329e+03         h        27        10
      750   -8.954075e+01         g        27        11
      751   -5.147451e+02         h        27        11
      752    3.480079e+02         g        27        12
      753   -9.102308e+02         h        27        12
      754   -4.636713e+02         g        27        13
      755   -1.244635e+03         h        27        13
      756   -2.996155e+02         g        27        14
      757   -4.102423e+02         h        27        14
      758    3.978286e+02         g        27        15
      759   -5.874110e+02         h        27        15
      760   -1.187331e+02         g        27        16
      761   -6.063620e+02         h        27        16
      762   -5.513599e+01         g        27        17
      763   -2.058602e+02         h        27        17
      764    1.467704e+02         g        27        18
      765   -3.060716e+02         h        27        18
      766    5.361851e+01         g        27        19
      767   -2.429017e+02         h        27        19
      768    7.869458e+01         g        27        20
      769   -6.399804e+01         h        27        20
      770    8.651963e+01         g        27        21
      771   -1.012783e+02         h        27        21
      772   -1.293192e+01         g        27        22
      773   -5.799806e+01         h        27        22
      774   -3.771227e+00         g        27        23
      775   -9.120968e+00         h        27        23
      776   -2.021902e+01         g        27        24
      777    3.113918e+01         h        27        24
      778    3.049206e+00         g        27        25
      779    2.575565e+01         h        27        25
      780   -1.481329e+01         g        27        26
      781    1.911032e+01         h        27        26
      782   -1.776594e+01         g        27        27
      783   -1.336326e+01         h        27        27
      784   -1.115810e+03         g        28         0
      785   -1.571315e+03         g        28         1
      786   -1.026792e+03         h        28         1
      787   -5.410996e+02         g        28         2
      788    1.190180e+03         h        28         2
      789   -6.312957e+02         g        28         3
      790    1.287724e+03         h        28         3
      791   -1.471091e+02         g        28         4
      792   -2.052225e+02         h        28         4
      793    2.841944e+02         g        28         5
      794    2.611618e+02         h        28         5
      795   -1.104707e+03         g        28         6
      796    4.109419e+02         h        28         6
      797   -3.641208e+02         g        28         7
      798   -5.236324e+01         h        28         7
      799   -5.832026e+01         g        28         8
      800   -8.388544e+01         h        28         8
      801   -8.687656e+02         g        28         9
      802   -4.924656e+02         h        28         9
      803   -1.516436e+03         g        28        10
      804   -1.255337e+02         h        28        10
      805   -4.894168e+02         g        28        11
      806    3.152443e+02         h        28        11
      807   -5.290690e+02         g        28        12
      808   -3.750622e+02         h        28        12
      809   -1.201121e+03         g        28        13
      810    7.637079e+01         h        28        13
      811   -5.760051e+02         g        28        14
      812    3.288895e+02         h        28        14
      813   -1.870642e+02         g        28        15
      814   -1.936442e+02         h        28        15
      815   -6.090177e+02         g        28        16
      816   -7.832224e+01         h        28        16
      817   -2.969250e+02         g        28        17
      818    2.236984e+02         h        28        17
      819   -1.431000e+02         g        28        18
      820   -1.555195e+02         h        28        18
      821   -2.348045e+02         g        28        19
      822   -7.217723e+01         h        28        19
      823   -6.665646e+01         g        28        20
      824   -7.996533e+00         h        28        20
      825   -5.259498e+01         g        28        21
      826   -5.829944e+01         h        28        21
      827   -6.342800e+01         g        28        22
      828   -5.324590e+01         h        28        22
      829   -3.471910e+01         g        28        23
      830   -2.159583e+01         h        28        23
      831   -8.277973e+00         g        28        24
      832   -5.330845e+00         h        28        24
      833    1.709832e+01         g        28        25
      834    1.662596e+01         h        28        25
      835    1.617478e+01         g        28        26
      836    4.679433e+00         h        28        26
      837    9.602115e+00         g        28        27
      838    1.247345e+01         h        28        27
      839   -1.040693e+01         g        28        28
      840    1.044315e+01         h        28        28
      841   -9.565864e+02         g        29         0
      842   -9.461441e+02         g        29         1
      843   -7.880162e+00         h        29         1
      844    1.647078e+02         g        29         2
      845    1.031412e+03         h        29         2
      846    2.151700e+02         g        29         3
      847    1.303366e+03         h        29         3
      848    3.669358e+02         g        29         4
      849    3.330587e+01         h        29         4
      850    4.610289e+02         g        29         5
      851    9.173841e+02         h        29         5
      852    3.933666e+02         g        29         6
      853    9.372614e+02         h        29         6
      854    5.803317e+02         g        29         7
      855    3.742468e+02         h        29         7
      856    3.812163e+02         g        29         8
      857    1.963054e+01         h        29         8
      858   -1.820313e+02         g        29         9
      859    3.065426e+02         h        29         9
      860   -2.961085e+02         g        29        10
      861    7.891789e+02         h        29        10
      862    2.547170e+02         g        29        11
      863    4.996131e+02         h        29        11
      864   -1.265638e+01         g        29        12
      865    1.238403e+02         h        29        12
      866   -3.537017e+02         g        29        13
      867    8.309647e+02         h        29        13
      868    2.442973e+02         g        29        14
      869    6.018834e+02         h        29        14
      870    4.968441e+01         g        29        15
      871    7.411800e+01         h        29        15
      872   -1.519923e+02         g        29        16
      873    3.764770e+02         h        29        16
      874    9.073673e+01         g        29        17
      875    4.112301e+02         h        29        17
      876    1.271695e+01         g        29        18
      877    6.825350e+01         h        29        18
      878   -1.195838e+02         g        29        19
      879    1.228677e+02         h        29        19
      880    2.237844e+01         g        29        20
      881    1.160747e+02         h        29        20
      882   -3.845963e+01         g        29        21
      883    2.821816e+01         h        29        21
      884   -4.659633e+01         g        29        22
      885    3.723117e+01         h        29        22
      886   -4.003745e+01         g        29        23
      887   -2.901091e+00         h        29        23
      888   -2.540896e+01         g        29        24
      889    3.555717e+00         h        29        24
      890   -4.158910e+00         g        29        25
      891   -2.409834e+00         h        29        25
      892    9.787021e+00         g        29        26
      893   -8.003241e+00         h        29        26
      894    6.262789e+00         g        29        27
      895   -8.754203e+00         h        29        27
      896    8.879073e+00         g        29        28
      897   -4.555647e+00         h        29        28
      898    6.326935e+00         g        29        29
      899    7.515172e+00         h        29        29
      900   -3.125471e+00         g        30         0
      901    1.300487e+02         g        30         1
      902    1.708466e+02         h        30         1
      903    5.131291e+02         g        30         2
      904   -2.147576e+02         h        30         2
      905    4.793118e+02         g        30         3
      906   -8.219915e+01         h        30         3
      907    3.435341e+02         g        30         4
      908   -2.570624e+02         h        30         4
      909    1.376863e+02         g        30         5
      910    1.638803e+02         h        30         5
      911    9.543606e+02         g        30         6
      912    1.788114e+02         h        30         6
      913    5.693241e+02         g        30         7
      914   -1.995451e+02         h        30         7
      915    2.389270e+02         g        30         8
      916   -3.999225e+02         h        30         8
      917    3.319326e+02         g        30         9
      918    5.452610e+01         h        30         9
      919    5.206377e+02         g        30        10
      920    3.063812e+02         h        30        10
      921    5.039000e+02         g        30        11
      922   -3.184642e+02         h        30        11
      923    2.466055e+02         g        30        12
      924   -1.839675e+02         h        30        12
      925    3.831553e+02         g        30        13
      926    2.803002e+02         h        30        13
      927    5.855278e+02         g        30        14
      928   -8.334463e+01         h        30        14
      929    1.563998e+02         g        30        15
      930   -2.859369e+02         h        30        15
      931    2.056859e+02         g        30        16
      932    1.079249e+02         h        30        16
      933    3.639593e+02         g        30        17
      934   -7.291609e+00         h        30        17
      935    9.820236e+01         g        30        18
      936   -8.884747e+01         h        30        18
      937    6.654164e+01         g        30        19
      938    2.300690e+01         h        30        19
      939    1.139365e+02         g        30        20
      940   -3.430103e+00         h        30        20
      941    3.459533e+01         g        30        21
      942   -8.081110e+00         h        30        21
      943    9.161184e+00         g        30        22
      944    3.363863e+01         h        30        22
      945    2.339874e+00         g        30        23
      946   -4.123167e-01         h        30        23
      947   -2.319200e+01         g        30        24
      948    1.063635e+01         h        30        24
      949   -3.890510e+00         g        30        25
      950    1.072947e+01         h        30        25
      951   -7.036873e+00         g        30        26
      952    3.791599e+00         h        30        26
      953   -3.454765e+00         g        30        27
      954   -4.287267e+00         h        30        27
      955   -3.875722e+00         g        30        28
      956   -5.876704e+00         h        30        28
      957   -1.773747e+00         g        30        29
      958   -6.396111e+00         h        30        29
      959    5.530569e+00         g        30        30
      960   -4.191876e+00         h        30        30
      961    4.139344e+02         g        31         0
      962    4.889050e+02         g        31         1
      963    5.745434e+01         h        31         1
      964   -6.010866e+01         g        31         2
      965   -9.802112e+02         h        31         2
      966   -4.369708e+01         g        31         3
      967   -8.131208e+02         h        31         3
      968   -3.183535e+02         g        31         4
      969   -1.057410e+02         h        31         4
      970   -5.287221e+02         g        31         5
      971   -3.046067e+02         h        31         5
      972    2.729634e+02         g        31         6
      973   -2.178642e+02         h        31         6
      974   -2.275578e+02         g        31         7
      975   -2.394554e+02         h        31         7
      976   -3.923566e+02         g        31         8
      977   -2.220420e+02         h        31         8
      978    1.113834e+02         g        31         9
      979   -2.301637e+01         h        31         9
      980    2.434509e+02         g        31        10
      981   -1.231588e+02         h        31        10
      982   -7.210366e+01         g        31        11
      983   -5.524871e+02         h        31        11
      984   -1.890874e+02         g        31        12
      985   -2.492341e+02         h        31        12
      986    2.252091e+02         g        31        13
      987   -1.776353e+02         h        31        13
      988    4.619360e+01         g        31        14
      989   -4.920459e+02         h        31        14
      990   -2.623000e+02         g        31        15
      991   -3.318343e+02         h        31        15
      992    1.019417e+01         g        31        16
      993   -1.349383e+02         h        31        16
      994    8.103904e+01         g        31        17
      995   -2.874087e+02         h        31        17
      996   -1.322340e+02         g        31        18
      997   -1.793489e+02         h        31        18
      998   -1.663423e+01         g        31        19
      999   -6.227099e+01         h        31        19
     1000    9.253782e+00         g        31        20
     1001   -1.345934e+02         h        31        20
     1002   -2.690877e+01         g        31        21
     1003   -5.090207e+01         h        31        21
     1004    3.830574e+00         g        31        22
     1005   -1.318024e+01         h        31        22
     1006   -2.350241e+00         g        31        23
     1007   -1.859631e+01         h        31        23
     1008   -1.417796e+01         g        31        24
     1009   -4.228599e+00         h        31        24
     1010    2.896519e+00         g        31        25
     1011    1.360558e+01         h        31        25
     1012    4.362313e+00         g        31        26
     1013    8.780002e+00         h        31        26
     1014    3.575834e+00         g        31        27
     1015    9.804512e+00         h        31        27
     1016   -8.625828e-01         g        31        28
     1017    2.429736e+00         h        31        28
     1018   -3.763137e+00         g        31        29
     1019    5.571766e-01         h        31        29
     1020   -4.011841e+00         g        31        30
     1021    1.995436e-01         h        31        30
     1022   -2.852476e+00         g        31        31
     1023   -4.512316e+00         h        31        31
     1024    3.151552e+02         g        32         0
     1025    2.389454e+02         g        32         1
     1026    1.852882e+02         h        32         1
     1027   -3.917315e+02         g        32         2
     1028   -6.115000e+02         h        32         2
     1029   -2.623086e+02         g        32         3
     1030   -3.867920e+02         h        32         3
     1031   -4.436839e+02         g        32         4
     1032    3.352583e+02         h        32         4
     1033   -4.956660e+02         g        32         5
     1034   -7.539758e+01         h        32         5
     1035   -1.925575e+02         g        32         6
     1036    4.585193e+00         h        32         6
     1037   -4.428378e+02         g        32         7
     1038    2.299446e+02         h        32         7
     1039   -3.704730e+02         g        32         8
     1040    3.412823e+02         h        32         8
     1041    1.566339e+00         g        32         9
     1042    2.320074e+02         h        32         9
     1043   -2.372692e+00         g        32        10
     1044    1.076519e+01         h        32        10
     1045   -3.450783e+02         g        32        11
     1046    5.289940e-01         h        32        11
     1047   -2.943369e+02         g        32        12
     1048    1.811009e+02         h        32        12
     1049    9.895429e+00         g        32        13
     1050   -2.184955e+01         h        32        13
     1051   -3.018781e+02         g        32        14
     1052   -1.430890e+02         h        32        14
     1053   -4.064516e+02         g        32        15
     1054    1.358317e+02         h        32        15
     1055   -1.013125e+02         g        32        16
     1056    5.440415e+01         h        32        16
     1057   -1.686674e+02         g        32        17
     1058   -1.012526e+02         h        32        17
     1059   -2.331398e+02         g        32        18
     1060    6.217949e+01         h        32        18
     1061   -8.618251e+01         g        32        19
     1062    5.570280e+01         h        32        19
     1063   -9.025073e+01         g        32        20
     1064   -5.004745e+01         h        32        20
     1065   -8.492972e+01         g        32        21
     1066    1.789655e+01         h        32        21
     1067   -1.488683e+01         g        32        22
     1068    1.299647e+01         h        32        22
     1069   -2.699818e+01         g        32        23
     1070   -5.157949e+00         h        32        23
     1071   -1.472963e+01         g        32        24
     1072    1.320630e+00         h        32        24
     1073   -6.148279e-01         g        32        25
     1074    3.802761e+00         h        32        25
     1075    1.125198e+01         g        32        26
     1076    3.643160e+00         h        32        26
     1077    1.093655e+01         g        32        27
     1078    2.278082e+00         h        32        27
     1079    9.367141e+00         g        32        28
     1080   -1.328655e-02         h        32        28
     1081    3.072376e+00         g        32        29
     1082   -3.907905e-01         h        32        29
     1083   -2.262336e-01         g        32        30
     1084    1.834031e+00         h        32        30
     1085    5.324974e-02         g        32        31
     1086    2.196982e+00         h        32        31
     1087   -3.906034e+00         g        32        32
     1088    1.784475e+00         h        32        32
     1089    1.366905e+02         g        33         0
     1090    5.943364e+00         g        33         1
     1091    1.679026e+02         h        33         1
     1092   -9.908435e+01         g        33         2
     1093    4.967483e+01         h        33         2
     1094    1.317064e+01         g        33         3
     1095    8.863525e+01         h        33         3
     1096    6.542948e+00         g        33         4
     1097    2.845884e+02         h        33         4
     1098    4.791189e+01         g        33         5
     1099    4.231672e+01         h        33         5
     1100   -1.247035e+02         g        33         6
     1101    3.558751e+01         h        33         6
     1102   -5.479107e+01         g        33         7
     1103    2.548173e+02         h        33         7
     1104    1.158854e+02         g        33         8
     1105    3.769056e+02         h        33         8
     1106    1.442559e+02         g        33         9
     1107    1.217698e+02         h        33         9
     1108    9.938479e+01         g        33        10
     1109    5.182012e+01         h        33        10
     1110   -4.930473e+01         g        33        11
     1111    2.946563e+02         h        33        11
     1112    8.038885e+01         g        33        12
     1113    3.203372e+02         h        33        12
     1114    1.425254e+02         g        33        13
     1115    5.653667e+01         h        33        13
     1116   -9.195618e+01         g        33        14
     1117    1.732194e+02         h        33        14
     1118   -1.981005e+01         g        33        15
     1119    3.593650e+02         h        33        15
     1120    1.065256e+02         g        33        16
     1121    1.539598e+02         h        33        16
     1122   -4.209549e+01         g        33        17
     1123    7.291975e+01         h        33        17
     1124   -2.037278e+01         g        33        18
     1125    2.169505e+02         h        33        18
     1126    5.199825e+01         g        33        19
     1127    1.173482e+02         h        33        19
     1128   -3.031614e+01         g        33        20
     1129    4.772835e+01         h        33        20
     1130   -8.967881e+00         g        33        21
     1131    7.793606e+01         h        33        21
     1132    2.232758e+01         g        33        22
     1133    3.775929e+01         h        33        22
     1134   -7.709032e+00         g        33        23
     1135    1.915083e+01         h        33        23
     1136   -1.767462e+00         g        33        24
     1137    1.556290e+01         h        33        24
     1138    3.319648e-01         g        33        25
     1139    6.083645e-01         h        33        25
     1140    5.496925e+00         g        33        26
     1141    1.034193e+00         h        33        26
     1142    7.859240e+00         g        33        27
     1143   -4.963258e+00         h        33        27
     1144    4.275285e+00         g        33        28
     1145   -5.682470e+00         h        33        28
     1146    2.111777e+00         g        33        29
     1147   -6.431696e+00         h        33        29
     1148   -6.602168e-02         g        33        30
     1149   -2.798529e+00         h        33        30
     1150    1.087177e+00         g        33        31
     1151    2.570967e-01         h        33        31
     1152    1.267728e+00         g        33        32
     1153   -2.592229e-01         h        33        32
     1154    8.581020e-01         g        33        33
     1155    3.470583e+00         h        33        33
     1156   -1.472385e+02         g        34         0
     1157   -6.144880e+01         g        34         1
     1158   -8.856193e+01         h        34         1
     1159    1.664582e+02         g        34         2
     1160    3.518610e+02         h        34         2
     1161    1.228325e+02         g        34         3
     1162    1.574020e+02         h        34         3
     1163    2.234052e+02         g        34         4
     1164   -1.273641e+02         h        34         4
     1165    2.532744e+02         g        34         5
     1166   -1.560501e+01         h        34         5
     1167   -8.733624e+01         g        34         6
     1168   -1.398054e+02         h        34         6
     1169    1.233534e+02         g        34         7
     1170   -8.637801e+01         h        34         7
     1171    2.088690e+02         g        34         8
     1172   -3.587207e+01         h        34         8
     1173    4.680700e+00         g        34         9
     1174   -1.902001e+02         h        34         9
     1175    5.677715e+00         g        34        10
     1176   -1.032674e+02         h        34        10
     1177    1.237159e+02         g        34        11
     1178    9.867787e+01         h        34        11
     1179    1.982264e+02         g        34        12
     1180    6.773272e+00         h        34        12
     1181    9.689186e+01         g        34        13
     1182   -1.202455e+02         h        34        13
     1183    7.545731e+01         g        34        14
     1184    7.739762e+01         h        34        14
     1185    2.462176e+02         g        34        15
     1186    1.001722e+02         h        34        15
     1187    1.550881e+02         g        34        16
     1188   -6.353489e+01         h        34        16
     1189    5.948383e+01         g        34        17
     1190   -6.626816e-01         h        34        17
     1191    1.451718e+02         g        34        18
     1192    5.799391e+01         h        34        18
     1193    1.216107e+02         g        34        19
     1194   -1.618561e+01         h        34        19
     1195    2.798696e+01         g        34        20
     1196    4.056219e+00         h        34        20
     1197    6.180258e+01         g        34        21
     1198    2.303467e+01         h        34        21
     1199    4.756107e+01         g        34        22
     1200   -1.315608e+01         h        34        22
     1201    1.383812e+01         g        34        23
     1202    8.872359e+00         h        34        23
     1203    1.673647e+01         g        34        24
     1204    7.154711e+00         h        34        24
     1205    4.078294e+00         g        34        25
     1206   -3.570947e+00         h        34        25
     1207    3.030231e+00         g        34        26
     1208    8.359300e-01         h        34        26
     1209    4.006963e+00         g        34        27
     1210   -2.482791e+00         h        34        27
     1211   -1.335701e+00         g        34        28
     1212   -3.019717e+00         h        34        28
     1213   -2.496210e+00         g        34        29
     1214   -2.726520e+00         h        34        29
     1215   -3.953281e+00         g        34        30
     1216   -1.872167e+00         h        34        30
     1217   -1.916804e+00         g        34        31
     1218   -3.295429e-01         h        34        31
     1219    1.091260e-01         g        34        32
     1220   -5.762149e-01         h        34        32
     1221   -4.700412e-01         g        34        33
     1222   -8.118593e-01         h        34        33
     1223    3.005848e+00         g        34        34
     1224   -7.449208e-03         h        34        34
     1225   -2.137961e+02         g        35         0
     1226   -4.579930e+01         g        35         1
     1227   -1.375273e+02         h        35         1
     1228    1.065228e+02         g        35         2
     1229    2.309473e+02         h        35         2
     1230    1.133055e+01         g        35         3
     1231    8.080099e+01         h        35         3
     1232    9.037458e+01         g        35         4
     1233   -1.975880e+02         h        35         4
     1234    9.234435e+01         g        35         5
     1235    1.518942e+01         h        35         5
     1236   -8.190568e+01         g        35         6
     1237   -1.016596e+02         h        35         6
     1238    2.756599e+01         g        35         7
     1239   -1.521864e+02         h        35         7
     1240    1.487291e+01         g        35         8
     1241   -1.744160e+02         h        35         8
     1242   -1.725735e+02         g        35         9
     1243   -1.649939e+02         h        35         9
     1244   -1.426781e+02         g        35        10
     1245   -8.397889e+01         h        35        10
     1246    2.366148e+01         g        35        11
     1247   -4.388024e+01         h        35        11
     1248    1.337126e+01         g        35        12
     1249   -1.459901e+02         h        35        12
     1250   -1.122880e+02         g        35        13
     1251   -1.258768e+02         h        35        13
     1252    3.959540e+00         g        35        14
     1253   -2.874282e+01         h        35        14
     1254    1.225919e+02         g        35        15
     1255   -1.040856e+02         h        35        15
     1256   -2.398458e+01         g        35        16
     1257   -1.580264e+02         h        35        16
     1258   -2.634722e+01         g        35        17
     1259   -4.917286e+01         h        35        17
     1260    7.736425e+01         g        35        18
     1261   -8.050327e+01         h        35        18
     1262    1.391650e+01         g        35        19
     1263   -9.975798e+01         h        35        19
     1264   -1.003438e+01         g        35        20
     1265   -3.114243e+01         h        35        20
     1266    2.837956e+01         g        35        21
     1267   -3.669511e+01         h        35        21
     1268    9.113456e+00         g        35        22
     1269   -4.882651e+01         h        35        22
     1270    7.262675e-01         g        35        23
     1271   -7.852818e+00         h        35        23
     1272    1.377530e+01         g        35        24
     1273   -5.442320e+00         h        35        24
     1274    6.220763e-01         g        35        25
     1275   -8.265239e+00         h        35        25
     1276    3.268027e+00         g        35        26
     1277   -3.475173e-01         h        35        26
     1278    4.130956e+00         g        35        27
     1279   -8.648568e-01         h        35        27
     1280    9.262536e-01         g        35        28
     1281    7.836182e-01         h        35        28
     1282   -6.364883e-01         g        35        29
     1283    1.507046e+00         h        35        29
     1284   -1.990740e+00         g        35        30
     1285    1.553366e+00         h        35        30
     1286   -1.246655e+00         g        35        31
     1287    1.962272e+00         h        35        31
     1288   -9.385058e-01         g        35        32
     1289    1.209627e+00         h        35        32
     1290   -4.645106e-01         g        35        33
     1291    1.125485e-01         h        35        33
     1292   -8.236092e-01         g        35        34
     1293    6.774976e-01         h        35        34
     1294    6.736773e-01         g        35        35
     1295   -2.384978e+00         h        35        35