      IND             SHC     g | h         n         m
        1    5.633453e+05         g         1         0
        2   -9.775457e+04         g         1         1
        3    2.876689e+04         h         1         1
        4    1.862858e+04         g         2         0
        5   -8.656176e+04         g         2         1
        6   -6.514301e+04         h         2         1
        7    7.338071e+04         g         2         2
        8    3.121307e+04         h         2         2
        9    4.899217e+03         g         3         0
       10   -6.313078e+04         g         3         1
       11   -5.545060e+04         h         3         1
       12    2.582570e+04         g         3         2
       13    7.185664e+04         h         3         2
       14   -2.190519e+03         g         3         3
       15   -4.654818e+04         h         3         3
       16   -6.331556e+04         g         4         0
       17   -1.573085e+04         g         4         1
       18    5.954834e+04         h         4         1
       19   -5.044146e+03         g         4         2
       20    5.241381e+04         h         4         2
       21   -2.023884e+04         g         4         3
       22   -1.500583e+03         h         4         3
       23   -3.378956e+04         g         4         4
       24   -2.893422e+03         h         4         4
       25   -3.955249e+04         g         5         0
       26    9.072210e+03         g         5         1
       27    9.692456e+04         h         5         1
       28    3.439124e+04         g         5         2
       29   -2.822502e+03         h         5         2
       30   -3.644685e+04         g         5         3
       31    1.220872e+04         h         5         3
       32   -5.446329e+03         g         5         4
       33    2.201028e+04         h         5         4
       34   -1.067911e+04         g         5         5
       35    2.100528e+04         h         5         5
       36   -4.547957e+04         g         6         0
       37    2.112863e+04         g         6         1
       38    2.905246e+04         h         6         1
       39    2.821536e+04         g         6         2
       40   -2.105271e+04         h         6         2
       41   -2.879318e+04         g         6         3
       42   -1.157030e+03         h         6         3
       43    5.760131e+03         g         6         4
       44    3.216787e+04         h         6         4
       45    3.198623e+03         g         6         5
       46   -8.346664e+03         h         6         5
       47    1.851303e+04         g         6         6
       48    1.139366e+04         h         6         6
       49   -3.934790e+03         g         7         0
       50    1.570167e+04         g         7         1
       51   -1.495924e+04         h         7         1
       52   -1.737621e+04         g         7         2
       53   -3.228542e+04         h         7         2
       54   -4.610195e+03         g         7         3
       55    4.885228e+03         h         7         3
       56   -1.772108e+04         g         7         4
       57    1.417862e+04         h         7         4
       58    8.803209e+03         g         7         5
       59   -1.726445e+04         h         7         5
       60   -6.100178e+03         g         7         6
       61   -5.091990e+03         h         7         6
       62    9.860901e+03         g         7         7
       63   -1.483786e+04         h         7         7
       64    3.818884e+04         g         8         0
       65    3.722968e+02         g         8         1
       66   -1.169997e+04         h         8         1
       67   -2.125552e+04         g         8         2
       68   -3.349412e+04         h         8         2
       69    4.077016e+02         g         8         3
       70    2.897728e+04         h         8         3
       71   -1.376605e+04         g         8         4
       72   -4.967090e+03         h         8         4
       73   -4.950020e+03         g         8         5
       74    6.814640e+03         h         8         5
       75   -1.237195e+04         g         8         6
       76   -9.465129e+03         h         8         6
       77   -3.938544e+03         g         8         7
       78    2.685135e+03         h         8         7
       79   -8.858689e+03         g         8         8
       80   -9.228570e+03         h         8         8
       81    2.256211e+04         g         9         0
       82   -7.217287e+03         g         9         1
       83   -2.068307e+04         h         9         1
       84    3.743304e+03         g         9         2
       85   -6.409147e+03         h         9         2
       86    2.321211e+03         g         9         3
       87    1.993887e+04         h         9         3
       88    1.133998e+04         g         9         4
       89   -3.844837e+03         h         9         4
       90   -8.842578e+03         g         9         5
       91    1.128074e+04         h         9         5
       92    5.118850e+03         g         9         6
       93   -5.703067e+02         h         9         6
       94   -5.121608e+03         g         9         7
       95    5.989923e+03         h         9         7
       96    4.549641e+03         g         9         8
       97    2.638712e+03         h         9         8
       98   -7.591886e+03         g         9         9
       99    5.845725e+03         h         9         9
      100   -1.650337e+03         g        10         0
      101    3.082245e+03         g        10         1
      102   -2.260172e+04         h        10         1
      103    6.513223e+03         g        10         2
      104    1.992446e+04         h        10         2
      105    1.472349e+04         g        10         3
      106   -8.156985e+03         h        10         3
      107    1.409723e+04         g        10         4
      108   -5.395246e+03         h        10         4
      109    1.417022e+03         g        10         5
      110   -1.290346e+03         h        10         5
      111    6.927458e+03         g        10         6
      112   -2.800467e+03         h        10         6
      113    2.945138e+03         g        10         7
      114   -5.525147e+03         h        10         7
      115    8.939558e+03         g        10         8
      116    1.323948e+03         h        10         8
      117    3.103926e+03         g        10         9
      118   -2.568163e+03         h        10         9
      119    3.863925e+03         g        10        10
      120    5.984557e+03         h        10        10
      121    3.329745e+03         g        11         0
      122    1.379189e+04         g        11         1
      123    2.468482e+03         h        11         1
      124   -4.809099e+03         g        11         2
      125    1.943658e+04         h        11         2
      126    1.596664e+04         g        11         3
      127   -1.679924e+04         h        11         3
      128    1.291892e+03         g        11         4
      129   -1.210341e+04         h        11         4
      130    1.573115e+03         g        11         5
      131   -1.481746e+03         h        11         5
      132   -3.600113e+03         g        11         6
      133   -1.104408e+04         h        11         6
      134   -1.270495e+03         g        11         7
      135   -5.349269e+03         h        11         7
      136    3.239958e+03         g        11         8
      137   -7.366821e+03         h        11         8
      138    1.046414e+03         g        11         9
      139   -6.133802e+03         h        11         9
      140   -5.652013e+02         g        11        10
      141   -2.451422e+03         h        11        10
      142    4.050805e+03         g        11        11
      143   -2.020819e+03         h        11        11
      144    1.140991e+04         g        12         0
      145    8.372597e+03         g        12         1
      146    2.155273e+04         h        12         1
      147   -2.757637e+03         g        12         2
      148    7.599314e+03         h        12         2
      149    3.131131e+02         g        12         3
      150   -8.747514e+03         h        12         3
      151   -2.608589e+03         g        12         4
      152   -4.500822e+03         h        12         4
      153   -4.066390e+03         g        12         5
      154    4.394067e+03         h        12         5
      155   -4.302400e+03         g        12         6
      156   -5.318059e+03         h        12         6
      157   -8.864469e+03         g        12         7
      158    3.518662e+03         h        12         7
      159    2.381508e+03         g        12         8
      160   -4.162701e+03         h        12         8
      161   -6.052238e+03         g        12         9
      162   -2.691135e+03         h        12         9
      163   -3.245740e+03         g        12        10
      164   -1.361359e+02         h        12        10
      165   -2.754132e+03         g        12        11
      166   -1.153911e+01         h        12        11
      167   -8.367981e+02         g        12        12
      168   -2.589350e+03         h        12        12
      169    7.792128e+03         g        13         0
      170   -4.479730e+03         g        13         1
      171    1.578021e+04         h        13         1
      172    5.964621e+03         g        13         2
      173    2.290088e+03         h        13         2
      174   -9.569847e+03         g        13         3
      175   -2.086143e+03         h        13         3
      176    1.560165e+02         g        13         4
      177    9.101256e+03         h        13         4
      178    9.974629e+02         g        13         5
      179    1.355134e+03         h        13         5
      180    1.053966e+03         g        13         6
      181    4.830131e+03         h        13         6
      182   -3.911346e+03         g        13         7
      183    5.445635e+03         h        13         7
      184    5.610809e+03         g        13         8
      185    1.708567e+03         h        13         8
      186   -3.056249e+03         g        13         9
      187   -7.292152e+02         h        13         9
      188   -8.707103e+02         g        13        10
      189    5.202731e+03         h        13        10
      190   -1.235212e+03         g        13        11
      191    2.401588e+03         h        13        11
      192   -6.371638e+02         g        13        12
      193    2.399448e+03         h        13        12
      194   -1.710318e+03         g        13        13
      195    1.377849e+02         h        13        13
      196    5.613301e+03         g        14         0
      197   -1.155810e+04         g        14         1
      198    5.692375e+02         h        14         1
      199    5.684356e+03         g        14         2
      200   -3.541432e+02         h        14         2
      201   -6.825518e+03         g        14         3
      202    6.342151e+02         h        14         3
      203   -3.425503e+02         g        14         4
      204    8.351466e+03         h        14         4
      205    6.773754e+03         g        14         5
      206   -5.133139e+03         h        14         5
      207    6.349485e+02         g        14         6
      208    4.496125e+03         h        14         6
      209    3.368376e+03         g        14         7
      210    1.150818e+03         h        14         7
      211    4.083432e+03         g        14         8
      212   -1.344339e+03         h        14         8
      213    1.294064e+03         g        14         9
      214   -1.918429e+03         h        14         9
      215    1.571121e+03         g        14        10
      216    2.424264e+03         h        14        10
      217    2.171493e+03         g        14        11
      218    1.393333e+03         h        14        11
      219    1.270942e+03         g        14        12
      220    1.554049e+03         h        14        12
      221    1.490325e+03         g        14        13
      222    7.702928e+02         h        14        13
      223   -1.821253e+02         g        14        14
      224    1.049882e+03         h        14        14
      225    4.631344e+03         g        15         0
      226   -1.184099e+04         g        15         1
      227   -7.720838e+03         h        15         1
      228   -1.155808e+03         g        15         2
      229   -3.351945e+03         h        15         2
      230   -3.680022e+03         g        15         3
      231    2.489987e+03         h        15         3
      232   -2.768879e+03         g        15         4
      233   -2.507147e+02         h        15         4
      234    1.011553e+03         g        15         5
      235   -4.809452e+03         h        15         5
      236   -2.913039e+03         g        15         6
      237    1.324063e+03         h        15         6
      238    2.353168e+03         g        15         7
      239   -5.736722e+02         h        15         7
      240   -1.798699e+03         g        15         8
      241   -4.023700e+03         h        15         8
      242   -1.111890e+03         g        15         9
      243   -1.134874e+03         h        15         9
      244    8.257365e+02         g        15        10
      245   -1.155507e+03         h        15        10
      246    3.084459e+01         g        15        11
      247   -4.749435e+02         h        15        11
      248    9.139041e+02         g        15        12
      249   -4.922823e+02         h        15        12
      250    8.525184e+02         g        15        13
      251   -7.918536e+02         h        15        13
      252    7.573500e+02         g        15        14
      253   -8.784993e+02         h        15        14
      254    5.916647e+02         g        15        15
      255    2.812306e+02         h        15        15
      256   -2.004287e+03         g        16         0
      257   -7.980155e+03         g        16         1
      258   -4.798340e+03         h        16         1
      259   -4.042621e+03         g        16         2
      260   -2.699356e+03         h        16         2
      261   -2.612096e+03         g        16         3
      262    3.062846e+03         h        16         3
      263   -2.135493e+03         g        16         4
      264   -1.920103e+03         h        16         4
      265   -5.656261e+03         g        16         5
      266    7.281773e+02         h        16         5
      267   -1.711945e+03         g        16         6
      268    3.014853e+03         h        16         6
      269    3.600995e+02         g        16         7
      270    1.024375e+03         h        16         7
      271   -4.485497e+03         g        16         8
      272   -2.472353e+02         h        16         8
      273   -2.483133e+03         g        16         9
      274    2.433990e+03         h        16         9
      275    1.220848e+02         g        16        10
      276    1.288882e+02         h        16        10
      277   -1.981981e+03         g        16        11
      278    2.573750e+02         h        16        11
      279   -5.216090e+02         g        16        12
      280    1.000719e+03         h        16        12
      281   -5.327093e+02         g        16        13
      282   -7.361868e+02         h        16        13
      283   -3.936859e+02         g        16        14
      284   -5.206112e+02         h        16        14
      285   -3.986578e+02         g        16        15
      286   -7.092828e+02         h        16        15
      287    3.023506e+02         g        16        16
      288   -2.784036e+02         h        16        16
      289   -6.738635e+03         g        17         0
      290   -1.174875e+03         g        17         1
      291    2.920743e+03         h        17         1
      292   -4.620272e+02         g        17         2
      293   -4.827712e+02         h        17         2
      294    6.032590e+02         g        17         3
      295    9.897748e+02         h        17         3
      296    1.532881e+03         g        17         4
      297    1.191410e+02         h        17         4
      298   -3.546816e+03         g        17         5
      299    3.183238e+03         h        17         5
      300    2.977784e+03         g        17         6
      301    2.771734e+03         h        17         6
      302    1.964747e+03         g        17         7
      303    5.781257e+02         h        17         7
      304   -2.010854e+03         g        17         8
      305    2.351510e+03         h        17         8
      306    7.152073e+02         g        17         9
      307    3.514038e+03         h        17         9
      308    1.468025e+03         g        17        10
      309    6.723156e+02         h        17        10
      310   -3.529959e+02         g        17        11
      311    1.241383e+03         h        17        11
      312    1.776315e+02         g        17        12
      313    1.996084e+03         h        17        12
      314    2.544492e+02         g        17        13
      315    4.995022e+02         h        17        13
      316   -4.349875e+02         g        17        14
      317    3.510194e+02         h        17        14
      318   -2.302096e+02         g        17        15
      319    4.126853e+01         h        17        15
      320   -4.922281e+02         g        17        16
      321    1.329999e+02         h        17        16
      322   -9.958578e+01         g        17        17
      323   -2.520568e+02         h        17        17
      324   -3.516459e+03         g        18         0
      325    4.325709e+03         g        18         1
      326    5.470324e+03         h        18         1
      327    3.082558e+03         g        18         2
      328   -1.172553e+03         h        18         2
      329    2.712120e+03         g        18         3
      330   -2.461509e+03         h        18         3
      331    3.435358e+03         g        18         4
      332   -9.177810e+02         h        18         4
      333    2.857680e+02         g        18         5
      334    5.562357e+02         h        18         5
      335    4.087480e+03         g        18         6
      336   -1.949478e+03         h        18         6
      337    1.377204e+03         g        18         7
      338   -2.263870e+03         h        18         7
      339    3.493326e+02         g        18         8
      340    6.034107e+02         h        18         8
      341    2.257937e+03         g        18         9
      342    6.391673e+02         h        18         9
      343    1.561399e+03         g        18        10
      344   -1.520062e+03         h        18        10
      345    7.494315e+02         g        18        11
      346    7.844758e+01         h        18        11
      347    1.250681e+03         g        18        12
      348    3.603405e+02         h        18        12
      349    8.131967e+02         g        18        13
      350    8.809463e+01         h        18        13
      351    5.235841e+02         g        18        14
      352   -1.127200e+02         h        18        14
      353    2.929000e+02         g        18        15
      354    7.406270e+01         h        18        15
      355    3.848234e+01         g        18        16
      356    6.882556e+01         h        18        16
      357    6.406914e+00         g        18        17
      358    3.334558e+02         h        18        17
      359   -1.860548e+02         g        18        18
      360   -7.641718e-01         h        18        18
      361    6.121513e+02         g        19         0
      362    4.262841e+03         g        19         1
      363    1.812064e+03         h        19         1
      364    1.894471e+03         g        19         2
      365   -2.510196e+03         h        19         2
      366    6.537563e+02         g        19         3
      367   -3.259840e+03         h        19         3
      368    1.458804e+03         g        19         4
      369   -1.798131e+03         h        19         4
      370    2.688975e+01         g        19         5
      371   -1.681730e+03         h        19         5
      372    6.367609e+02         g        19         6
      373   -3.760872e+03         h        19         6
      374   -2.128784e+03         g        19         7
      375   -2.685278e+03         h        19         7
      376    7.658616e+01         g        19         8
      377   -2.226457e+02         h        19         8
      378    3.277234e+02         g        19         9
      379   -1.502496e+03         h        19         9
      380   -7.601662e+02         g        19        10
      381   -1.990357e+03         h        19        10
      382   -2.627171e+02         g        19        11
      383   -7.207526e+02         h        19        11
      384    3.986544e+02         g        19        12
      385   -8.706857e+02         h        19        12
      386   -1.775695e+02         g        19        13
      387   -6.894454e+02         h        19        13
      388    2.267300e+02         g        19        14
      389   -5.269396e+02         h        19        14
      390    1.037341e+01         g        19        15
      391   -6.489719e+02         h        19        15
      392    7.160863e+01         g        19        16
      393   -2.450731e+02         h        19        16
      394    3.243267e+01         g        19        17
      395   -3.129755e+01         h        19        17
      396    1.954498e+02         g        19        18
      397    5.281302e+01         h        19        18
      398   -4.604708e+01         g        19        19
      399    1.243928e+02         h        19        19
      400    4.910539e+02         g        20         0
      401    7.237406e+02         g        20         1
      402   -1.373351e+03         h        20         1
      403   -7.801262e+02         g        20         2
      404   -1.182881e+03         h        20         2
      405   -1.435448e+03         g        20         3
      406   -2.669572e+02         h        20         3
      407   -8.141787e+02         g        20         4
      408    1.332054e+02         h        20         4
      409   -4.223762e+02         g        20         5
      410   -4.870389e+02         h        20         5
      411   -1.769780e+03         g        20         6
      412   -7.693672e+02         h        20         6
      413   -2.811959e+03         g        20         7
      414    2.313767e+01         h        20         7
      415    7.145792e+01         g        20         8
      416    1.061508e+03         h        20         8
      417   -7.097832e+02         g        20         9
      418   -7.467799e+02         h        20         9
      419   -1.920271e+03         g        20        10
      420    1.993335e+00         h        20        10
      421   -4.919901e+02         g        20        11
      422    2.791347e+02         h        20        11
      423   -4.662609e+02         g        20        12
      424   -3.911146e+02         h        20        12
      425   -7.734688e+02         g        20        13
      426   -3.001403e+01         h        20        13
      427   -3.898448e+02         g        20        14
      428   -1.486594e+01         h        20        14
      429   -3.553831e+02         g        20        15
      430   -4.223998e+02         h        20        15
      431   -4.031307e+02         g        20        16
      432   -1.336946e+02         h        20        16
      433   -1.337226e+02         g        20        17
      434   -8.357844e+01         h        20        17
      435   -4.355714e+01         g        20        18
      436   -1.290908e+00         h        20        18
      437    5.735124e+01         g        20        19
      438   -9.874818e+01         h        20        19
      439    7.344579e+01         g        20        20
      440    5.493435e+01         h        20        20
      441   -6.091592e+02         g        21         0
      442   -1.403087e+03         g        21         1
      443   -1.522153e+03         h        21         1
      444   -8.729072e+02         g        21         2
      445    9.213722e+02         h        21         2
      446   -6.033873e+02         g        21         3
      447    2.465746e+03         h        21         3
      448   -5.885322e+02         g        21         4
      449    1.303668e+03         h        21         4
      450    1.028861e+03         g        21         5
      451    1.050798e+03         h        21         5
      452   -7.535699e+02         g        21         6
      453    1.383314e+03         h        21         6
      454   -1.976508e+02         g        21         7
      455    1.611125e+03         h        21         7
      456    1.322912e+03         g        21         8
      457    8.858583e+02         h        21         8
      458    1.551287e+02         g        21         9
      459    3.781487e+01         h        21         9
      460   -6.101868e+02         g        21        10
      461    1.006693e+03         h        21        10
      462    5.385516e+02         g        21        11
      463    7.484366e+02         h        21        11
      464    2.642826e+01         g        21        12
      465   -9.091084e+01         h        21        12
      466   -1.731480e+02         g        21        13
      467    6.166580e+02         h        21        13
      468    2.798609e+01         g        21        14
      469    3.153757e+02         h        21        14
      470   -1.462793e+02         g        21        15
      471    1.272904e+02         h        21        15
      472   -2.223630e+02         g        21        16
      473    1.175620e+02         h        21        16
      474   -1.037898e+02         g        21        17
      475    1.920837e+02         h        21        17
      476   -8.289438e+01         g        21        18
      477    8.410859e+01         h        21        18
      478   -8.726727e+00         g        21        19
      479    4.244474e+01         h        21        19
      480   -5.178509e+01         g        21        20
      481   -5.241991e+01         h        21        20
      482    4.926055e+01         g        21        21
      483   -4.158799e+01         h        21        21
      484   -3.059106e+02         g        22         0
      485   -9.471539e+02         g        22         1
      486   -1.041105e+03         h        22         1
      487    2.488161e+02         g        22         2
      488    1.112509e+03         h        22         2
      489    6.691294e+02         g        22         3
      490    1.951354e+03         h        22         3
      491    3.187093e+02         g        22         4
      492    1.324604e+02         h        22         4
      493    1.381633e+03         g        22         5
      494    5.996914e+02         h        22         5
      495    5.449323e+02         g        22         6
      496    5.914770e+02         h        22         6
      497    1.233219e+03         g        22         7
      498    6.534483e+02         h        22         7
      499    1.363905e+03         g        22         8
      500   -7.808737e+02         h        22         8
      501    3.227313e+02         g        22         9
      502   -4.567751e+02         h        22         9
      503    4.892317e+02         g        22        10
      504    3.095025e+02         h        22        10
      505    7.074895e+02         g        22        11
      506   -2.042154e+02         h        22        11
      507    2.842437e+02         g        22        12
      508   -4.862560e+02         h        22        12
      509    2.537864e+02         g        22        13
      510    1.561174e+02         h        22        13
      511    4.194295e+02         g        22        14
      512   -6.551877e+01         h        22        14
      513    5.015949e+01         g        22        15
      514   -1.660495e+01         h        22        15
      515    1.535033e+02         g        22        16
      516    2.826313e+01         h        22        16
      517    5.371025e+01         g        22        17
      518    7.193613e+01         h        22        17
      519    9.535391e+01         g        22        18
      520    1.033773e+02         h        22        18
      521    3.414117e+01         g        22        19
      522    6.646960e+01         h        22        19
      523    2.478224e+01         g        22        20
      524    1.593081e+01         h        22        20
      525   -4.071227e+01         g        22        21
      526    2.131498e+01         h        22        21
      527   -1.916910e+01         g        22        22
      528   -3.768142e+01         h        22        22
      529    1.014410e+02         g        23         0
      530    1.244207e+02         g        23         1
      531   -6.725653e+02         h        23         1
      532    1.909694e+02         g        23         2
      533    1.685865e+02         h        23         2
      534    4.374143e+02         g        23         3
      535    8.779536e+01         h        23         3
      536    3.991821e+01         g        23         4
      537   -7.438754e+02         h        23         4
      538   -6.790354e+01         g        23         5
      539   -1.784733e+02         h        23         5
      540    2.555630e+02         g        23         6
      541   -2.770713e+02         h        23         6
      542    4.172890e+02         g        23         7
      543   -2.464044e+02         h        23         7
      544   -1.310170e+02         g        23         8
      545   -1.148783e+03         h        23         8
      546   -4.801212e+02         g        23         9
      547   -4.481843e+02         h        23         9
      548    1.984210e+02         g        23        10
      549   -7.204888e+01         h        23        10
      550   -1.471136e+02         g        23        11
      551   -6.725407e+02         h        23        11
      552   -3.158329e+02         g        23        12
      553   -3.688848e+02         h        23        12
      554    2.337799e+01         g        23        13
      555   -2.079269e+02         h        23        13
      556    3.196414e+01         g        23        14
      557   -2.975048e+02         h        23        14
      558   -1.382084e+02         g        23        15
      559   -1.683302e+02         h        23        15
      560    4.852161e+01         g        23        16
      561   -1.074181e+02         h        23        16
      562    6.444311e+00         g        23        17
      563   -1.507871e+02         h        23        17
      564    5.003456e+01         g        23        18
      565    9.313317e+00         h        23        18
      566    6.871442e+01         g        23        19
      567   -3.031501e+01         h        23        19
      568    4.231523e+01         g        23        20
      569    1.998481e+00         h        23        20
      570    1.727370e+01         g        23        21
      571   -1.213129e+01         h        23        21
      572    6.673786e+00         g        23        22
      573    2.809100e+01         h        23        22
      574   -2.476527e+01         g        23        23
      575    6.072955e+00         h        23        23
      576    9.407277e+01         g        24         0
      577    5.507851e+02         g        24         1
      578    1.884513e+02         h        24         1
      579   -3.099476e+02         g        24         2
      580   -2.577574e+02         h        24         2
      581   -1.022854e+02         g        24         3
      582   -6.301370e+02         h        24         3
      583   -4.280135e+02         g        24         4
      584   -1.791395e+02         h        24         4
      585   -8.925665e+02         g        24         5
      586   -3.329030e+01         h        24         5
      587   -1.666063e+02         g        24         6
      588   -1.259915e+01         h        24         6
      589   -2.693448e+02         g        24         7
      590    6.391033e+01         h        24         7
      591   -8.848462e+02         g        24         8
      592   -1.051684e+02         h        24         8
      593   -5.442032e+02         g        24         9
      594    4.055383e+02         h        24         9
      595   -2.067307e+01         g        24        10
      596    2.616131e+02         h        24        10
      597   -4.711499e+02         g        24        11
      598   -6.043192e+01         h        24        11
      599   -4.852833e+02         g        24        12
      600    3.041716e+02         h        24        12
      601   -5.091172e+01         g        24        13
      602    7.822222e+01         h        24        13
      603   -2.487148e+02         g        24        14
      604   -3.478313e+01         h        24        14
      605   -2.187574e+02         g        24        15
      606    1.405079e+02         h        24        15
      607   -8.907720e+01         g        24        16
      608    1.229725e+01         h        24        16
      609   -1.092655e+02         g        24        17
      610   -4.814666e+01         h        24        17
      611   -6.565118e+01         g        24        18
      612    2.215092e+01         h        24        18
      613    1.133961e+01         g        24        19
      614   -4.078780e+00         h        24        19
      615   -4.409103e+00         g        24        20
      616   -2.220547e+01         h        24        20
      617    1.622003e+01         g        24        21
      618   -1.963031e+01         h        24        21
      619   -8.497015e-01         g        24        22
      620   -1.439847e+01         h        24        22
      621    2.131545e+01         g        24        23
      622   -6.720766e-02         h        24        23
      623    2.116604e+00         g        24        24
      624    1.605744e+01         h        24        24
      625    2.610736e+02         g        25         0
      626    4.933348e+02         g        25         1
      627    7.250148e+02         h        25         1
      628   -1.341110e+02         g        25         2
      629   -1.780740e+02         h        25         2
      630   -3.022939e+01         g        25         3
      631   -4.550582e+02         h        25         3
      632   -1.568853e+02         g        25         4
      633    3.462593e+02         h        25         4
      634   -3.649348e+02         g        25         5
      635    1.046942e+02         h        25         5
      636    4.999756e+01         g        25         6
      637    1.213326e+02         h        25         6
      638   -4.598331e+01         g        25         7
      639    2.745178e+02         h        25         7
      640   -3.296483e+02         g        25         8
      641    4.563302e+02         h        25         8
      642    1.350473e+02         g        25         9
      643    6.289554e+02         h        25         9
      644    3.130271e+02         g        25        10
      645    2.184320e+02         h        25        10
      646   -4.758333e+01         g        25        11
      647    3.115709e+02         h        25        11
      648    5.627405e+01         g        25        12
      649    4.896049e+02         h        25        12
      650    2.103078e+02         g        25        13
      651    1.614638e+02         h        25        13
      652   -1.844548e+01         g        25        14
      653    1.307119e+02         h        25        14
      654    3.747796e+01         g        25        15
      655    2.932108e+02         h        25        15
      656    6.766022e+01         g        25        16
      657    9.992041e+01         h        25        16
      658   -3.822288e+01         g        25        17
      659    7.981797e+01         h        25        17
      660    7.161649e+00         g        25        18
      661    8.423013e+01         h        25        18
      662    1.232351e+01         g        25        19
      663    5.616060e+01         h        25        19
      664    5.984546e+00         g        25        20
      665    1.904552e+01         h        25        20
      666   -2.919292e+00         g        25        21
      667    2.119020e+00         h        25        21
      668   -4.266209e+00         g        25        22
      669   -1.592252e+01         h        25        22
      670   -6.162200e+00         g        25        23
      671   -6.246286e+00         h        25        23
      672    2.978723e+00         g        25        24
      673   -1.430179e+01         h        25        24
      674    8.932497e+00         g        25        25
      675    5.612385e-01         h        25        25
      676    3.763335e+02         g        26         0
      677    2.214283e+02         g        26         1
      678    3.163886e+02         h        26         1
      679    1.334034e+02         g        26         2
      680   -8.943085e+01         h        26         2
      681    6.862754e+01         g        26         3
      682   -2.848040e+02         h        26         3
      683    1.521220e+02         g        26         4
      684    1.299609e+02         h        26         4
      685    1.750336e+02         g        26         5
      686   -1.883779e+02         h        26         5
      687    8.410315e+01         g        26         6
      688   -1.934604e+02         h        26         6
      689    8.829537e+01         g        26         7
      690   -7.885922e+01         h        26         7
      691    1.560357e+02         g        26         8
      692    1.589785e+02         h        26         8
      693    3.546129e+02         g        26         9
      694    4.774596e+01         h        26         9
      695    2.959125e+02         g        26        10
      696   -2.327404e+02         h        26        10
      697    1.658620e+02         g        26        11
      698    4.585245e+01         h        26        11
      699    3.192991e+02         g        26        12
      700    8.011379e+01         h        26        12
      701    2.150602e+02         g        26        13
      702   -1.586017e+02         h        26        13
      703    1.094088e+02         g        26        14
      704   -1.709057e+01         h        26        14
      705    1.997836e+02         g        26        15
      706    5.275385e+01         h        26        15
      707    1.404787e+02         g        26        16
      708   -3.182925e+01         h        26        16
      709    5.001564e+01         g        26        17
      710    8.597332e+00         h        26        17
      711    8.841451e+01         g        26        18
      712    2.041263e+01         h        26        18
      713    5.333324e+01         g        26        19
      714    5.857062e+00         h        26        19
      715    3.929393e+01         g        26        20
      716    2.293916e+01         h        26        20
      717    1.854730e+01         g        26        21
      718    6.784481e-02         h        26        21
      719   -1.320736e+00         g        26        22
      720   -1.501416e-01         h        26        22
      721   -1.022564e+01         g        26        23
      722   -4.072203e+00         h        26        23
      723   -9.859751e+00         g        26        24
      724   -5.699763e-02         h        26        24
      725   -9.339588e+00         g        26        25
      726   -3.465549e+00         h        26        25
      727    9.175494e-01         g        26        26
      728   -4.081471e+00         h        26        26
      729    9.357898e+01         g        27         0
      730   -1.262258e+02         g        27         1
      731   -1.957385e+02         h        27         1
      732    1.691810e+00         g        27         2
      733    4.725571e+01         h        27         2
      734   -8.879605e+01         g        27         3
      735   -5.402629e+01         h        27         3
      736    5.345896e+01         g        27         4
      737   -1.073356e+02         h        27         4
      738    1.496894e+02         g        27         5
      739   -2.390626e+02         h        27         5
      740   -2.015611e+02         g        27         6
      741   -2.152829e+02         h        27         6
      742   -8.498510e+01         g        27         7
      743   -2.194447e+02         h        27         7
      744    7.245811e+01         g        27         8
      745   -8.130577e+01         h        27         8
      746    1.955247e+01         g        27         9
      747   -2.706781e+02         h        27         9
      748   -1.358012e+02         g        27        10
      749   -3.175421e+02         h        27        10
      750   -2.096234e+01         g        27        11
      751   -9.887045e+01         h        27        11
      752    6.859336e+01         g        27        12
      753   -1.738172e+02         h        27        12
      754   -9.214706e+01         g        27        13
      755   -2.413051e+02         h        27        13
      756   -5.303838e+01         g        27        14
      757   -7.571999e+01         h        27        14
      758    7.803153e+01         g        27        15
      759   -1.134020e+02         h        27        15
      760   -2.081938e+01         g        27        16
      761   -1.141237e+02         h        27        16
      762   -7.038790e+00         g        27        17
      763   -4.042991e+01         h        27        17
      764    3.092582e+01         g        27        18
      765   -5.940588e+01         h        27        18
      766    1.122256e+01         g        27        19
      767   -5.063810e+01         h        27        19
      768    1.468380e+01         g        27        20
      769   -1.230590e+01         h        27        20
      770    1.712428e+01         g        27        21
      771   -1.723557e+01         h        27        21
      772   -3.986722e+00         g        27        22
      773   -9.280865e+00         h        27        22
      774   -1.854579e+00         g        27        23
      775    1.572362e+00         h        27        23
      776   -7.880635e+00         g        27        24
      777    5.197169e+00         h        27        24
      778   -4.180701e+00         g        27        25
      779    8.703689e+00         h        27        25
      780   -3.709613e+00         g        27        26
      781    5.810585e+00         h        27        26
      782   -2.632502e+00         g        27        27
      783   -5.100267e-01         h        27        27
      784   -2.014730e+02         g        28         0
      785   -2.859515e+02         g        28         1
      786   -1.835108e+02         h        28         1
      787   -9.421025e+01         g        28         2
      788    2.156171e+02         h        28         2
      789   -1.149734e+02         g        28         3
      790    2.340994e+02         h        28         3
      791   -2.448909e+01         g        28         4
      792   -3.962462e+01         h        28         4
      793    5.349346e+01         g        28         5
      794    4.518909e+01         h        28         5
      795   -1.975420e+02         g        28         6
      796    7.513466e+01         h        28         6
      797   -6.684606e+01         g        28         7
      798   -1.041317e+01         h        28         7
      799   -9.545627e+00         g        28         8
      800   -1.451064e+01         h        28         8
      801   -1.535407e+02         g        28         9
      802   -8.864966e+01         h        28         9
      803   -2.733023e+02         g        28        10
      804   -1.808259e+01         h        28        10
      805   -8.985901e+01         g        28        11
      806    5.424100e+01         h        28        11
      807   -9.450366e+01         g        28        12
      808   -6.740329e+01         h        28        12
      809   -2.188071e+02         g        28        13
      810    8.659290e+00         h        28        13
      811   -1.002181e+02         g        28        14
      812    6.167659e+01         h        28        14
      813   -2.928610e+01         g        28        15
      814   -3.902201e+01         h        28        15
      815   -1.102481e+02         g        28        16
      816   -1.359647e+01         h        28        16
      817   -4.964611e+01         g        28        17
      818    4.051264e+01         h        28        17
      819   -2.611095e+01         g        28        18
      820   -2.866824e+01         h        28        18
      821   -4.114090e+01         g        28        19
      822   -1.677066e+01         h        28        19
      823   -1.530318e+01         g        28        20
      824   -1.559716e+00         h        28        20
      825   -8.710194e+00         g        28        21
      826   -7.673834e+00         h        28        21
      827   -1.289736e+01         g        28        22
      828   -7.540055e+00         h        28        22
      829   -7.970794e+00         g        28        23
      830    8.226945e-01         h        28        23
      831    1.548552e-02         g        28        24
      832    2.082788e+00         h        28        24
      833    7.935269e-01         g        28        25
      834    6.618291e+00         h        28        25
      835    5.101815e+00         g        28        26
      836    6.392041e+00         h        28        26
      837    2.078429e+00         g        28        27
      838    3.065693e+00         h        28        27
      839   -1.275779e+00         g        28        28
      840    1.916520e+00         h        28        28
      841   -1.647281e+02         g        29         0
      842   -1.639021e+02         g        29         1
      843    3.788808e-01         h        29         1
      844    3.041222e+01         g        29         2
      845    1.741384e+02         h        29         2
      846    3.552160e+01         g        29         3
      847    2.236156e+02         h        29         3
      848    6.289517e+01         g        29         4
      849    7.325198e+00         h        29         4
      850    7.606591e+01         g        29         5
      851    1.520135e+02         h        29         5
      852    7.092056e+01         g        29         6
      853    1.622582e+02         h        29         6
      854    1.058968e+02         g        29         7
      855    6.371671e+01         h        29         7
      856    6.524488e+01         g        29         8
      857    2.885162e+00         h        29         8
      858   -2.903365e+01         g        29         9
      859    5.478968e+01         h        29         9
      860   -5.329689e+01         g        29        10
      861    1.351055e+02         h        29        10
      862    4.529804e+01         g        29        11
      863    8.084751e+01         h        29        11
      864   -3.467535e+00         g        29        12
      865    2.181856e+01         h        29        12
      866   -6.288870e+01         g        29        13
      867    1.385595e+02         h        29        13
      868    4.300361e+01         g        29        14
      869    1.011925e+02         h        29        14
      870    1.082667e+01         g        29        15
      871    8.660601e+00         h        29        15
      872   -2.720192e+01         g        29        16
      873    6.255700e+01         h        29        16
      874    1.626798e+01         g        29        17
      875    7.323688e+01         h        29        17
      876    3.557421e+00         g        29        18
      877    1.328761e+01         h        29        18
      878   -1.891976e+01         g        29        19
      879    2.316355e+01         h        29        19
      880    2.328013e+00         g        29        20
      881    1.902107e+01         h        29        20
      882   -6.750506e+00         g        29        21
      883    7.441362e+00         h        29        21
      884   -8.455836e+00         g        29        22
      885    8.174628e+00         h        29        22
      886   -8.322597e+00         g        29        23
      887    2.976935e+00         h        29        23
      888   -3.416768e+00         g        29        24
      889    4.174650e+00         h        29        24
      890    9.719868e-01         g        29        25
      891   -9.384476e-01         h        29        25
      892    4.407962e+00         g        29        26
      893    1.682426e+00         h        29        26
      894    6.565436e+00         g        29        27
      895   -2.078160e+00         h        29        27
      896    1.582285e+00         g        29        28
      897    3.814328e-02         h        29        28
      898    1.264746e+00         g        29        29
      899    1.289886e+00         h        29        29
      900    6.597708e-01         g        30         0
      901    1.993038e+01         g        30         1
      902    3.071326e+01         h        30         1
      903    7.956046e+01         g        30         2
      904   -3.858992e+01         h        30         2
      905    7.293233e+01         g        30         3
      906   -1.577420e+01         h        30         3
      907    5.263335e+01         g        30         4
      908   -3.968915e+01         h        30         4
      909    1.931532e+01         g        30         5
      910    2.463026e+01         h        30         5
      911    1.543054e+02         g        30         6
      912    2.612600e+01         h        30         6
      913    9.723052e+01         g        30         7
      914   -3.385492e+01         h        30         7
      915    4.087678e+01         g        30         8
      916   -6.368398e+01         h        30         8
      917    5.544142e+01         g        30         9
      918    1.288457e+01         h        30         9
      919    7.998843e+01         g        30        10
      920    4.809111e+01         h        30        10
      921    8.232647e+01         g        30        11
      922   -5.397576e+01         h        30        11
      923    3.957487e+01         g        30        12
      924   -2.920804e+01         h        30        12
      925    5.933575e+01         g        30        13
      926    4.411131e+01         h        30        13
      927    9.572458e+01         g        30        14
      928   -1.591041e+01         h        30        14
      929    2.401107e+01         g        30        15
      930   -4.739781e+01         h        30        15
      931    3.137391e+01         g        30        16
      932    1.951000e+01         h        30        16
      933    5.550997e+01         g        30        17
      934    1.800748e+00         h        30        17
      935    1.842468e+01         g        30        18
      936   -1.025855e+01         h        30        18
      937    1.239058e+01         g        30        19
      938    6.258718e+00         h        30        19
      939    1.910747e+01         g        30        20
      940    4.311826e-02         h        30        20
      941    4.694504e+00         g        30        21
      942   -4.173908e-01         h        30        21
      943    1.433241e+00         g        30        22
      944    6.832267e+00         h        30        22
      945    8.153823e-01         g        30        23
      946    1.592355e+00         h        30        23
      947   -4.755447e+00         g        30        24
      948    2.709720e+00         h        30        24
      949    9.838544e-01         g        30        25
      950    2.402119e+00         h        30        25
      951   -9.968783e-01         g        30        26
      952   -1.110245e+00         h        30        26
      953    3.262866e+00         g        30        27
      954   -2.764536e+00         h        30        27
      955    3.040255e-01         g        30        28
      956   -5.328400e+00         h        30        28
      957    1.136947e+00         g        30        29
      958   -7.766424e-01         h        30        29
      959    1.380858e+00         g        30        30
      960   -9.135709e-01         h        30        30
      961    6.197009e+01         g        31         0
      962    7.555911e+01         g        31         1
      963    1.358821e+01         h        31         1
      964   -1.070426e+01         g        31         2
      965   -1.523023e+02         h        31         2
      966   -1.049587e+01         g        31         3
      967   -1.246960e+02         h        31         3
      968   -5.189523e+01         g        31         4
      969   -1.160615e+01         h        31         4
      970   -8.358443e+01         g        31         5
      971   -4.409862e+01         h        31         5
      972    4.022838e+01         g        31         6
      973   -3.783375e+01         h        31         6
      974   -3.461429e+01         g        31         7
      975   -3.862601e+01         h        31         7
      976   -5.484987e+01         g        31         8
      977   -3.269698e+01         h        31         8
      978    2.124530e+01         g        31         9
      979   -2.772694e+00         h        31         9
      980    3.536240e+01         g        31        10
      981   -1.914556e+01         h        31        10
      982   -1.197094e+01         g        31        11
      983   -8.184841e+01         h        31        11
      984   -2.655193e+01         g        31        12
      985   -3.868085e+01         h        31        12
      986    3.335148e+01         g        31        13
      987   -2.849163e+01         h        31        13
      988    7.710562e+00         g        31        14
      989   -7.607241e+01         h        31        14
      990   -4.128645e+01         g        31        15
      991   -5.087490e+01         h        31        15
      992    1.206641e+00         g        31        16
      993   -1.524573e+01         h        31        16
      994    1.034687e+01         g        31        17
      995   -4.104854e+01         h        31        17
      996   -2.023945e+01         g        31        18
      997   -2.263210e+01         h        31        18
      998   -1.658328e+00         g        31        19
      999   -7.570886e+00         h        31        19
     1000    6.862082e-01         g        31        20
     1001   -1.845869e+01         h        31        20
     1002   -3.563909e+00         g        31        21
     1003   -6.065752e+00         h        31        21
     1004    7.833275e-01         g        31        22
     1005   -4.805735e-01         h        31        22
     1006    1.868402e+00         g        31        23
     1007   -1.640813e+00         h        31        23
     1008   -3.025921e+00         g        31        24
     1009   -2.502986e+00         h        31        24
     1010    2.035329e-01         g        31        25
     1011    3.654068e+00         h        31        25
     1012    1.995469e+00         g        31        26
     1013   -9.987315e-01         h        31        26
     1014   -2.818363e-01         g        31        27
     1015    2.111524e-01         h        31        27
     1016   -9.053651e-01         g        31        28
     1017   -3.198959e+00         h        31        28
     1018   -3.261378e+00         g        31        29
     1019   -1.908397e+00         h        31        29
     1020    3.311278e-01         g        31        30
     1021   -1.980005e+00         h        31        30
     1022   -2.356579e-01         g        31        31
     1023   -1.946464e+00         h        31        31
     1024    4.172857e+01         g        32         0
     1025    3.576278e+01         g        32         1
     1026    2.838632e+01         h        32         1
     1027   -5.381642e+01         g        32         2
     1028   -8.918747e+01         h        32         2
     1029   -3.613328e+01         g        32         3
     1030   -5.630139e+01         h        32         3
     1031   -6.249019e+01         g        32         4
     1032    4.985908e+01         h        32         4
     1033   -7.481891e+01         g        32         5
     1034   -1.174691e+01         h        32         5
     1035   -2.609923e+01         g        32         6
     1036   -6.679027e-01         h        32         6
     1037   -6.288546e+01         g        32         7
     1038    3.148840e+01         h        32         7
     1039   -5.210674e+01         g        32         8
     1040    4.935917e+01         h        32         8
     1041    1.947602e+00         g        32         9
     1042    3.104493e+01         h        32         9
     1043   -7.903210e-01         g        32        10
     1044    1.221480e+00         h        32        10
     1045   -5.118918e+01         g        32        11
     1046    2.829002e+00         h        32        11
     1047   -3.959247e+01         g        32        12
     1048    2.434832e+01         h        32        12
     1049    2.280768e+00         g        32        13
     1050   -4.524891e+00         h        32        13
     1051   -4.408895e+01         g        32        14
     1052   -2.041242e+01         h        32        14
     1053   -6.032375e+01         g        32        15
     1054    1.872760e+01         h        32        15
     1055   -1.197551e+01         g        32        16
     1056    1.042353e+01         h        32        16
     1057   -2.322847e+01         g        32        17
     1058   -1.301135e+01         h        32        17
     1059   -3.378554e+01         g        32        18
     1060    1.061209e+01         h        32        18
     1061   -1.229690e+01         g        32        19
     1062    1.026592e+01         h        32        19
     1063   -1.359239e+01         g        32        20
     1064   -4.790143e+00         h        32        20
     1065   -1.118379e+01         g        32        21
     1066    5.219887e+00         h        32        21
     1067   -6.495574e-01         g        32        22
     1068    1.959507e+00         h        32        22
     1069   -1.074701e+00         g        32        23
     1070   -1.856337e-01         h        32        23
     1071   -1.481020e+00         g        32        24
     1072   -2.140835e+00         h        32        24
     1073   -1.176928e+00         g        32        25
     1074    1.084826e+00         h        32        25
     1075    3.452185e+00         g        32        26
     1076   -1.030843e+00         h        32        26
     1077    5.516821e-01         g        32        27
     1078   -2.174413e+00         h        32        27
     1079    7.523497e-01         g        32        28
     1080   -2.635135e-01         h        32        28
     1081   -2.195921e+00         g        32        29
     1082   -3.914352e-01         h        32        29
     1083   -1.979994e+00         g        32        30
     1084    1.249929e+00         h        32        30
     1085   -1.778918e+00         g        32        31
     1086   -1.529906e+00         h        32        31
     1087   -1.994193e+00         g        32        32
     1088   -4.944849e-01         h        32        32
     1089    1.742181e+01         g        33         0
     1090   -3.543651e-01         g        33         1
     1091    1.962565e+01         h        33         1
     1092   -1.408952e+01         g        33         2
     1093    6.220829e+00         h        33         2
     1094    3.732521e+00         g        33         3
     1095    8.572916e+00         h        33         3
     1096    5.306333e+00         g        33         4
     1097    3.351598e+01         h        33         4
     1098    1.378323e+00         g        33         5
     1099    4.920835e-01         h        33         5
     1100   -1.567715e+01         g        33         6
     1101    6.813301e+00         h        33         6
     1102   -4.163503e+00         g        33         7
     1103    3.331457e+01         h        33         7
     1104    1.227504e+01         g        33         8
     1105    5.095280e+01         h        33         8
     1106    1.501522e+01         g        33         9
     1107    1.720601e+01         h        33         9
     1108    1.105686e+01         g        33        10
     1109    8.116705e+00         h        33        10
     1110   -7.883755e+00         g        33        11
     1111    3.967206e+01         h        33        11
     1112    1.043402e+01         g        33        12
     1113    4.113319e+01         h        33        12
     1114    2.130879e+01         g        33        13
     1115    7.316882e+00         h        33        13
     1116   -1.248833e+01         g        33        14
     1117    2.413403e+01         h        33        14
     1118   -5.268886e+00         g        33        15
     1119    4.802550e+01         h        33        15
     1120    1.688451e+01         g        33        16
     1121    2.169104e+01         h        33        16
     1122   -4.907973e+00         g        33        17
     1123    9.060695e+00         h        33        17
     1124   -2.848196e+00         g        33        18
     1125    2.761472e+01         h        33        18
     1126    5.785615e+00         g        33        19
     1127    1.505626e+01         h        33        19
     1128   -3.666576e+00         g        33        20
     1129    6.966177e+00         h        33        20
     1130   -1.124030e+00         g        33        21
     1131    1.122590e+01         h        33        21
     1132    3.913101e+00         g        33        22
     1133    3.529475e+00         h        33        22
     1134   -3.367006e-01         g        33        23
     1135    1.794163e+00         h        33        23
     1136    1.111769e+00         g        33        24
     1137    4.217099e-01         h        33        24
     1138    5.073672e-02         g        33        25
     1139   -5.276109e-01         h        33        25
     1140    1.924148e+00         g        33        26
     1141   -1.240192e+00         h        33        26
     1142    7.955207e-01         g        33        27
     1143   -3.464597e+00         h        33        27
     1144   -5.803958e-01         g        33        28
     1145   -1.880041e+00         h        33        28
     1146   -2.873478e-01         g        33        29
     1147   -1.287743e+00         h        33        29
     1148   -8.685233e-01         g        33        30
     1149    1.588584e+00         h        33        30
     1150    2.238680e-01         g        33        31
     1151    1.429934e+00         h        33        31
     1152   -1.946259e+00         g        33        32
     1153    1.312386e+00         h        33        32
     1154   -8.937586e-01         g        33        33
     1155    1.837229e+00         h        33        33
     1156   -1.824076e+01         g        34         0
     1157   -9.110092e+00         g        34         1
     1158   -1.347693e+01         h        34         1
     1159    1.879811e+01         g        34         2
     1160    4.491824e+01         h        34         2
     1161    1.618781e+01         g        34         3
     1162    1.906233e+01         h        34         3
     1163    3.136796e+01         g        34         4
     1164   -1.998720e+01         h        34         4
     1165    3.262873e+01         g        34         5
     1166   -5.583979e+00         h        34         5
     1167   -1.107869e+01         g        34         6
     1168   -1.479473e+01         h        34         6
     1169    1.474790e+01         g        34         7
     1170   -1.051481e+01         h        34         7
     1171    2.526697e+01         g        34         8
     1172   -2.307554e+00         h        34         8
     1173   -3.945394e+00         g        34         9
     1174   -2.236155e+01         h        34         9
     1175   -3.427505e-01         g        34        10
     1176   -1.081140e+01         h        34        10
     1177    1.635672e+01         g        34        11
     1178    1.259101e+01         h        34        11
     1179    2.267156e+01         g        34        12
     1180   -6.900580e-01         h        34        12
     1181    1.350507e+01         g        34        13
     1182   -1.453931e+01         h        34        13
     1183    1.070931e+01         g        34        14
     1184    9.551872e+00         h        34        14
     1185    3.051015e+01         g        34        15
     1186    1.412928e+01         h        34        15
     1187    2.037704e+01         g        34        16
     1188   -7.256755e+00         h        34        16
     1189    8.740903e+00         g        34        17
     1190   -6.392702e-01         h        34        17
     1191    1.720002e+01         g        34        18
     1192    5.684251e+00         h        34        18
     1193    1.255188e+01         g        34        19
     1194   -3.885499e+00         h        34        19
     1195    3.087990e+00         g        34        20
     1196   -1.212498e+00         h        34        20
     1197    6.425719e+00         g        34        21
     1198    1.478104e+00         h        34        21
     1199    5.676631e+00         g        34        22
     1200   -3.495142e+00         h        34        22
     1201   -6.042773e-01         g        34        23
     1202   -2.263932e-02         h        34        23
     1203    2.718839e+00         g        34        24
     1204    8.821402e-01         h        34        24
     1205    7.739796e-01         g        34        25
     1206   -1.731730e+00         h        34        25
     1207    6.302499e-01         g        34        26
     1208   -1.484259e+00         h        34        26
     1209   -5.380742e-02         g        34        27
     1210   -2.085951e+00         h        34        27
     1211   -1.560204e+00         g        34        28
     1212   -1.981895e+00         h        34        28
     1213   -2.012098e+00         g        34        29
     1214   -5.804435e-01         h        34        29
     1215   -1.460141e+00         g        34        30
     1216    6.483637e-01         h        34        30
     1217    1.247486e+00         g        34        31
     1218    1.082694e+00         h        34        31
     1219    1.023744e+00         g        34        32
     1220    3.066569e-01         h        34        32
     1221    1.006700e+00         g        34        33
     1222    2.073303e+00         h        34        33
     1223    1.666883e+00         g        34        34
     1224    1.256853e+00         h        34        34
     1225   -2.661790e+01         g        35         0
     1226   -5.336605e+00         g        35         1
     1227   -1.624057e+01         h        35         1
     1228    1.311418e+01         g        35         2
     1229    2.903527e+01         h        35         2
     1230    2.208273e+00         g        35         3
     1231    1.204148e+01         h        35         3
     1232    1.145827e+01         g        35         4
     1233   -2.481957e+01         h        35         4
     1234    1.645519e+01         g        35         5
     1235    1.343007e+00         h        35         5
     1236   -8.811807e+00         g        35         6
     1237   -1.068391e+01         h        35         6
     1238   -8.998555e-01         g        35         7
     1239   -1.765375e+01         h        35         7
     1240    2.600378e+00         g        35         8
     1241   -1.814154e+01         h        35         8
     1242   -2.241955e+01         g        35         9
     1243   -2.083320e+01         h        35         9
     1244   -1.635840e+01         g        35        10
     1245   -9.178620e+00         h        35        10
     1246    3.894469e+00         g        35        11
     1247   -4.407117e+00         h        35        11
     1248    2.368690e-01         g        35        12
     1249   -1.795675e+01         h        35        12
     1250   -1.480540e+01         g        35        13
     1251   -1.411354e+01         h        35        13
     1252    9.981989e-01         g        35        14
     1253   -3.994323e+00         h        35        14
     1254    1.474748e+01         g        35        15
     1255   -1.007746e+01         h        35        15
     1256   -3.132146e+00         g        35        16
     1257   -1.974881e+01         h        35        16
     1258   -1.693066e+00         g        35        17
     1259   -5.474758e+00         h        35        17
     1260    8.916766e+00         g        35        18
     1261   -1.044196e+01         h        35        18
     1262   -9.349422e-01         g        35        19
     1263   -1.160179e+01         h        35        19
     1264   -1.469398e+00         g        35        20
     1265   -5.045998e+00         h        35        20
     1266    1.683048e+00         g        35        21
     1267   -5.973867e+00         h        35        21
     1268    8.850867e-01         g        35        22
     1269   -6.635828e+00         h        35        22
     1270   -2.665828e+00         g        35        23
     1271   -2.569484e+00         h        35        23
     1272    1.661080e+00         g        35        24
     1273    6.350155e-01         h        35        24
     1274    2.392584e-01         g        35        25
     1275   -2.373778e+00         h        35        25
     1276   -6.555909e-01         g        35        26
     1277   -7.285476e-01         h        35        26
     1278   -6.626412e-01         g        35        27
     1279   -6.626568e-01         h        35        27
     1280   -9.322995e-01         g        35        28
     1281   -4.656696e-01         h        35        28
     1282   -1.910251e+00         g        35        29
     1283    6.939144e-01         h        35        29
     1284   -1.101581e+00         g        35        30
     1285    1.910858e+00         h        35        30
     1286    4.281404e-01         g        35        31
     1287    1.677600e+00         h        35        31
     1288    9.572944e-01         g        35        32
     1289   -7.853824e-01         h        35        32
     1290    5.353730e-01         g        35        33
     1291   -5.241372e-01         h        35        33
     1292    2.024309e+00         g        35        34
     1293   -5.103740e-01         h        35        34
     1294    1.570832e+00         g        35        35
     1295   -1.302841e+00         h        35        35