      IND             SHC     g | h         n         m
        1    8.021368e+05         g         1         0
        2   -1.392015e+05         g         1         1
        3    4.091567e+04         h         1         1
        4    2.983032e+04         g         2         0
        5   -1.386576e+05         g         2         1
        6   -1.043915e+05         h         2         1
        7    1.174978e+05         g         2         2
        8    5.001477e+04         h         2         2
        9    8.865348e+03         g         3         0
       10   -1.138056e+05         g         3         1
       11   -9.991565e+04         h         3         1
       12    4.648844e+04         g         3         2
       13    1.294885e+05         h         3         2
       14   -3.928299e+03         g         3         3
       15   -8.386469e+04         h         3         3
       16   -1.283186e+05         g         4         0
       17   -3.191465e+04         g         4         1
       18    1.206955e+05         h         4         1
       19   -1.018099e+04         g         4         2
       20    1.062655e+05         h         4         2
       21   -4.103378e+04         g         4         3
       22   -3.066892e+03         h         4         3
       23   -6.850469e+04         g         4         4
       24   -5.862514e+03         h         4         4
       25   -9.018705e+04         g         5         0
       26    2.068378e+04         g         5         1
       27    2.210462e+05         h         5         1
       28    7.843708e+04         g         5         2
       29   -6.415840e+03         h         5         2
       30   -8.316389e+04         g         5         3
       31    2.781042e+04         h         5         3
       32   -1.241507e+04         g         5         4
       33    5.018550e+04         h         5         4
       34   -2.437565e+04         g         5         5
       35    4.788949e+04         h         5         5
       36   -1.166938e+05         g         6         0
       37    5.425274e+04         g         6         1
       38    7.446168e+04         h         6         1
       39    7.232340e+04         g         6         2
       40   -5.393987e+04         h         6         2
       41   -7.386433e+04         g         6         3
       42   -3.000879e+03         h         6         3
       43    1.476475e+04         g         6         4
       44    8.255961e+04         h         6         4
       45    8.251476e+03         g         6         5
       46   -2.141724e+04         h         6         5
       47    4.753461e+04         g         6         6
       48    2.923909e+04         h         6         6
       49   -1.138052e+04         g         7         0
       50    4.535391e+04         g         7         1
       51   -4.317657e+04         h         7         1
       52   -5.019509e+04         g         7         2
       53   -9.320466e+04         h         7         2
       54   -1.326141e+04         g         7         3
       55    1.410705e+04         h         7         3
       56   -5.112936e+04         g         7         4
       57    4.087305e+04         h         7         4
       58    2.544845e+04         g         7         5
       59   -4.987422e+04         h         7         5
       60   -1.764812e+04         g         7         6
       61   -1.468702e+04         h         7         6
       62    2.847741e+04         g         7         7
       63   -4.281753e+04         h         7         7
       64    1.239814e+05         g         8         0
       65    1.248161e+03         g         8         1
       66   -3.800617e+04         h         8         1
       67   -6.904006e+04         g         8         2
       68   -1.087310e+05         h         8         2
       69    1.336283e+03         g         8         3
       70    9.411222e+04         h         8         3
       71   -4.475623e+04         g         8         4
       72   -1.611990e+04         h         8         4
       73   -1.608669e+04         g         8         5
       74    2.218043e+04         h         8         5
       75   -4.012947e+04         g         8         6
       76   -3.074452e+04         h         8         6
       77   -1.278777e+04         g         8         7
       78    8.699746e+03         h         8         7
       79   -2.882149e+04         g         8         8
       80   -2.991963e+04         h         8         8
       81    8.248110e+04         g         9         0
       82   -2.631240e+04         g         9         1
       83   -7.558511e+04         h         9         1
       84    1.368989e+04         g         9         2
       85   -2.346771e+04         h         9         2
       86    8.482410e+03         g         9         3
       87    7.286417e+04         h         9         3
       88    4.145021e+04         g         9         4
       89   -1.410775e+04         h         9         4
       90   -3.232986e+04         g         9         5
       91    4.118309e+04         h         9         5
       92    1.866433e+04         g         9         6
       93   -2.156822e+03         h         9         6
       94   -1.875837e+04         g         9         7
       95    2.177678e+04         h         9         7
       96    1.672562e+04         g         9         8
       97    9.611866e+03         h         9         8
       98   -2.768751e+04         g         9         9
       99    2.140268e+04         h         9         9
      100   -6.825735e+03         g        10         0
      101    1.262993e+04         g        10         1
      102   -9.293217e+04         h        10         1
      103    2.669957e+04         g        10         2
      104    8.187868e+04         h        10         2
      105    6.053419e+04         g        10         3
      106   -3.355151e+04         h        10         3
      107    5.791145e+04         g        10         4
      108   -2.217579e+04         h        10         4
      109    5.807580e+03         g        10         5
      110   -5.245520e+03         h        10         5
      111    2.845875e+04         g        10         6
      112   -1.157125e+04         h        10         6
      113    1.220354e+04         g        10         7
      114   -2.269273e+04         h        10         7
      115    3.679991e+04         g        10         8
      116    5.360605e+03         h        10         8
      117    1.277742e+04         g        10         9
      118   -1.046885e+04         h        10         9
      119    1.586320e+04         g        10        10
      120    2.463991e+04         h        10        10
      121    1.544185e+04         g        11         0
      122    6.382330e+04         g        11         1
      123    1.141739e+04         h        11         1
      124   -2.223742e+04         g        11         2
      125    8.986029e+04         h        11         2
      126    7.390021e+04         g        11         3
      127   -7.771390e+04         h        11         3
      128    5.989954e+03         g        11         4
      129   -5.599977e+04         h        11         4
      130    7.283460e+03         g        11         5
      131   -6.912103e+03         h        11         5
      132   -1.650385e+04         g        11         6
      133   -5.116776e+04         h        11         6
      134   -5.743805e+03         g        11         7
      135   -2.474271e+04         h        11         7
      136    1.501009e+04         g        11         8
      137   -3.411555e+04         h        11         8
      138    4.870952e+03         g        11         9
      139   -2.841070e+04         h        11         9
      140   -2.431259e+03         g        11        10
      141   -1.129010e+04         h        11        10
      142    1.866260e+04         g        11        11
      143   -9.164651e+03         h        11        11
      144    5.925126e+04         g        12         0
      145    4.360493e+04         g        12         1
      146    1.120670e+05         h        12         1
      147   -1.430974e+04         g        12         2
      148    3.949644e+04         h        12         2
      149    1.549430e+03         g        12         3
      150   -4.563691e+04         h        12         3
      151   -1.352675e+04         g        12         4
      152   -2.358649e+04         h        12         4
      153   -2.118347e+04         g        12         5
      154    2.280895e+04         h        12         5
      155   -2.238770e+04         g        12         6
      156   -2.775310e+04         h        12         6
      157   -4.607518e+04         g        12         7
      158    1.819664e+04         h        12         7
      159    1.231332e+04         g        12         8
      160   -2.162384e+04         h        12         8
      161   -3.152645e+04         g        12         9
      162   -1.410226e+04         h        12         9
      163   -1.696424e+04         g        12        10
      164   -7.029351e+02         h        12        10
      165   -1.434140e+04         g        12        11
      166   -1.549313e+02         h        12        11
      167   -4.243613e+03         g        12        12
      168   -1.340228e+04         h        12        12
      169    4.559417e+04         g        13         0
      170   -2.615386e+04         g        13         1
      171    9.233960e+04         h        13         1
      172    3.495580e+04         g        13         2
      173    1.346007e+04         h        13         2
      174   -5.604305e+04         g        13         3
      175   -1.227875e+04         h        13         3
      176    8.051439e+02         g        13         4
      177    5.309723e+04         h        13         4
      178    5.896655e+03         g        13         5
      179    8.080628e+03         h        13         5
      180    5.935235e+03         g        13         6
      181    2.827714e+04         h        13         6
      182   -2.285476e+04         g        13         7
      183    3.189570e+04         h        13         7
      184    3.285570e+04         g        13         8
      185    1.001862e+04         h        13         8
      186   -1.792431e+04         g        13         9
      187   -4.350290e+03         h        13         9
      188   -5.160958e+03         g        13        10
      189    3.043369e+04         h        13        10
      190   -7.249835e+03         g        13        11
      191    1.402233e+04         h        13        11
      192   -3.724511e+03         g        13        12
      193    1.404315e+04         h        13        12
      194   -1.001516e+04         g        13        13
      195    7.302688e+02         h        13        13
      196    3.692798e+04         g        14         0
      197   -7.595168e+04         g        14         1
      198    3.891194e+03         h        14         1
      199    3.750068e+04         g        14         2
      200   -2.296879e+03         h        14         2
      201   -4.498344e+04         g        14         3
      202    4.183039e+03         h        14         3
      203   -2.263728e+03         g        14         4
      204    5.486926e+04         h        14         4
      205    4.470108e+04         g        14         5
      206   -3.383070e+04         h        14         5
      207    4.007816e+03         g        14         6
      208    2.965562e+04         h        14         6
      209    2.217723e+04         g        14         7
      210    7.452787e+03         h        14         7
      211    2.691535e+04         g        14         8
      212   -8.826999e+03         h        14         8
      213    8.324406e+03         g        14         9
      214   -1.285181e+04         h        14         9
      215    1.036516e+04         g        14        10
      216    1.581769e+04         h        14        10
      217    1.437965e+04         g        14        11
      218    9.088378e+03         h        14        11
      219    8.328949e+03         g        14        12
      220    1.021788e+04         h        14        12
      221    9.784058e+03         g        14        13
      222    4.951199e+03         h        14        13
      223   -1.187642e+03         g        14        14
      224    6.949027e+03         h        14        14
      225    3.409569e+04         g        15         0
      226   -8.781143e+04         g        15         1
      227   -5.694178e+04         h        15         1
      228   -8.523053e+03         g        15         2
      229   -2.493006e+04         h        15         2
      230   -2.741595e+04         g        15         3
      231    1.831884e+04         h        15         3
      232   -2.063637e+04         g        15         4
      233   -1.876222e+03         h        15         4
      234    7.378142e+03         g        15         5
      235   -3.574433e+04         h        15         5
      236   -2.162912e+04         g        15         6
      237    9.768641e+03         h        15         6
      238    1.748908e+04         g        15         7
      239   -4.391763e+03         h        15         7
      240   -1.330240e+04         g        15         8
      241   -2.972019e+04         h        15         8
      242   -8.441971e+03         g        15         9
      243   -8.552171e+03         h        15         9
      244    6.146453e+03         g        15        10
      245   -8.759193e+03         h        15        10
      246    4.217998e+02         g        15        11
      247   -3.665280e+03         h        15        11
      248    6.844917e+03         g        15        12
      249   -3.700970e+03         h        15        12
      250    6.473256e+03         g        15        13
      251   -5.913710e+03         h        15        13
      252    5.534234e+03         g        15        14
      253   -6.434245e+03         h        15        14
      254    4.376860e+03         g        15        15
      255    1.923820e+03         h        15        15
      256   -1.711275e+04         g        16         0
      257   -6.656078e+04         g        16         1
      258   -3.984924e+04         h        16         1
      259   -3.376089e+04         g        16         2
      260   -2.246097e+04         h        16         2
      261   -2.188302e+04         g        16         3
      262    2.523555e+04         h        16         3
      263   -1.789928e+04         g        16         4
      264   -1.607368e+04         h        16         4
      265   -4.737445e+04         g        16         5
      266    5.793175e+03         h        16         5
      267   -1.431552e+04         g        16         6
      268    2.519753e+04         h        16         6
      269    2.938623e+03         g        16         7
      270    8.343597e+03         h        16         7
      271   -3.719381e+04         g        16         8
      272   -1.942951e+03         h        16         8
      273   -2.100401e+04         g        16         9
      274    2.014369e+04         h        16         9
      275    1.068662e+03         g        16        10
      276    9.281941e+02         h        16        10
      277   -1.658993e+04         g        16        11
      278    2.044784e+03         h        16        11
      279   -4.228212e+03         g        16        12
      280    8.062444e+03         h        16        12
      281   -4.533801e+03         g        16        13
      282   -6.128184e+03         h        16        13
      283   -3.321596e+03         g        16        14
      284   -4.428346e+03         h        16        14
      285   -3.365207e+03         g        16        15
      286   -5.799753e+03         h        16        15
      287    2.304189e+03         g        16        16
      288   -2.382983e+03         h        16        16
      289   -6.313522e+04         g        17         0
      290   -1.090230e+04         g        17         1
      291    2.753843e+04         h        17         1
      292   -4.482769e+03         g        17         2
      293   -4.286345e+03         h        17         2
      294    5.660622e+03         g        17         3
      295    8.956011e+03         h        17         3
      296    1.402413e+04         g        17         4
      297    9.972912e+02         h        17         4
      298   -3.347481e+04         g        17         5
      299    2.966414e+04         h        17         5
      300    2.787871e+04         g        17         6
      301    2.612720e+04         h        17         6
      302    1.820210e+04         g        17         7
      303    5.310653e+03         h        17         7
      304   -1.879590e+04         g        17         8
      305    2.213492e+04         h        17         8
      306    6.636708e+03         g        17         9
      307    3.247871e+04         h        17         9
      308    1.363671e+04         g        17        10
      309    6.511524e+03         h        17        10
      310   -3.346828e+03         g        17        11
      311    1.134442e+04         h        17        11
      312    1.892014e+03         g        17        12
      313    1.866783e+04         h        17        12
      314    2.224124e+03         g        17        13
      315    4.578537e+03         h        17        13
      316   -4.039900e+03         g        17        14
      317    3.327859e+03         h        17        14
      318   -2.211172e+03         g        17        15
      319    5.791951e+02         h        17        15
      320   -4.649815e+03         g        17        16
      321    1.245953e+03         h        17        16
      322   -9.554204e+02         g        17        17
      323   -2.205744e+03         h        17        17
      324   -3.696328e+04         g        18         0
      325    4.550324e+04         g        18         1
      326    5.771097e+04         h        18         1
      327    3.243831e+04         g        18         2
      328   -1.199927e+04         h        18         2
      329    2.836655e+04         g        18         3
      330   -2.592597e+04         h        18         3
      331    3.588057e+04         g        18         4
      332   -9.699958e+03         h        18         4
      333    2.960901e+03         g        18         5
      334    5.794375e+03         h        18         5
      335    4.302412e+04         g        18         6
      336   -2.038490e+04         h        18         6
      337    1.452652e+04         g        18         7
      338   -2.375833e+04         h        18         7
      339    3.440260e+03         g        18         8
      340    6.563513e+03         h        18         8
      341    2.400897e+04         g        18         9
      342    6.192756e+03         h        18         9
      343    1.602286e+04         g        18        10
      344   -1.569941e+04         h        18        10
      345    7.969282e+03         g        18        11
      346    6.300836e+02         h        18        11
      347    1.318282e+04         g        18        12
      348    3.786868e+03         h        18        12
      349    8.524963e+03         g        18        13
      350    8.044199e+02         h        18        13
      351    5.347760e+03         g        18        14
      352   -8.964362e+02         h        18        14
      353    3.024405e+03         g        18        15
      354    6.866721e+02         h        18        15
      355    4.073319e+02         g        18        16
      356    8.356494e+02         h        18        16
      357    1.028465e+02         g        18        17
      358    3.413598e+03         h        18        17
      359   -1.847480e+03         g        18        18
      360    6.738196e+01         h        18        18
      361    7.235528e+03         g        19         0
      362    5.044714e+04         g        19         1
      363    2.137725e+04         h        19         1
      364    2.250413e+04         g        19         2
      365   -2.953885e+04         h        19         2
      366    7.493599e+03         g        19         3
      367   -3.870625e+04         h        19         3
      368    1.719329e+04         g        19         4
      369   -2.113101e+04         h        19         4
      370    3.944959e+02         g        19         5
      371   -1.985877e+04         h        19         5
      372    7.528238e+03         g        19         6
      373   -4.455632e+04         h        19         6
      374   -2.498467e+04         g        19         7
      375   -3.162746e+04         h        19         7
      376    6.396213e+02         g        19         8
      377   -2.460148e+03         h        19         8
      378    4.216831e+03         g        19         9
      379   -1.780361e+04         h        19         9
      380   -9.328192e+03         g        19        10
      381   -2.339691e+04         h        19        10
      382   -2.918671e+03         g        19        11
      383   -8.400514e+03         h        19        11
      384    4.741521e+03         g        19        12
      385   -1.022466e+04         h        19        12
      386   -2.085411e+03         g        19        13
      387   -8.181684e+03         h        19        13
      388    2.512782e+03         g        19        14
      389   -6.024191e+03         h        19        14
      390    2.625214e+02         g        19        15
      391   -7.619296e+03         h        19        15
      392    8.706941e+02         g        19        16
      393   -2.780785e+03         h        19        16
      394    5.076546e+02         g        19        17
      395   -4.563113e+02         h        19        17
      396    2.284899e+03         g        19        18
      397    6.234928e+02         h        19        18
      398   -4.677893e+02         g        19        19
      399    1.385017e+03         h        19        19
      400    6.656586e+03         g        20         0
      401    9.576979e+03         g        20         1
      402   -1.826823e+04         h        20         1
      403   -1.030500e+04         g        20         2
      404   -1.567964e+04         h        20         2
      405   -1.912060e+04         g        20         3
      406   -3.836062e+03         h        20         3
      407   -1.098841e+04         g        20         4
      408    1.839543e+03         h        20         4
      409   -5.631225e+03         g        20         5
      410   -6.312123e+03         h        20         5
      411   -2.330997e+04         g        20         6
      412   -1.026177e+04         h        20         6
      413   -3.725233e+04         g        20         7
      414    4.259891e+02         h        20         7
      415    8.952387e+02         g        20         8
      416    1.408122e+04         h        20         8
      417   -9.253305e+03         g        20         9
      418   -9.649812e+03         h        20         9
      419   -2.544990e+04         g        20        10
      420    4.706477e+01         h        20        10
      421   -6.508653e+03         g        20        11
      422    4.045237e+03         h        20        11
      423   -6.055868e+03         g        20        12
      424   -5.151614e+03         h        20        12
      425   -1.025649e+04         g        20        13
      426   -3.268673e+02         h        20        13
      427   -5.211555e+03         g        20        14
      428   -2.916723e+01         h        20        14
      429   -4.681259e+03         g        20        15
      430   -5.463378e+03         h        20        15
      431   -5.191402e+03         g        20        16
      432   -1.777461e+03         h        20        16
      433   -1.657753e+03         g        20        17
      434   -1.221355e+03         h        20        17
      435   -4.980588e+02         g        20        18
      436   -1.038813e+02         h        20        18
      437    8.143358e+02         g        20        19
      438   -1.352639e+03         h        20        19
      439    9.143816e+02         g        20        20
      440    7.037825e+02         h        20        20
      441   -8.906339e+03         g        21         0
      442   -2.110416e+04         g        21         1
      443   -2.285942e+04         h        21         1
      444   -1.306271e+04         g        21         2
      445    1.368542e+04         h        21         2
      446   -8.838985e+03         g        21         3
      447    3.671812e+04         h        21         3
      448   -8.900621e+03         g        21         4
      449    1.950699e+04         h        21         4
      450    1.537526e+04         g        21         5
      451    1.589414e+04         h        21         5
      452   -1.098470e+04         g        21         6
      453    2.058489e+04         h        21         6
      454   -2.899653e+03         g        21         7
      455    2.403348e+04         h        21         7
      456    1.987860e+04         g        21         8
      457    1.323974e+04         h        21         8
      458    2.325067e+03         g        21         9
      459    6.947502e+02         h        21         9
      460   -8.771011e+03         g        21        10
      461    1.500193e+04         h        21        10
      462    7.936963e+03         g        21        11
      463    1.126913e+04         h        21        11
      464    5.518167e+02         g        21        12
      465   -1.320227e+03         h        21        12
      466   -2.651290e+03         g        21        13
      467    9.241250e+03         h        21        13
      468    4.528809e+02         g        21        14
      469    4.906274e+03         h        21        14
      470   -2.239735e+03         g        21        15
      471    1.872057e+03         h        21        15
      472   -3.197544e+03         g        21        16
      473    1.793868e+03         h        21        16
      474   -1.533754e+03         g        21        17
      475    2.768331e+03         h        21        17
      476   -1.150133e+03         g        21        18
      477    1.293887e+03         h        21        18
      478   -1.410384e+02         g        21        19
      479    5.517786e+02         h        21        19
      480   -7.687625e+02         g        21        20
      481   -7.841335e+02         h        21        20
      482    7.254120e+02         g        21        21
      483   -5.407355e+02         h        21        21
      484   -5.028426e+03         g        22         0
      485   -1.589559e+04         g        22         1
      486   -1.761254e+04         h        22         1
      487    4.102609e+03         g        22         2
      488    1.852114e+04         h        22         2
      489    1.133912e+04         g        22         3
      490    3.274495e+04         h        22         3
      491    5.335431e+03         g        22         4
      492    2.232266e+03         h        22         4
      493    2.332608e+04         g        22         5
      494    1.027614e+04         h        22         5
      495    9.118504e+03         g        22         6
      496    9.772011e+03         h        22         6
      497    2.065634e+04         g        22         7
      498    1.064695e+04         h        22         7
      499    2.301841e+04         g        22         8
      500   -1.304822e+04         h        22         8
      501    5.316137e+03         g        22         9
      502   -7.636691e+03         h        22         9
      503    8.398038e+03         g        22        10
      504    5.131397e+03         h        22        10
      505    1.188257e+04         g        22        11
      506   -3.572024e+03         h        22        11
      507    4.901581e+03         g        22        12
      508   -8.214158e+03         h        22        12
      509    4.267347e+03         g        22        13
      510    2.650084e+03         h        22        13
      511    7.058063e+03         g        22        14
      512   -9.616856e+02         h        22        14
      513    9.731813e+02         g        22        15
      514   -3.043078e+02         h        22        15
      515    2.618293e+03         g        22        16
      516    5.540210e+02         h        22        16
      517    1.001553e+03         g        22        17
      518    1.127557e+03         h        22        17
      519    1.653326e+03         g        22        18
      520    1.813624e+03         h        22        18
      521    6.399657e+02         g        22        19
      522    1.158606e+03         h        22        19
      523    3.245895e+02         g        22        20
      524    2.796414e+02         h        22        20
      525   -6.812771e+02         g        22        21
      526    3.596458e+02         h        22        21
      527   -2.536660e+02         g        22        22
      528   -6.423581e+02         h        22        22
      529    1.963690e+03         g        23         0
      530    2.355144e+03         g        23         1
      531   -1.265379e+04         h        23         1
      532    3.616750e+03         g        23         2
      533    3.050644e+03         h        23         2
      534    8.139866e+03         g        23         3
      535    1.822252e+03         h        23         3
      536    7.498341e+02         g        23         4
      537   -1.406861e+04         h        23         4
      538   -1.205315e+03         g        23         5
      539   -3.235146e+03         h        23         5
      540    4.616858e+03         g        23         6
      541   -5.279664e+03         h        23         6
      542    7.762908e+03         g        23         7
      543   -4.881965e+03         h        23         7
      544   -2.456850e+03         g        23         8
      545   -2.161637e+04         h        23         8
      546   -9.221266e+03         g        23         9
      547   -8.467347e+03         h        23         9
      548    3.739332e+03         g        23        10
      549   -1.416783e+03         h        23        10
      550   -2.681339e+03         g        23        11
      551   -1.277905e+04         h        23        11
      552   -6.041025e+03         g        23        12
      553   -7.061373e+03         h        23        12
      554    3.941173e+02         g        23        13
      555   -3.943999e+03         h        23        13
      556    5.424935e+02         g        23        14
      557   -5.665873e+03         h        23        14
      558   -2.500242e+03         g        23        15
      559   -3.142701e+03         h        23        15
      560    9.024730e+02         g        23        16
      561   -2.046840e+03         h        23        16
      562    1.811788e+02         g        23        17
      563   -2.848721e+03         h        23        17
      564    8.741275e+02         g        23        18
      565    6.487963e+01         h        23        18
      566    1.346315e+03         g        23        19
      567   -5.253462e+02         h        23        19
      568    7.502939e+02         g        23        20
      569    3.597683e+01         h        23        20
      570    2.841401e+02         g        23        21
      571   -1.442896e+02         h        23        21
      572    1.261044e+02         g        23        22
      573    5.162924e+02         h        23        22
      574   -5.043870e+02         g        23        23
      575    5.801420e+01         h        23        23
      576    1.905967e+03         g        24         0
      577    1.165135e+04         g        24         1
      578    3.955944e+03         h        24         1
      579   -6.388311e+03         g        24         2
      580   -5.618448e+03         h        24         2
      581   -2.365676e+03         g        24         3
      582   -1.325257e+04         h        24         3
      583   -8.889931e+03         g        24         4
      584   -3.884686e+03         h        24         4
      585   -1.882367e+04         g        24         5
      586   -6.789552e+02         h        24         5
      587   -3.682256e+03         g        24         6
      588   -1.481038e+02         h        24         6
      589   -5.797462e+03         g        24         7
      590    1.404512e+03         h        24         7
      591   -1.883919e+04         g        24         8
      592   -2.132464e+03         h        24         8
      593   -1.173778e+04         g        24         9
      594    8.563380e+03         h        24         9
      595   -4.277806e+02         g        24        10
      596    5.620727e+03         h        24        10
      597   -1.001805e+04         g        24        11
      598   -1.270003e+03         h        24        11
      599   -1.050995e+04         g        24        12
      600    6.432981e+03         h        24        12
      601   -1.194284e+03         g        24        13
      602    1.685826e+03         h        24        13
      603   -5.360922e+03         g        24        14
      604   -7.681357e+02         h        24        14
      605   -4.690314e+03         g        24        15
      606    3.077292e+03         h        24        15
      607   -1.879941e+03         g        24        16
      608    3.036420e+02         h        24        16
      609   -2.308987e+03         g        24        17
      610   -9.716848e+02         h        24        17
      611   -1.387373e+03         g        24        18
      612    3.812501e+02         h        24        18
      613    1.115556e+02         g        24        19
      614   -7.608718e+01         h        24        19
      615   -1.918443e+02         g        24        20
      616   -4.583978e+02         h        24        20
      617    2.635754e+02         g        24        21
      618   -4.064353e+02         h        24        21
      619    9.808975e+00         g        24        22
      620   -2.687109e+02         h        24        22
      621    3.868215e+02         g        24        23
      622   -1.202091e+01         h        24        23
      623   -4.189216e+01         g        24        24
      624    3.651313e+02         h        24        24
      625    6.158567e+03         g        25         0
      626    1.175290e+04         g        25         1
      627    1.721122e+04         h        25         1
      628   -2.974920e+03         g        25         2
      629   -4.405996e+03         h        25         2
      630   -7.868589e+02         g        25         3
      631   -1.101610e+04         h        25         3
      632   -3.517931e+03         g        25         4
      633    8.017883e+03         h        25         4
      634   -8.519649e+03         g        25         5
      635    2.469885e+03         h        25         5
      636    1.145026e+03         g        25         6
      637    3.033598e+03         h        25         6
      638   -1.097278e+03         g        25         7
      639    6.586168e+03         h        25         7
      640   -7.864646e+03         g        25         8
      641    1.092985e+04         h        25         8
      642    3.171727e+03         g        25         9
      643    1.495405e+04         h        25         9
      644    7.524435e+03         g        25        10
      645    5.385508e+03         h        25        10
      646   -1.228895e+03         g        25        11
      647    7.434356e+03         h        25        11
      648    1.326303e+03         g        25        12
      649    1.171021e+04         h        25        12
      650    5.052537e+03         g        25        13
      651    3.938535e+03         h        25        13
      652   -4.065149e+02         g        25        14
      653    3.192961e+03         h        25        14
      654    8.516874e+02         g        25        15
      655    7.122875e+03         h        25        15
      656    1.665819e+03         g        25        16
      657    2.531602e+03         h        25        16
      658   -8.960108e+02         g        25        17
      659    1.944216e+03         h        25        17
      660    2.574399e+02         g        25        18
      661    2.045683e+03         h        25        18
      662    1.628073e+02         g        25        19
      663    1.268350e+03         h        25        19
      664    7.642262e+01         g        25        20
      665    5.616915e+02         h        25        20
      666   -1.730064e+02         g        25        21
      667    6.650420e+01         h        25        21
      668   -1.714590e+02         g        25        22
      669   -3.438664e+02         h        25        22
      670   -1.766732e+02         g        25        23
      671   -1.340406e+02         h        25        23
      672    6.040180e+01         g        25        24
      673   -2.713418e+02         h        25        24
      674    2.497419e+02         g        25        25
      675    8.686544e+01         h        25        25
      676    1.007482e+04         g        26         0
      677    5.914228e+03         g        26         1
      678    8.532363e+03         h        26         1
      679    3.705030e+03         g        26         2
      680   -2.475494e+03         h        26         2
      681    1.868625e+03         g        26         3
      682   -7.716079e+03         h        26         3
      683    4.040002e+03         g        26         4
      684    3.364176e+03         h        26         4
      685    4.626143e+03         g        26         5
      686   -5.107064e+03         h        26         5
      687    2.274751e+03         g        26         6
      688   -5.099886e+03         h        26         6
      689    2.533910e+03         g        26         7
      690   -2.194017e+03         h        26         7
      691    4.287329e+03         g        26         8
      692    4.181970e+03         h        26         8
      693    9.585056e+03         g        26         9
      694    1.229704e+03         h        26         9
      695    7.890895e+03         g        26        10
      696   -6.214065e+03         h        26        10
      697    4.480116e+03         g        26        11
      698    1.200522e+03         h        26        11
      699    8.642167e+03         g        26        12
      700    2.150463e+03         h        26        12
      701    5.930176e+03         g        26        13
      702   -4.222248e+03         h        26        13
      703    2.960364e+03         g        26        14
      704   -4.372461e+02         h        26        14
      705    5.382001e+03         g        26        15
      706    1.452462e+03         h        26        15
      707    3.757199e+03         g        26        16
      708   -7.987283e+02         h        26        16
      709    1.335026e+03         g        26        17
      710    1.761321e+02         h        26        17
      711    2.381490e+03         g        26        18
      712    5.858698e+02         h        26        18
      713    1.363458e+03         g        26        19
      714    8.888823e+01         h        26        19
      715    9.931777e+02         g        26        20
      716    6.482714e+02         h        26        20
      717    4.670208e+02         g        26        21
      718   -4.083042e+01         h        26        21
      719   -4.417225e+01         g        26        22
      720    1.614175e+01         h        26        22
      721   -2.822218e+02         g        26        23
      722   -4.435417e+01         h        26        23
      723   -1.580893e+02         g        26        24
      724    8.419663e+01         h        26        24
      725   -1.754287e+02         g        26        25
      726   -8.413845e+01         h        26        25
      727    9.630539e+01         g        26        26
      728   -1.580381e+02         h        26        26
      729    2.761446e+03         g        27         0
      730   -3.822198e+03         g        27         1
      731   -5.893084e+03         h        27         1
      732    6.330399e+01         g        27         2
      733    1.381935e+03         h        27         2
      734   -2.636117e+03         g        27         3
      735   -1.524313e+03         h        27         3
      736    1.457912e+03         g        27         4
      737   -3.076011e+03         h        27         4
      738    4.277449e+03         g        27         5
      739   -7.265811e+03         h        27         5
      740   -6.091221e+03         g        27         6
      741   -6.405581e+03         h        27         6
      742   -2.335495e+03         g        27         7
      743   -6.625134e+03         h        27         7
      744    2.235792e+03         g        27         8
      745   -2.575983e+03         h        27         8
      746    5.833534e+02         g        27         9
      747   -8.200558e+03         h        27         9
      748   -4.239449e+03         g        27        10
      749   -9.753148e+03         h        27        10
      750   -5.187229e+02         g        27        11
      751   -2.981058e+03         h        27        11
      752    2.019716e+03         g        27        12
      753   -5.273845e+03         h        27        12
      754   -2.689918e+03         g        27        13
      755   -7.222422e+03         h        27        13
      756   -1.746227e+03         g        27        14
      757   -2.376827e+03         h        27        14
      758    2.299638e+03         g        27        15
      759   -3.405748e+03         h        27        15
      760   -6.802143e+02         g        27        16
      761   -3.520711e+03         h        27        16
      762   -3.166438e+02         g        27        17
      763   -1.222993e+03         h        27        17
      764    8.519860e+02         g        27        18
      765   -1.794600e+03         h        27        18
      766    3.152763e+02         g        27        19
      767   -1.427548e+03         h        27        19
      768    4.493723e+02         g        27        20
      769   -3.921459e+02         h        27        20
      770    4.894174e+02         g        27        21
      771   -5.985629e+02         h        27        21
      772   -8.833278e+01         g        27        22
      773   -3.394985e+02         h        27        22
      774   -2.510672e+01         g        27        23
      775   -4.809029e+01         h        27        23
      776   -1.120664e+02         g        27        24
      777    1.708218e+02         h        27        24
      778    2.037602e+01         g        27        25
      779    1.397428e+02         h        27        25
      780   -8.643989e+01         g        27        26
      781    1.158416e+02         h        27        26
      782   -9.728606e+01         g        27        27
      783   -8.541165e+01         h        27        27
      784   -6.866905e+03         g        28         0
      785   -9.694894e+03         g        28         1
      786   -6.338200e+03         h        28         1
      787   -3.323297e+03         g        28         2
      788    7.322274e+03         h        28         2
      789   -3.883007e+03         g        28         3
      790    7.947973e+03         h        28         3
      791   -9.051698e+02         g        28         4
      792   -1.284639e+03         h        28         4
      793    1.770769e+03         g        28         5
      794    1.602233e+03         h        28         5
      795   -6.828070e+03         g        28         6
      796    2.536040e+03         h        28         6
      797   -2.259468e+03         g        28         7
      798   -3.079978e+02         h        28         7
      799   -3.684162e+02         g        28         8
      800   -5.250060e+02         h        28         8
      801   -5.342570e+03         g        28         9
      802   -3.026194e+03         h        28         9
      803   -9.339031e+03         g        28        10
      804   -7.749133e+02         h        28        10
      805   -3.018947e+03         g        28        11
      806    1.927178e+03         h        28        11
      807   -3.254872e+03         g        28        12
      808   -2.299601e+03         h        28        12
      809   -7.397767e+03         g        28        13
      810    4.702179e+02         h        28        13
      811   -3.556211e+03         g        28        14
      812    2.034015e+03         h        28        14
      813   -1.150956e+03         g        28        15
      814   -1.198118e+03         h        28        15
      815   -3.753284e+03         g        28        16
      816   -4.815701e+02         h        28        16
      817   -1.842520e+03         g        28        17
      818    1.351063e+03         h        28        17
      819   -9.038316e+02         g        28        18
      820   -9.734670e+02         h        28        18
      821   -1.461620e+03         g        28        19
      822   -4.557275e+02         h        28        19
      823   -4.225293e+02         g        28        20
      824   -5.951902e+01         h        28        20
      825   -3.377489e+02         g        28        21
      826   -3.714415e+02         h        28        21
      827   -3.999297e+02         g        28        22
      828   -3.313456e+02         h        28        22
      829   -2.255129e+02         g        28        23
      830   -1.226290e+02         h        28        23
      831   -4.704352e+01         g        28        24
      832   -2.949499e+01         h        28        24
      833    9.829725e+01         g        28        25
      834    9.614870e+01         h        28        25
      835    9.661223e+01         g        28        26
      836    3.026273e+01         h        28        26
      837    6.919394e+01         g        28        27
      838    7.934492e+01         h        28        27
      839   -7.270570e+01         g        28        28
      840    6.190376e+01         h        28        28
      841   -6.218211e+03         g        29         0
      842   -6.198919e+03         g        29         1
      843   -6.619698e+01         h        29         1
      844    1.086831e+03         g        29         2
      845    6.735294e+03         h        29         2
      846    1.422868e+03         g        29         3
      847    8.525465e+03         h        29         3
      848    2.399322e+03         g        29         4
      849    2.064704e+02         h        29         4
      850    3.031705e+03         g        29         5
      851    5.995779e+03         h        29         5
      852    2.558964e+03         g        29         6
      853    6.131587e+03         h        29         6
      854    3.772574e+03         g        29         7
      855    2.453099e+03         h        29         7
      856    2.472305e+03         g        29         8
      857    1.355272e+02         h        29         8
      858   -1.191602e+03         g        29         9
      859    1.996687e+03         h        29         9
      860   -1.935763e+03         g        29        10
      861    5.169323e+03         h        29        10
      862    1.662560e+03         g        29        11
      863    3.252862e+03         h        29        11
      864   -8.482805e+01         g        29        12
      865    8.156897e+02         h        29        12
      866   -2.305969e+03         g        29        13
      867    5.443073e+03         h        29        13
      868    1.587597e+03         g        29        14
      869    3.939826e+03         h        29        14
      870    3.314791e+02         g        29        15
      871    4.763331e+02         h        29        15
      872   -1.006706e+03         g        29        16
      873    2.460829e+03         h        29        16
      874    5.823948e+02         g        29        17
      875    2.679469e+03         h        29        17
      876    6.425024e+01         g        29        18
      877    4.472975e+02         h        29        18
      878   -7.890692e+02         g        29        19
      879    8.066449e+02         h        29        19
      880    1.350383e+02         g        29        20
      881    7.674099e+02         h        29        20
      882   -2.559189e+02         g        29        21
      883    1.757599e+02         h        29        21
      884   -3.148276e+02         g        29        22
      885    2.398739e+02         h        29        22
      886   -2.660744e+02         g        29        23
      887   -1.591224e+01         h        29        23
      888   -1.595742e+02         g        29        24
      889    3.214404e+01         h        29        24
      890   -2.410195e+01         g        29        25
      891   -1.881439e+01         h        29        25
      892    5.874471e+01         g        29        26
      893   -4.137217e+01         h        29        26
      894    4.698183e+01         g        29        27
      895   -5.147954e+01         h        29        27
      896    5.949340e+01         g        29        28
      897   -3.587941e+01         h        29        28
      898    4.013841e+01         g        29        29
      899    6.090053e+01         h        29        29
      900   -1.944741e+01         g        30         0
      901    9.038580e+02         g        30         1
      902    1.176259e+03         h        30         1
      903    3.557611e+03         g        30         2
      904   -1.508921e+03         h        30         2
      905    3.349970e+03         g        30         3
      906   -5.926480e+02         h        30         3
      907    2.366899e+03         g        30         4
      908   -1.781428e+03         h        30         4
      909    9.605517e+02         g        30         5
      910    1.143239e+03         h        30         5
      911    6.644937e+03         g        30         6
      912    1.234921e+03         h        30         6
      913    3.962444e+03         g        30         7
      914   -1.375722e+03         h        30         7
      915    1.639301e+03         g        30         8
      916   -2.771395e+03         h        30         8
      917    2.297607e+03         g        30         9
      918    3.735886e+02         h        30         9
      919    3.615975e+03         g        30        10
      920    2.142620e+03         h        30        10
      921    3.496509e+03         g        30        11
      922   -2.209215e+03         h        30        11
      923    1.697276e+03         g        30        12
      924   -1.281852e+03         h        30        12
      925    2.665292e+03         g        30        13
      926    1.967104e+03         h        30        13
      927    4.067054e+03         g        30        14
      928   -5.797166e+02         h        30        14
      929    1.087750e+03         g        30        15
      930   -1.996037e+03         h        30        15
      931    1.419839e+03         g        30        16
      932    7.379868e+02         h        30        16
      933    2.523108e+03         g        30        17
      934   -4.925096e+01         h        30        17
      935    6.787132e+02         g        30        18
      936   -6.233865e+02         h        30        18
      937    4.684981e+02         g        30        19
      938    1.602969e+02         h        30        19
      939    7.920580e+02         g        30        20
      940   -2.347763e+01         h        30        20
      941    2.482058e+02         g        30        21
      942   -5.367176e+01         h        30        21
      943    5.882761e+01         g        30        22
      944    2.288521e+02         h        30        22
      945    1.656704e+01         g        30        23
      946   -6.549089e-02         h        30        23
      947   -1.584032e+02         g        30        24
      948    7.342352e+01         h        30        24
      949   -2.199711e+01         g        30        25
      950    6.922985e+01         h        30        25
      951   -5.125458e+01         g        30        26
      952    2.574568e+01         h        30        26
      953   -1.463317e+01         g        30        27
      954   -1.966937e+01         h        30        27
      955   -2.467575e+01         g        30        28
      956   -4.168570e+01         h        30        28
      957   -1.782672e+01         g        30        29
      958   -4.102859e+01         h        30        29
      959    5.129365e+01         g        30        30
      960   -2.735871e+01         h        30        30
      961    3.065434e+03         g        31         0
      962    3.611112e+03         g        31         1
      963    4.361456e+02         h        31         1
      964   -4.548387e+02         g        31         2
      965   -7.267775e+03         h        31         2
      966   -3.095685e+02         g        31         3
      967   -6.023866e+03         h        31         3
      968   -2.381428e+03         g        31         4
      969   -7.727495e+02         h        31         4
      970   -3.903736e+03         g        31         5
      971   -2.244240e+03         h        31         5
      972    2.046026e+03         g        31         6
      973   -1.619309e+03         h        31         6
      974   -1.664789e+03         g        31         7
      975   -1.743476e+03         h        31         7
      976   -2.896217e+03         g        31         8
      977   -1.639083e+03         h        31         8
      978    8.309151e+02         g        31         9
      979   -1.623299e+02         h        31         9
      980    1.812496e+03         g        31        10
      981   -8.960976e+02         h        31        10
      982   -5.324608e+02         g        31        11
      983   -4.074208e+03         h        31        11
      984   -1.409886e+03         g        31        12
      985   -1.843067e+03         h        31        12
      986    1.657322e+03         g        31        13
      987   -1.290511e+03         h        31        13
      988    3.475356e+02         g        31        14
      989   -3.625248e+03         h        31        14
      990   -1.944985e+03         g        31        15
      991   -2.459844e+03         h        31        15
      992    7.857369e+01         g        31        16
      993   -1.009039e+03         h        31        16
      994    5.931174e+02         g        31        17
      995   -2.119830e+03         h        31        17
      996   -9.715418e+02         g        31        18
      997   -1.334991e+03         h        31        18
      998   -1.282060e+02         g        31        19
      999   -4.701222e+02         h        31        19
     1000    7.037737e+01         g        31        20
     1001   -1.001747e+03         h        31        20
     1002   -2.001648e+02         g        31        21
     1003   -3.772113e+02         h        31        21
     1004    3.263068e+01         g        31        22
     1005   -9.899418e+01         h        31        22
     1006   -2.037034e+01         g        31        23
     1007   -1.355525e+02         h        31        23
     1008   -1.010573e+02         g        31        24
     1009   -2.622398e+01         h        31        24
     1010    1.784105e+01         g        31        25
     1011    1.015186e+02         h        31        25
     1012    2.780254e+01         g        31        26
     1013    6.301239e+01         h        31        26
     1014    2.461720e+01         g        31        27
     1015    7.690899e+01         h        31        27
     1016   -6.149414e-01         g        31        28
     1017    1.599191e+01         h        31        28
     1018   -2.959998e+01         g        31        29
     1019    7.640545e+00         h        31        29
     1020   -2.662418e+01         g        31        30
     1021    7.346055e+00         h        31        30
     1022   -1.843572e+01         g        31        31
     1023   -4.555745e+01         h        31        31
     1024    2.461899e+03         g        32         0
     1025    1.875038e+03         g        32         1
     1026    1.445935e+03         h        32         1
     1027   -3.068754e+03         g        32         2
     1028   -4.807114e+03         h        32         2
     1029   -2.064528e+03         g        32         3
     1030   -3.021905e+03         h        32         3
     1031   -3.490573e+03         g        32         4
     1032    2.623364e+03         h        32         4
     1033   -3.895957e+03         g        32         5
     1034   -5.669520e+02         h        32         5
     1035   -1.490591e+03         g        32         6
     1036    3.618970e+01         h        32         6
     1037   -3.493697e+03         g        32         7
     1038    1.814376e+03         h        32         7
     1039   -2.898980e+03         g        32         8
     1040    2.661771e+03         h        32         8
     1041    1.765748e+01         g        32         9
     1042    1.825424e+03         h        32         9
     1043   -1.580563e+01         g        32        10
     1044    8.786637e+01         h        32        10
     1045   -2.704513e+03         g        32        11
     1046   -1.720627e+01         h        32        11
     1047   -2.322580e+03         g        32        12
     1048    1.413089e+03         h        32        12
     1049    5.986099e+01         g        32        13
     1050   -1.667213e+02         h        32        13
     1051   -2.372194e+03         g        32        14
     1052   -1.110856e+03         h        32        14
     1053   -3.200272e+03         g        32        15
     1054    1.059548e+03         h        32        15
     1055   -7.989535e+02         g        32        16
     1056    4.218525e+02         h        32        16
     1057   -1.327645e+03         g        32        17
     1058   -7.895426e+02         h        32        17
     1059   -1.821665e+03         g        32        18
     1060    4.868331e+02         h        32        18
     1061   -6.861759e+02         g        32        19
     1062    4.279147e+02         h        32        19
     1063   -7.113571e+02         g        32        20
     1064   -3.874865e+02         h        32        20
     1065   -6.747437e+02         g        32        21
     1066    1.385802e+02         h        32        21
     1067   -1.207876e+02         g        32        22
     1068    1.150101e+02         h        32        22
     1069   -2.137153e+02         g        32        23
     1070   -3.951863e+01         h        32        23
     1071   -1.129491e+02         g        32        24
     1072    2.985482e+01         h        32        24
     1073    2.661016e+00         g        32        25
     1074    3.800168e+01         h        32        25
     1075    8.951270e+01         g        32        26
     1076    3.906313e+01         h        32        26
     1077    8.584512e+01         g        32        27
     1078    2.458037e+01         h        32        27
     1079    7.477121e+01         g        32        28
     1080    3.534264e+00         h        32        28
     1081    2.208371e+01         g        32        29
     1082   -4.308484e+00         h        32        29
     1083    1.917567e-01         g        32        30
     1084    1.561523e+01         h        32        30
     1085    4.174616e+00         g        32        31
     1086    1.444621e+01         h        32        31
     1087   -4.090511e+01         g        32        32
     1088    1.024056e+01         h        32        32
     1089    1.177978e+03         g        33         0
     1090    6.456708e+01         g        33         1
     1091    1.413281e+03         h        33         1
     1092   -8.293945e+02         g        33         2
     1093    3.781981e+02         h        33         2
     1094    1.039507e+02         g        33         3
     1095    7.529685e+02         h        33         3
     1096    7.826718e+01         g        33         4
     1097    2.385662e+03         h        33         4
     1098    3.834930e+02         g        33         5
     1099    3.666537e+02         h        33         5
     1100   -1.034175e+03         g        33         6
     1101    3.132627e+02         h        33         6
     1102   -4.836372e+02         g        33         7
     1103    2.128988e+03         h        33         7
     1104    9.720801e+02         g        33         8
     1105    3.140691e+03         h        33         8
     1106    1.215151e+03         g        33         9
     1107    1.027468e+03         h        33         9
     1108    8.169596e+02         g        33        10
     1109    4.331546e+02         h        33        10
     1110   -4.031414e+02         g        33        11
     1111    2.446217e+03         h        33        11
     1112    6.593934e+02         g        33        12
     1113    2.671973e+03         h        33        12
     1114    1.173867e+03         g        33        13
     1115    4.644434e+02         h        33        13
     1116   -7.735530e+02         g        33        14
     1117    1.451245e+03         h        33        14
     1118   -1.683355e+02         g        33        15
     1119    3.008143e+03         h        33        15
     1120    8.845799e+02         g        33        16
     1121    1.288859e+03         h        33        16
     1122   -3.476698e+02         g        33        17
     1123    6.238529e+02         h        33        17
     1124   -1.528880e+02         g        33        18
     1125    1.820460e+03         h        33        18
     1126    4.355264e+02         g        33        19
     1127    9.805945e+02         h        33        19
     1128   -2.469658e+02         g        33        20
     1129    4.084606e+02         h        33        20
     1130   -7.032329e+01         g        33        21
     1131    6.528558e+02         h        33        21
     1132    1.823019e+02         g        33        22
     1133    3.345574e+02         h        33        22
     1134   -5.438756e+01         g        33        23
     1135    1.683434e+02         h        33        23
     1136   -1.311681e+01         g        33        24
     1137    1.481549e+02         h        33        24
     1138    2.486534e+01         g        33        25
     1139    1.423819e+01         h        33        25
     1140    5.369293e+01         g        33        26
     1141    1.375720e+01         h        33        26
     1142    7.852147e+01         g        33        27
     1143   -3.672931e+01         h        33        27
     1144    4.247396e+01         g        33        28
     1145   -4.814011e+01         h        33        28
     1146    1.935489e+01         g        33        29
     1147   -5.287666e+01         h        33        29
     1148   -2.659714e+00         g        33        30
     1149   -2.474557e+01         h        33        30
     1150    7.102884e+00         g        33        31
     1151   -1.260819e+00         h        33        31
     1152    7.925147e+00         g        33        32
     1153   -5.242171e+00         h        33        32
     1154    3.143040e+00         g        33        33
     1155    3.563344e+01         h        33        33
     1156   -1.291493e+03         g        34         0
     1157   -5.532478e+02         g        34         1
     1158   -7.822576e+02         h        34         1
     1159    1.476287e+03         g        34         2
     1160    3.079149e+03         h        34         2
     1161    1.051373e+03         g        34         3
     1162    1.410093e+03         h        34         3
     1163    1.970245e+03         g        34         4
     1164   -1.127793e+03         h        34         4
     1165    2.219715e+03         g        34         5
     1166   -1.167395e+02         h        34         5
     1167   -7.687525e+02         g        34         6
     1168   -1.219944e+03         h        34         6
     1169    1.097869e+03         g        34         7
     1170   -7.506136e+02         h        34         7
     1171    1.840386e+03         g        34         8
     1172   -3.476464e+02         h        34         8
     1173    2.814856e+01         g        34         9
     1174   -1.655494e+03         h        34         9
     1175    2.370079e+01         g        34        10
     1176   -9.056695e+02         h        34        10
     1177    1.099172e+03         g        34        11
     1178    8.755930e+02         h        34        11
     1179    1.736403e+03         g        34        12
     1180    5.092233e+01         h        34        12
     1181    8.171479e+02         g        34        13
     1182   -1.071563e+03         h        34        13
     1183    6.670637e+02         g        34        14
     1184    6.858579e+02         h        34        14
     1185    2.184384e+03         g        34        15
     1186    8.717981e+02         h        34        15
     1187    1.353908e+03         g        34        16
     1188   -5.655999e+02         h        34        16
     1189    5.235721e+02         g        34        17
     1190    5.717118e+00         h        34        17
     1191    1.303798e+03         g        34        18
     1192    5.117259e+02         h        34        18
     1193    1.071917e+03         g        34        19
     1194   -1.449771e+02         h        34        19
     1195    2.529347e+02         g        34        20
     1196    4.674241e+01         h        34        20
     1197    5.560432e+02         g        34        21
     1198    2.001392e+02         h        34        21
     1199    4.189192e+02         g        34        22
     1200   -1.094182e+02         h        34        22
     1201    1.384150e+02         g        34        23
     1202    8.416626e+01         h        34        23
     1203    1.518846e+02         g        34        24
     1204    6.199613e+01         h        34        24
     1205    4.894539e+01         g        34        25
     1206   -3.201165e+01         h        34        25
     1207    2.846272e+01         g        34        26
     1208    1.527109e+00         h        34        26
     1209    4.311733e+01         g        34        27
     1210   -2.416817e+01         h        34        27
     1211   -8.356468e+00         g        34        28
     1212   -3.910309e+01         h        34        28
     1213   -2.318897e+01         g        34        29
     1214   -2.933011e+01         h        34        29
     1215   -3.524279e+01         g        34        30
     1216   -2.078961e+01         h        34        30
     1217   -2.187506e+01         g        34        31
     1218   -3.754575e+00         h        34        31
     1219   -3.361561e+00         g        34        32
     1220   -3.287957e+00         h        34        32
     1221   -5.890773e+00         g        34        33
     1222   -6.008674e+00         h        34        33
     1223    2.968886e+01         g        34        34
     1224    2.710971e+00         h        34        34
     1225   -1.927608e+03         g        35         0
     1226   -4.445006e+02         g        35         1
     1227   -1.265115e+03         h        35         1
     1228    1.000687e+03         g        35         2
     1229    2.116061e+03         h        35         2
     1230    8.231150e+01         g        35         3
     1231    7.553362e+02         h        35         3
     1232    8.154854e+02         g        35         4
     1233   -1.833621e+03         h        35         4
     1234    8.559779e+02         g        35         5
     1235    1.513346e+02         h        35         5
     1236   -7.402487e+02         g        35         6
     1237   -9.472826e+02         h        35         6
     1238    2.872070e+02         g        35         7
     1239   -1.388676e+03         h        35         7
     1240    1.509432e+02         g        35         8
     1241   -1.652352e+03         h        35         8
     1242   -1.588296e+03         g        35         9
     1243   -1.516393e+03         h        35         9
     1244   -1.312204e+03         g        35        10
     1245   -7.858544e+02         h        35        10
     1246    2.312642e+02         g        35        11
     1247   -4.204598e+02         h        35        11
     1248    1.289415e+02         g        35        12
     1249   -1.369980e+03         h        35        12
     1250   -1.049127e+03         g        35        13
     1251   -1.177904e+03         h        35        13
     1252    5.427232e+01         g        35        14
     1253   -2.746351e+02         h        35        14
     1254    1.157948e+03         g        35        15
     1255   -9.995239e+02         h        35        15
     1256   -2.343561e+02         g        35        16
     1257   -1.472827e+03         h        35        16
     1258   -2.387210e+02         g        35        17
     1259   -4.598505e+02         h        35        17
     1260    7.276991e+02         g        35        18
     1261   -7.633330e+02         h        35        18
     1262    1.276817e+02         g        35        19
     1263   -9.283835e+02         h        35        19
     1264   -9.184386e+01         g        35        20
     1265   -2.775789e+02         h        35        20
     1266    2.712384e+02         g        35        21
     1267   -3.413497e+02         h        35        21
     1268    8.016025e+01         g        35        22
     1269   -4.535510e+02         h        35        22
     1270    1.636903e+01         g        35        23
     1271   -6.899242e+01         h        35        23
     1272    1.260832e+02         g        35        24
     1273   -6.435570e+01         h        35        24
     1274   -2.139019e+00         g        35        25
     1275   -8.339508e+01         h        35        25
     1276    1.832311e+01         g        35        26
     1277   -3.890472e+00         h        35        26
     1278    3.391334e+01         g        35        27
     1279   -8.368554e+00         h        35        27
     1280   -1.340656e+00         g        35        28
     1281   -1.078988e+00         h        35        28
     1282   -1.696324e+01         g        35        29
     1283    1.185806e+01         h        35        29
     1284   -2.397152e+01         g        35        30
     1285    1.135806e+01         h        35        30
     1286   -1.765445e+01         g        35        31
     1287    1.741693e+01         h        35        31
     1288   -9.638280e+00         g        35        32
     1289    1.493462e+01         h        35        32
     1290   -1.732622e+00         g        35        33
     1291    4.600090e+00         h        35        33
     1292   -6.747485e+00         g        35        34
     1293    6.019622e+00         h        35        34
     1294    6.941450e+00         g        35        35
     1295   -2.290857e+01         h        35        35