      IND             SHC     g | h         n         m
        1    4.109034e+05         g         1         0
        2   -7.128818e+04         g         1         1
        3    2.107995e+04         h         1         1
        4    1.178424e+04         g         2         0
        5   -5.698770e+04         g         2         1
        6   -4.269755e+04         h         2         1
        7    4.824616e+04         g         2         2
        8    2.024027e+04         h         2         2
        9    2.748232e+03         g         3         0
       10   -3.738987e+04         g         3         1
       11   -3.274472e+04         h         3         1
       12    1.536239e+04         g         3         2
       13    4.240877e+04         h         3         2
       14   -1.623470e+03         g         3         3
       15   -2.748257e+04         h         3         3
       16   -3.414576e+04         g         4         0
       17   -8.235105e+03         g         4         1
       18    3.189286e+04         h         4         1
       19   -2.606596e+03         g         4         2
       20    2.781639e+04         h         4         2
       21   -1.074868e+04         g         4         3
       22   -6.336619e+02         h         4         3
       23   -1.801354e+04         g         4         4
       24   -1.261119e+03         h         4         4
       25   -1.903558e+04         g         5         0
       26    4.641943e+03         g         5         1
       27    4.619911e+04         h         5         1
       28    1.656219e+04         g         5         2
       29   -1.381313e+03         h         5         2
       30   -1.744548e+04         g         5         3
       31    5.953784e+03         h         5         3
       32   -2.546966e+03         g         5         4
       33    1.054396e+04         h         5         4
       34   -4.901023e+03         g         5         5
       35    1.012482e+04         h         5         5
       36   -2.008883e+04         g         6         0
       37    9.301165e+03         g         6         1
       38    1.274937e+04         h         6         1
       39    1.205895e+04         g         6         2
       40   -9.230496e+03         h         6         2
       41   -1.225843e+04         g         6         3
       42   -2.271798e+02         h         6         3
       43    2.648689e+03         g         6         4
       44    1.379676e+04         h         6         4
       45    1.419857e+03         g         6         5
       46   -3.697234e+03         h         6         5
       47    8.096480e+03         g         6         6
       48    4.729642e+03         h         6         6
       49   -1.918995e+03         g         7         0
       50    6.262069e+03         g         7         1
       51   -6.147045e+03         h         7         1
       52   -6.714651e+03         g         7         2
       53   -1.245320e+04         h         7         2
       54   -1.975355e+03         g         7         3
       55    1.996040e+03         h         7         3
       56   -6.947501e+03         g         7         4
       57    5.412883e+03         h         7         4
       58    3.248788e+03         g         7         5
       59   -6.637657e+03         h         7         5
       60   -2.480918e+03         g         7         6
       61   -1.930340e+03         h         7         6
       62    3.630590e+03         g         7         7
       63   -5.914914e+03         h         7         7
       64    1.254169e+04         g         8         0
       65    2.943903e+02         g         8         1
       66   -3.935085e+03         h         8         1
       67   -7.472954e+03         g         8         2
       68   -1.166811e+04         h         8         2
       69    3.416328e+02         g         8         3
       70    1.039483e+04         h         8         3
       71   -4.822752e+03         g         8         4
       72   -1.729495e+03         h         8         4
       73   -1.615258e+03         g         8         5
       74    2.273389e+03         h         8         5
       75   -4.356810e+03         g         8         6
       76   -3.262455e+03         h         8         6
       77   -1.380442e+03         g         8         7
       78    9.937782e+02         h         8         7
       79   -3.057533e+03         g         8         8
       80   -3.127766e+03         h         8         8
       81    6.309672e+03         g         9         0
       82   -2.203107e+03         g         9         1
       83   -6.638561e+03         h         9         1
       84    1.200703e+03         g         9         2
       85   -2.023254e+03         h         9         2
       86    7.226038e+02         g         9         3
       87    6.515238e+03         h         9         3
       88    3.548507e+03         g         9         4
       89   -1.401510e+03         h         9         4
       90   -2.709685e+03         g         9         5
       91    3.720622e+03         h         9         5
       92    1.480736e+03         g         9         6
       93   -1.856560e+02         h         9         6
       94   -1.501424e+03         g         9         7
       95    1.870297e+03         h         9         7
       96    1.359727e+03         g         9         8
       97    8.890032e+02         h         9         8
       98   -2.270253e+03         g         9         9
       99    1.865536e+03         h         9         9
      100   -1.361060e+03         g        10         0
      101    9.465296e+02         g        10         1
      102   -6.521140e+03         h        10         1
      103    1.959654e+03         g        10         2
      104    5.626284e+03         h        10         2
      105    4.226228e+03         g        10         3
      106   -2.082338e+03         h        10         3
      107    4.031193e+03         g        10         4
      108   -1.567129e+03         h        10         4
      109    3.829970e+02         g        10         5
      110   -3.243398e+02         h        10         5
      111    1.982167e+03         g        10         6
      112   -8.159231e+02         h        10         6
      113    7.831502e+02         g        10         7
      114   -1.583754e+03         h        10         7
      115    2.517872e+03         g        10         8
      116    4.706992e+02         h        10         8
      117    8.620733e+02         g        10         9
      118   -7.888203e+02         h        10         9
      119    1.156253e+03         g        10        10
      120    1.571714e+03         h        10        10
      121   -1.456268e+02         g        11         0
      122    3.554839e+03         g        11         1
      123    5.242823e+02         h        11         1
      124   -1.161790e+03         g        11         2
      125    4.832606e+03         h        11         2
      126    4.170693e+03         g        11         3
      127   -3.987168e+03         h        11         3
      128    3.675408e+02         g        11         4
      129   -3.120722e+03         h        11         4
      130    4.436827e+02         g        11         5
      131   -3.636747e+02         h        11         5
      132   -1.080170e+03         g        11         6
      133   -2.757323e+03         h        11         6
      134   -3.735684e+02         g        11         7
      135   -1.445694e+03         h        11         7
      136    8.121805e+02         g        11         8
      137   -1.754703e+03         h        11         8
      138    2.434926e+02         g        11         9
      139   -1.576301e+03         h        11         9
      140   -2.267755e+02         g        11        10
      141   -6.454660e+02         h        11        10
      142    1.002922e+03         g        11        11
      143   -5.380467e+02         h        11        11
      144    1.593748e+03         g        12         0
      145    2.000317e+03         g        12         1
      146    4.770573e+03         h        12         1
      147   -6.732477e+02         g        12         2
      148    1.645547e+03         h        12         2
      149    2.572533e+02         g        12         3
      150   -1.702620e+03         h        12         3
      151   -6.048357e+02         g        12         4
      152   -1.003765e+03         h        12         4
      153   -9.240810e+02         g        12         5
      154    1.149182e+03         h        12         5
      155   -1.170298e+03         g        12         6
      156   -1.175841e+03         h        12         6
      157   -1.962634e+03         g        12         7
      158    7.785733e+02         h        12         7
      159    4.561958e+02         g        12         8
      160   -8.905162e+02         h        12         8
      161   -1.386670e+03         g        12         9
      162   -5.931506e+02         h        12         9
      163   -7.036038e+02         g        12        10
      164   -8.678965e+00         h        12        10
      165   -6.387872e+02         g        12        11
      166    4.456138e+01         h        12        11
      167   -2.174286e+02         g        12        12
      168   -5.748196e+02         h        12        12
      169    5.572915e+02         g        13         0
      170   -6.921045e+02         g        13         1
      171    3.161497e+03         h        13         1
      172    1.192507e+03         g        13         2
      173    3.162425e+02         h        13         2
      174   -1.721629e+03         g        13         3
      175   -1.193520e+02         h        13         3
      176    1.598853e+01         g        13         4
      177    1.945913e+03         h        13         4
      178    2.070487e+02         g        13         5
      179    3.289651e+02         h        13         5
      180    1.461126e+02         g        13         6
      181    1.006902e+03         h        13         6
      182   -7.258036e+02         g        13         7
      183    1.073517e+03         h        13         7
      184    1.085964e+03         g        13         8
      185    3.946585e+02         h        13         8
      186   -6.338616e+02         g        13         9
      187   -1.567910e+02         h        13         9
      188   -8.234604e+01         g        13        10
      189    1.112690e+03         h        13        10
      190   -2.837184e+02         g        13        11
      191    4.996812e+02         h        13        11
      192   -7.764655e+01         g        13        12
      193    5.115869e+02         h        13        12
      194   -3.347016e+02         g        13        13
      195    1.887109e+01         h        13        13
      196    1.105205e+02         g        14         0
      197   -1.783982e+03         g        14         1
      198    8.828622e+00         h        14         1
      199    9.662560e+02         g        14         2
      200   -2.526532e+02         h        14         2
      201   -1.047855e+03         g        14         3
      202    3.583296e+02         h        14         3
      203   -1.289481e+02         g        14         4
      204    1.485309e+03         h        14         4
      205    1.307774e+03         g        14         5
      206   -9.893572e+02         h        14         5
      207    4.563082e+01         g        14         6
      208    8.130029e+02         h        14         6
      209    6.450255e+02         g        14         7
      210    1.190995e+02         h        14         7
      211    7.011446e+02         g        14         8
      212   -2.348517e+02         h        14         8
      213    2.607930e+02         g        14         9
      214   -4.079985e+02         h        14         9
      215    3.698831e+02         g        14        10
      216    4.888106e+02         h        14        10
      217    3.886267e+02         g        14        11
      218    2.602120e+02         h        14        11
      219    2.950721e+02         g        14        12
      220    3.149420e+02         h        14        12
      221    2.964471e+02         g        14        13
      222    1.028150e+02         h        14        13
      223   -5.979918e+01         g        14        14
      224    1.870539e+02         h        14        14
      225    1.327720e+02         g        15         0
      226   -1.523064e+03         g        15         1
      227   -1.448744e+03         h        15         1
      228   -3.390442e+02         g        15         2
      229   -6.238977e+02         h        15         2
      230   -4.445704e+02         g        15         3
      231    6.105783e+02         h        15         3
      232   -6.028221e+02         g        15         4
      233   -1.666388e+02         h        15         4
      234    2.521997e+02         g        15         5
      235   -7.567932e+02         h        15         5
      236   -5.811744e+02         g        15         6
      237    1.750750e+02         h        15         6
      238    3.733436e+02         g        15         7
      239   -1.581728e+02         h        15         7
      240   -3.426136e+02         g        15         8
      241   -6.816444e+02         h        15         8
      242   -1.858018e+02         g        15         9
      243   -2.869978e+02         h        15         9
      244    2.024527e+02         g        15        10
      245   -1.396378e+02         h        15        10
      246   -1.073336e+01         g        15        11
      247   -1.078251e+02         h        15        11
      248    2.276456e+02         g        15        12
      249   -4.593431e+01         h        15        12
      250    1.335968e+02         g        15        13
      251   -1.727795e+02         h        15        13
      252    1.199183e+02         g        15        14
      253   -1.689740e+02         h        15        14
      254    8.853980e+01         g        15        15
      255    7.464509e+01         h        15        15
      256   -6.443305e+02         g        16         0
      257   -7.046363e+02         g        16         1
      258   -9.176168e+02         h        16         1
      259   -6.865037e+02         g        16         2
      260   -3.991261e+02         h        16         2
      261   -2.960871e+02         g        16         3
      262    6.548951e+02         h        16         3
      263   -4.305377e+02         g        16         4
      264   -3.113985e+02         h        16         4
      265   -7.697263e+02         g        16         5
      266    2.116635e+02         h        16         5
      267   -2.967152e+02         g        16         6
      268    3.982562e+02         h        16         6
      269    5.502519e+01         g        16         7
      270    1.418856e+02         h        16         7
      271   -7.209715e+02         g        16         8
      272   -1.917688e+01         h        16         8
      273   -3.808841e+02         g        16         9
      274    2.771557e+02         h        16         9
      275    2.812343e+01         g        16        10
      276    1.145075e+02         h        16        10
      277   -2.815836e+02         g        16        11
      278   -3.772579e+01         h        16        11
      279   -6.668791e+01         g        16        12
      280    2.277976e+02         h        16        12
      281   -8.954254e+01         g        16        13
      282   -1.812823e+02         h        16        13
      283   -7.053032e+01         g        16        14
      284   -7.760440e+01         h        16        14
      285   -8.469176e+01         g        16        15
      286   -1.253470e+02         h        16        15
      287    7.764171e+01         g        16        16
      288   -2.769240e+01         h        16        16
      289   -9.773327e+02         g        17         0
      290    2.447605e+02         g        17         1
      291    1.971002e+02         h        17         1
      292   -8.949233e+01         g        17         2
      293   -5.677336e+01         h        17         2
      294    1.053027e+02         g        17         3
      295    2.436722e+02         h        17         3
      296    1.759636e+02         g        17         4
      297    5.607206e+01         h        17         4
      298   -4.127600e+02         g        17         5
      299    4.850554e+02         h        17         5
      300    4.345203e+02         g        17         6
      301    3.145501e+02         h        17         6
      302    3.200974e+02         g        17         7
      303    9.423896e+01         h        17         7
      304   -3.252883e+02         g        17         8
      305    3.357851e+02         h        17         8
      306    1.427369e+02         g        17         9
      307    4.858903e+02         h        17         9
      308    1.914386e+02         g        17        10
      309    1.522719e+02         h        17        10
      310    4.409748e+01         g        17        11
      311    1.274309e+02         h        17        11
      312   -3.122371e+01         g        17        12
      313    3.405879e+02         h        17        12
      314    7.432246e+01         g        17        13
      315    4.915438e+01         h        17        13
      316   -1.097497e+02         g        17        14
      317    4.925911e+01         h        17        14
      318   -4.316734e+01         g        17        15
      319   -1.159970e+01         h        17        15
      320   -8.955778e+01         g        17        16
      321    3.624312e+01         h        17        16
      322    1.719917e+00         g        17        17
      323   -6.955416e+01         h        17        17
      324   -2.327966e+02         g        18         0
      325    7.550999e+02         g        18         1
      326    5.320596e+02         h        18         1
      327    2.923927e+02         g        18         2
      328   -9.439468e+01         h        18         2
      329    3.870848e+02         g        18         3
      330   -3.489012e+02         h        18         3
      331    4.063167e+02         g        18         4
      332   -1.258665e+02         h        18         4
      333    7.124451e+01         g        18         5
      334    5.761299e+01         h        18         5
      335    5.338466e+02         g        18         6
      336   -3.010394e+02         h        18         6
      337    2.142738e+02         g        18         7
      338   -2.823620e+02         h        18         7
      339    2.164916e+01         g        18         8
      340    4.820397e+01         h        18         8
      341    3.204479e+02         g        18         9
      342    1.359103e+02         h        18         9
      343    2.516698e+02         g        18        10
      344   -2.226657e+02         h        18        10
      345    1.648549e+02         g        18        11
      346   -8.734845e+00         h        18        11
      347    1.313482e+02         g        18        12
      348    4.549901e+01         h        18        12
      349    1.406434e+02         g        18        13
      350    5.129744e+01         h        18        13
      351    4.972083e+01         g        18        14
      352   -4.190304e+01         h        18        14
      353    1.683712e+01         g        18        15
      354    2.074119e+01         h        18        15
      355   -1.215795e+01         g        18        16
      356    1.562845e+01         h        18        16
      357    9.989015e+00         g        18        17
      358    5.571831e+01         h        18        17
      359   -5.544845e+01         g        18        18
      360   -1.600959e+01         h        18        18
      361    3.964269e+02         g        19         0
      362    5.607625e+02         g        19         1
      363    1.550390e+02         h        19         1
      364    9.825240e+01         g        19         2
      365   -1.949047e+02         h        19         2
      366    1.790381e+02         g        19         3
      367   -4.871430e+02         h        19         3
      368    1.110427e+02         g        19         4
      369   -2.398943e+02         h        19         4
      370   -2.221091e+00         g        19         5
      371   -2.125873e+02         h        19         5
      372    3.619823e+01         g        19         6
      373   -4.677232e+02         h        19         6
      374   -2.592552e+02         g        19         7
      375   -3.237465e+02         h        19         7
      376    9.222424e+00         g        19         8
      377   -3.899774e+01         h        19         8
      378    2.062042e+01         g        19         9
      379   -1.566207e+02         h        19         9
      380   -2.136827e+01         g        19        10
      381   -2.774645e+02         h        19        10
      382   -4.179282e+01         g        19        11
      383   -1.426605e+02         h        19        11
      384    4.623182e+01         g        19        12
      385   -1.094815e+02         h        19        12
      386   -1.978785e+01         g        19        13
      387   -6.566223e+01         h        19        13
      388    4.475476e+01         g        19        14
      389   -8.218191e+01         h        19        14
      390   -3.061093e+01         g        19        15
      391   -9.051721e+01         h        19        15
      392    1.937165e+01         g        19        16
      393   -1.237873e+01         h        19        16
      394    4.315413e+00         g        19        17
      395    7.360859e+00         h        19        17
      396    3.469053e+01         g        19        18
      397    5.303718e+00         h        19        18
      398   -2.024763e+01         g        19        19
      399    3.988079e+01         h        19        19
      400    3.160614e+02         g        20         0
      401    8.448735e+01         g        20         1
      402   -1.277725e+02         h        20         1
      403   -1.167764e+02         g        20         2
      404   -4.296913e+01         h        20         2
      405   -8.978372e+01         g        20         3
      406   -9.263237e+01         h        20         3
      407   -1.307600e+02         g        20         4
      408    2.476520e+01         h        20         4
      409   -4.070111e+01         g        20         5
      410   -5.714226e+01         h        20         5
      411   -2.645105e+02         g        20         6
      412   -9.044599e+01         h        20         6
      413   -3.332235e+02         g        20         7
      414    2.123822e+01         h        20         7
      415    1.273340e+01         g        20         8
      416    1.474200e+02         h        20         8
      417   -9.548007e+01         g        20         9
      418   -8.924427e+01         h        20         9
      419   -2.154129e+02         g        20        10
      420    6.448450e-01         h        20        10
      421   -8.927334e+01         g        20        11
      422   -1.867862e+01         h        20        11
      423   -7.958826e+01         g        20        12
      424   -1.994325e+01         h        20        12
      425   -8.806548e+01         g        20        13
      426   -9.625546e+00         h        20        13
      427   -5.340534e+01         g        20        14
      428    5.836741e+00         h        20        14
      429   -5.816510e+01         g        20        15
      430   -7.838776e+01         h        20        15
      431   -5.493807e+01         g        20        16
      432    2.660468e+00         h        20        16
      433   -3.063206e+00         g        20        17
      434   -2.080091e+01         h        20        17
      435    9.270478e+00         g        20        18
      436    7.813522e+00         h        20        18
      437    9.994116e+00         g        20        19
      438   -2.010102e+01         h        20        19
      439    2.818961e+01         g        20        20
      440    2.081228e+01         h        20        20
      441    6.751726e+01         g        21         0
      442   -1.781524e+02         g        21         1
      443   -1.267120e+02         h        21         1
      444   -4.015398e+01         g        21         2
      445    1.481726e+02         h        21         2
      446   -7.621539e+01         g        21         3
      447    2.358663e+02         h        21         3
      448   -4.290184e+01         g        21         4
      449    1.561342e+02         h        21         4
      450    1.447652e+02         g        21         5
      451    8.764224e+01         h        21         5
      452   -1.294272e+02         g        21         6
      453    1.524057e+02         h        21         6
      454   -2.242301e+01         g        21         7
      455    2.101933e+02         h        21         7
      456    1.565528e+02         g        21         8
      457    1.167047e+02         h        21         8
      458    3.173667e+01         g        21         9
      459    7.661203e+00         h        21         9
      460   -1.010933e+02         g        21        10
      461    1.182235e+02         h        21        10
      462    4.421721e+01         g        21        11
      463    9.434011e+01         h        21        11
      464   -1.525215e+01         g        21        12
      465    1.142506e+01         h        21        12
      466   -9.189357e+00         g        21        13
      467    7.892712e+01         h        21        13
      468   -2.228578e+01         g        21        14
      469    4.758840e+01         h        21        14
      470   -1.661346e+01         g        21        15
      471    1.115764e+01         h        21        15
      472   -5.143235e+01         g        21        16
      473    1.532037e+01         h        21        16
      474   -7.032443e-01         g        21        17
      475    2.222651e+01         h        21        17
      476   -1.101624e+01         g        21        18
      477    8.076090e+00         h        21        18
      478    9.157760e+00         g        21        19
      479   -6.487212e+00         h        21        19
      480   -9.552980e+00         g        21        20
      481   -8.321869e+00         h        21        20
      482    1.792167e+01         g        21        21
      483   -1.875250e+01         h        21        21
      484   -1.657481e+01         g        22         0
      485   -1.789701e+02         g        22         1
      486   -1.005842e+02         h        22         1
      487    6.869474e+01         g        22         2
      488    1.492111e+02         h        22         2
      489    2.554909e+01         g        22         3
      490    1.684763e+02         h        22         3
      491    6.274929e+01         g        22         4
      492    8.101577e+00         h        22         4
      493    1.641301e+02         g        22         5
      494    1.316534e+01         h        22         5
      495    3.687155e+01         g        22         6
      496    8.179250e+01         h        22         6
      497    1.387883e+02         g        22         7
      498    7.928942e+01         h        22         7
      499    1.624982e+02         g        22         8
      500   -9.502846e+01         h        22         8
      501    4.754869e+01         g        22         9
      502   -4.598847e+01         h        22         9
      503    3.983929e+01         g        22        10
      504    2.971055e+01         h        22        10
      505    6.931848e+01         g        22        11
      506    1.602097e+01         h        22        11
      507    5.805218e+01         g        22        12
      508   -5.206742e+01         h        22        12
      509    2.996666e+01         g        22        13
      510    2.637782e+01         h        22        13
      511    4.097040e+01         g        22        14
      512    3.242399e+00         h        22        14
      513    1.159154e+01         g        22        15
      514    1.378182e+01         h        22        15
      515    5.667396e+00         g        22        16
      516   -2.023720e+00         h        22        16
      517    5.722485e+00         g        22        17
      518    2.163785e+01         h        22        17
      519    1.347632e+01         g        22        18
      520    1.131417e+01         h        22        18
      521    5.034472e+00         g        22        19
      522    9.179070e+00         h        22        19
      523   -4.692697e+00         g        22        20
      524   -6.086382e+00         h        22        20
      525   -6.484217e+00         g        22        21
      526    3.618522e+00         h        22        21
      527   -1.240318e+01         g        22        22
      528   -1.369903e+01         h        22        22
      529   -5.498638e+01         g        23         0
      530   -8.843243e+01         g        23         1
      531   -6.533044e+01         h        23         1
      532    1.825783e+01         g        23         2
      533    4.927991e+01         h        23         2
      534    1.868963e+01         g        23         3
      535   -1.200396e+01         h        23         3
      536   -5.967272e+00         g        23         4
      537   -7.703189e+01         h        23         4
      538   -1.994302e+01         g        23         5
      539   -4.960084e+01         h        23         5
      540    2.288039e+01         g        23         6
      541    4.000286e+00         h        23         6
      542    5.651649e+01         g        23         7
      543   -4.716451e+01         h        23         7
      544   -1.438986e+01         g        23         8
      545   -1.419540e+02         h        23         8
      546   -5.361363e+01         g        23         9
      547   -6.055238e+01         h        23         9
      548    2.372330e+01         g        23        10
      549   -8.452677e+00         h        23        10
      550   -2.009408e+01         g        23        11
      551   -6.060749e+01         h        23        11
      552    1.706069e+00         g        23        12
      553   -4.742619e+01         h        23        12
      554   -5.817276e+00         g        23        13
      555   -4.060288e+01         h        23        13
      556    1.089544e+01         g        23        14
      557   -2.083175e+01         h        23        14
      558   -6.446545e+00         g        23        15
      559   -1.496844e+01         h        23        15
      560    8.787789e+00         g        23        16
      561   -1.643247e+01         h        23        16
      562   -5.431448e-01         g        23        17
      563   -1.036374e+01         h        23        17
      564    1.568654e+01         g        23        18
      565    4.871906e+00         h        23        18
      566    1.094787e+01         g        23        19
      567   -1.823427e+00         h        23        19
      568    5.559300e+00         g        23        20
      569    8.727792e-01         h        23        20
      570   -4.713629e+00         g        23        21
      571    2.793867e+00         h        23        21
      572    2.420591e-01         g        23        22
      573    5.442351e+00         h        23        22
      574   -1.090111e+01         g        23        23
      575    7.248481e+00         h        23        23
      576   -7.246621e+01         g        24         0
      577    6.481031e-01         g        24         1
      578    4.771976e+01         h        24         1
      579   -5.027859e+01         g        24         2
      580   -1.382876e+01         h        24         2
      581   -1.998921e+01         g        24         3
      582   -4.296689e+01         h        24         3
      583   -6.977477e+01         g        24         4
      584    1.410248e+00         h        24         4
      585   -1.069740e+02         g        24         5
      586    9.429751e+00         h        24         5
      587   -7.994399e+00         g        24         6
      588    2.541770e+01         h        24         6
      589   -1.199016e+01         g        24         7
      590   -1.513227e+01         h        24         7
      591   -1.162138e+02         g        24         8
      592   -1.968993e+01         h        24         8
      593   -6.342962e+01         g        24         9
      594    3.008429e+01         h        24         9
      595   -8.585241e+00         g        24        10
      596    3.216877e+01         h        24        10
      597   -4.720652e+01         g        24        11
      598   -1.469583e+01         h        24        11
      599   -4.942247e+01         g        24        12
      600    2.398979e+01         h        24        12
      601   -1.588357e+01         g        24        13
      602   -1.441274e+01         h        24        13
      603   -2.850510e+01         g        24        14
      604    4.686347e+00         h        24        14
      605   -1.723119e+01         g        24        15
      606    7.440145e+00         h        24        15
      607   -1.018970e+01         g        24        16
      608   -3.004345e+00         h        24        16
      609   -1.061586e+01         g        24        17
      610   -9.768190e+00         h        24        17
      611   -1.359961e+00         g        24        18
      612    1.443663e+00         h        24        18
      613    8.384463e+00         g        24        19
      614   -4.775985e+00         h        24        19
      615    2.184139e+00         g        24        20
      616   -3.272484e+00         h        24        20
      617    1.707461e+00         g        24        21
      618   -3.578698e+00         h        24        21
      619    1.463741e+00         g        24        22
      620    3.726152e+00         h        24        22
      621    3.399089e+00         g        24        23
      622    7.797821e-01         h        24        23
      623    3.875880e+00         g        24        24
      624    7.834718e+00         h        24        24
      625   -1.107552e+01         g        25         0
      626    5.252129e+01         g        25         1
      627    1.146307e+02         h        25         1
      628   -1.846857e+01         g        25         2
      629   -3.854274e+01         h        25         2
      630   -7.848076e+00         g        25         3
      631   -9.124924e+00         h        25         3
      632   -1.565159e+01         g        25         4
      633    5.302987e+01         h        25         4
      634   -3.603125e+01         g        25         5
      635    4.475041e+01         h        25         5
      636    2.903777e+01         g        25         6
      637    2.048418e+01         h        25         6
      638    9.329808e+00         g        25         7
      639    2.244252e+01         h        25         7
      640   -5.352909e+01         g        25         8
      641    5.194677e+01         h        25         8
      642    1.405580e+01         g        25         9
      643    7.075141e+01         h        25         9
      644    2.755517e+01         g        25        10
      645    2.463559e+01         h        25        10
      646    1.547077e+00         g        25        11
      647    3.318522e+01         h        25        11
      648   -1.179184e+01         g        25        12
      649    4.537670e+01         h        25        12
      650    1.544946e+01         g        25        13
      651    1.857730e+01         h        25        13
      652   -6.914001e+00         g        25        14
      653    1.707871e+01         h        25        14
      654    3.679852e+00         g        25        15
      655    2.924791e+01         h        25        15
      656    1.293281e+00         g        25        16
      657    1.083922e+01         h        25        16
      658   -4.623601e+00         g        25        17
      659    4.733501e+00         h        25        17
      660   -2.011462e+00         g        25        18
      661    4.948341e+00         h        25        18
      662    3.640505e+00         g        25        19
      663    2.273650e+00         h        25        19
      664    1.853767e-01         g        25        20
      665   -2.609291e+00         h        25        20
      666   -1.387384e+00         g        25        21
      667   -3.416039e+00         h        25        21
      668   -2.381351e+00         g        25        22
      669   -2.334353e+00         h        25        22
      670    2.748337e+00         g        25        23
      671   -1.260104e+00         h        25        23
      672    7.882496e-01         g        25        24
      673   -2.181492e+00         h        25        24
      674    5.707776e+00         g        25        25
      675   -2.099307e+00         h        25        25
      676    5.085785e+01         g        26         0
      677    4.212078e+01         g        26         1
      678    4.994116e+01         h        26         1
      679    2.911871e+01         g        26         2
      680   -4.626751e+01         h        26         2
      681    8.819173e+00         g        26         3
      682   -2.119534e+01         h        26         3
      683    3.950566e+01         g        26         4
      684    1.192220e+01         h        26         4
      685    2.169617e+01         g        26         5
      686   -2.977380e+00         h        26         5
      687    3.575935e+01         g        26         6
      688   -3.120284e+01         h        26         6
      689    1.457032e+01         g        26         7
      690   -1.184323e+01         h        26         7
      691    1.921781e+01         g        26         8
      692    2.452268e+01         h        26         8
      693    4.145193e+01         g        26         9
      694    1.333194e+01         h        26         9
      695    3.991637e+01         g        26        10
      696   -2.803696e+01         h        26        10
      697    2.217820e+01         g        26        11
      698    9.025000e+00         h        26        11
      699    2.550184e+01         g        26        12
      700    6.403028e+00         h        26        12
      701    2.199599e+01         g        26        13
      702   -1.328750e+00         h        26        13
      703    1.710096e+01         g        26        14
      704   -3.187869e+00         h        26        14
      705    1.798412e+01         g        26        15
      706    8.798375e+00         h        26        15
      707    1.418015e+01         g        26        16
      708    2.361706e+00         h        26        16
      709    5.430087e+00         g        26        17
      710    1.033341e+00         h        26        17
      711    5.015141e+00         g        26        18
      712    9.230876e-01         h        26        18
      713    4.465348e+00         g        26        19
      714    2.193707e+00         h        26        19
      715    2.657042e+00         g        26        20
      716    3.770537e-01         h        26        20
      717   -1.650715e+00         g        26        21
      718   -1.275034e+00         h        26        21
      719   -4.044335e+00         g        26        22
      720   -3.302770e-01         h        26        22
      721   -2.197636e+00         g        26        23
      722    3.881517e-01         h        26        23
      723   -1.038124e+00         g        26        24
      724   -1.930892e+00         h        26        24
      725   -1.389997e+00         g        26        25
      726   -1.007272e+00         h        26        25
      727   -7.362662e-01         g        26        26
      728   -3.995598e+00         h        26        26
      729    3.132303e+01         g        27         0
      730   -3.671803e-01         g        27         1
      731   -3.699361e+01         h        27         1
      732    1.463452e+01         g        27         2
      733   -2.329271e+01         h        27         2
      734   -3.655588e+00         g        27         3
      735   -3.099504e+01         h        27         3
      736    1.846571e+01         g        27         4
      737   -2.387092e+01         h        27         4
      738    6.339824e+00         g        27         5
      739   -3.489224e+01         h        27         5
      740   -1.392765e+01         g        27         6
      741   -4.027673e+01         h        27         6
      742   -1.884420e+01         g        27         7
      743   -3.143724e+01         h        27         7
      744    1.615846e+01         g        27         8
      745   -1.707181e+00         h        27         8
      746    4.394630e+00         g        27         9
      747   -3.093490e+01         h        27         9
      748   -5.900734e+00         g        27        10
      749   -3.756441e+01         h        27        10
      750   -1.177035e+00         g        27        11
      751   -1.601292e+01         h        27        11
      752    9.306104e+00         g        27        12
      753   -1.623639e+01         h        27        12
      754   -6.179349e+00         g        27        13
      755   -1.840284e+01         h        27        13
      756    4.044397e+00         g        27        14
      757   -1.363401e+01         h        27        14
      758    5.460743e+00         g        27        15
      759   -1.265157e+01         h        27        15
      760    3.307004e+00         g        27        16
      761   -7.358336e+00         h        27        16
      762    1.493755e+00         g        27        17
      763   -5.684831e+00         h        27        17
      764    1.958194e+00         g        27        18
      765   -6.205493e+00         h        27        18
      766    1.770097e+00         g        27        19
      767   -2.383465e+00         h        27        19
      768    2.775411e+00         g        27        20
      769   -9.450436e-01         h        27        20
      770    6.090549e-01         g        27        21
      771   -8.869410e-01         h        27        21
      772   -2.501818e+00         g        27        22
      773    8.279438e-01         h        27        22
      774   -1.346859e+00         g        27        23
      775    2.365270e+00         h        27        23
      776   -4.773868e-01         g        27        24
      777    1.718571e+00         h        27        24
      778   -1.399180e+00         g        27        25
      779    5.854801e-01         h        27        25
      780   -8.243188e-01         g        27        26
      781    8.559144e-01         h        27        26
      782   -2.613612e+00         g        27        27
      783    4.979410e-02         h        27        27
      784   -1.918781e+01         g        28         0
      785   -1.963890e+01         g        28         1
      786   -4.439658e+01         h        28         1
      787   -1.471701e+01         g        28         2
      788    1.499991e+01         h        28         2
      789   -1.091728e+01         g        28         3
      790    1.640082e+00         h        28         3
      791   -1.301740e+01         g        28         4
      792   -1.237998e+01         h        28         4
      793   -7.332016e+00         g        28         5
      794   -7.814356e+00         h        28         5
      795   -3.704669e+01         g        28         6
      796    1.559466e+00         h        28         6
      797   -2.581548e+01         g        28         7
      798   -1.757477e+00         h        28         7
      799   -4.081851e-01         g        28         8
      800    6.889086e+00         h        28         8
      801   -1.674992e+01         g        28         9
      802   -1.270893e+01         h        28         9
      803   -3.321349e+01         g        28        10
      804   -1.336213e+00         h        28        10
      805   -1.065882e+01         g        28        11
      806   -7.648123e-01         h        28        11
      807   -9.516520e+00         g        28        12
      808   -3.008661e+00         h        28        12
      809   -1.941161e+01         g        28        13
      810   -9.749243e-01         h        28        13
      811   -9.579067e+00         g        28        14
      812    4.815211e-01         h        28        14
      813   -6.306143e+00         g        28        15
      814   -7.559898e+00         h        28        15
      815   -7.791354e+00         g        28        16
      816   -6.660239e-01         h        28        16
      817   -4.966874e+00         g        28        17
      818   -3.513839e-01         h        28        17
      819   -3.450912e+00         g        28        18
      820   -3.392559e+00         h        28        18
      821   -3.575014e+00         g        28        19
      822   -2.176619e+00         h        28        19
      823    3.327313e-01         g        28        20
      824   -8.263004e-01         h        28        20
      825   -9.366450e-03         g        28        21
      826   -1.007162e+00         h        28        21
      827   -8.361807e-01         g        28        22
      828   -4.559171e-01         h        28        22
      829   -1.752202e-01         g        28        23
      830    1.614076e+00         h        28        23
      831    1.273853e+00         g        28        24
      832    1.271953e+00         h        28        24
      833    1.374783e+00         g        28        25
      834    7.973786e-01         h        28        25
      835    2.131413e-01         g        28        26
      836    1.061106e+00         h        28        26
      837    6.021417e-01         g        28        27
      838    5.978950e-01         h        28        27
      839   -2.950175e-01         g        28        28
      840    1.713153e+00         h        28        28
      841   -2.809085e+01         g        29         0
      842   -7.886715e+00         g        29         1
      843   -7.199845e+00         h        29         1
      844   -8.816405e+00         g        29         2
      845    2.679238e+01         h        29         2
      846    2.878807e+00         g        29         3
      847    2.734504e+01         h        29         3
      848   -5.738835e+00         g        29         4
      849    2.010127e+00         h        29         4
      850    8.729716e+00         g        29         5
      851    1.843686e+01         h        29         5
      852   -8.118084e+00         g        29         6
      853    2.443248e+01         h        29         6
      854    2.132200e+00         g        29         7
      855    1.816503e+01         h        29         7
      856    8.741005e+00         g        29         8
      857    7.350448e+00         h        29         8
      858   -1.415759e+00         g        29         9
      859    9.425208e+00         h        29         9
      860   -1.183959e+01         g        29        10
      861    1.849229e+01         h        29        10
      862    4.393169e+00         g        29        11
      863    1.118429e+01         h        29        11
      864   -4.681360e-01         g        29        12
      865    5.572035e+00         h        29        12
      866   -3.975583e+00         g        29        13
      867    1.357554e+01         h        29        13
      868   -1.478219e+00         g        29        14
      869    9.148807e+00         h        29        14
      870   -1.106600e+00         g        29        15
      871    1.486237e+00         h        29        15
      872   -3.186467e+00         g        29        16
      873    6.286162e+00         h        29        16
      874   -5.734817e-01         g        29        17
      875    5.168694e+00         h        29        17
      876   -1.953283e+00         g        29        18
      877    2.485999e+00         h        29        18
      878   -2.670331e+00         g        29        19
      879    4.397108e-01         h        29        19
      880   -6.431091e-01         g        29        20
      881    1.561889e+00         h        29        20
      882   -3.674952e-01         g        29        21
      883   -1.810977e-01         h        29        21
      884   -6.624763e-01         g        29        22
      885   -2.489595e-01         h        29        22
      886   -8.556588e-01         g        29        23
      887    1.805126e-02         h        29        23
      888    9.376739e-01         g        29        24
      889    1.316047e-01         h        29        24
      890    1.255733e+00         g        29        25
      891   -6.105625e-01         h        29        25
      892    8.359054e-01         g        29        26
      893   -8.365999e-01         h        29        26
      894    7.837420e-01         g        29        27
      895   -1.915366e-02         h        29        27
      896    4.443480e-01         g        29        28
      897   -4.030451e-01         h        29        28
      898    1.065360e+00         g        29        29
      899    4.432563e-01         h        29        29
      900   -5.582062e+00         g        30         0
      901    3.952778e+00         g        30         1
      902    9.710355e+00         h        30         1
      903    8.512072e+00         g        30         2
      904    8.001864e+00         h        30         2
      905    1.123066e+01         g        30         3
      906    1.425961e+01         h        30         3
      907    8.011157e+00         g        30         4
      908   -1.801440e+00         h        30         4
      909    1.494854e+01         g        30         5
      910    9.390397e+00         h        30         5
      911    1.792433e+01         g        30         6
      912    7.752147e+00         h        30         6
      913    1.589742e+01         g        30         7
      914    4.603222e+00         h        30         7
      915    1.187394e+01         g        30         8
      916   -1.011564e+01         h        30         8
      917    8.956208e+00         g        30         9
      918    2.413415e+00         h        30         9
      919    9.700853e+00         g        30        10
      920    6.416131e+00         h        30        10
      921    9.336619e+00         g        30        11
      922   -1.571574e+00         h        30        11
      923    7.407629e+00         g        30        12
      924   -3.333408e+00         h        30        12
      925    8.141478e+00         g        30        13
      926    4.863805e+00         h        30        13
      927    6.169985e+00         g        30        14
      928    4.419943e-01         h        30        14
      929    3.420761e+00         g        30        15
      930   -1.061258e+00         h        30        15
      931    3.163506e+00         g        30        16
      932    1.159644e+00         h        30        16
      933    4.674733e+00         g        30        17
      934    1.988732e+00         h        30        17
      935    1.096820e+00         g        30        18
      936    1.114290e+00         h        30        18
      937    9.861562e-01         g        30        19
      938    3.475350e-01         h        30        19
      939   -3.826521e-02         g        30        20
      940    9.485384e-01         h        30        20
      941    8.578217e-01         g        30        21
      942    5.077571e-01         h        30        21
      943   -4.561808e-01         g        30        22
      944    3.209107e-01         h        30        22
      945   -8.207922e-01         g        30        23
      946    3.420908e-02         h        30        23
      947   -4.759568e-01         g        30        24
      948    4.780454e-01         h        30        24
      949    2.153684e-01         g        30        25
      950   -6.396103e-01         h        30        25
      951   -1.067972e-01         g        30        26
      952   -8.769636e-01         h        30        26
      953   -4.601451e-01         g        30        27
      954   -7.315269e-01         h        30        27
      955    9.677104e-02         g        30        28
      956   -5.535684e-01         h        30        28
      957   -2.522539e-01         g        30        29
      958   -3.262598e-01         h        30        29
      959    4.640955e-01         g        30        30
      960   -6.178178e-01         h        30        30
      961    9.207357e+00         g        31         0
      962    3.266842e+00         g        31         1
      963    4.285352e+00         h        31         1
      964    6.915654e+00         g        31         2
      965   -9.143059e+00         h        31         2
      966    2.683133e+00         g        31         3
      967   -6.539660e+00         h        31         3
      968    1.814578e+00         g        31         4
      969   -2.607038e+00         h        31         4
      970   -2.551807e-01         g        31         5
      971   -6.157076e+00         h        31         5
      972    1.228077e+01         g        31         6
      973   -8.268967e+00         h        31         6
      974    2.507701e+00         g        31         7
      975   -7.414961e+00         h        31         7
      976   -3.336645e+00         g        31         8
      977   -1.447713e+01         h        31         8
      978   -1.524232e-01         g        31         9
      979   -6.053668e+00         h        31         9
      980    5.810740e+00         g        31        10
      981   -4.231565e+00         h        31        10
      982   -2.812988e+00         g        31        11
      983   -9.733175e+00         h        31        11
      984   -1.169177e+00         g        31        12
      985   -6.800739e+00         h        31        12
      986    3.314408e+00         g        31        13
      987   -4.633193e+00         h        31        13
      988    5.859401e-01         g        31        14
      989   -5.767583e+00         h        31        14
      990   -2.162384e+00         g        31        15
      991   -3.459910e+00         h        31        15
      992    1.277945e+00         g        31        16
      993   -3.945954e+00         h        31        16
      994    1.543281e+00         g        31        17
      995   -2.258355e+00         h        31        17
      996    2.834674e-01         g        31        18
      997   -1.841625e+00         h        31        18
      998    3.571635e-01         g        31        19
      999   -8.017105e-01         h        31        19
     1000   -1.223158e-01         g        31        20
     1001   -1.170762e+00         h        31        20
     1002    6.919546e-01         g        31        21
     1003    2.347912e-01         h        31        21
     1004    2.303570e-01         g        31        22
     1005   -1.310478e-01         h        31        22
     1006   -1.333838e-01         g        31        23
     1007    4.704605e-01         h        31        23
     1008   -4.731630e-01         g        31        24
     1009    6.582377e-01         h        31        24
     1010    2.582680e-01         g        31        25
     1011    4.917876e-01         h        31        25
     1012   -3.302655e-01         g        31        26
     1013   -9.837416e-02         h        31        26
     1014   -5.342819e-01         g        31        27
     1015   -9.903365e-02         h        31        27
     1016   -6.179189e-01         g        31        28
     1017    2.212967e-01         h        31        28
     1018   -3.525519e-01         g        31        29
     1019   -1.874008e-01         h        31        29
     1020   -2.157577e-01         g        31        30
     1021    1.614857e-01         h        31        30
     1022   -3.341876e-01         g        31        31
     1023   -4.070916e-01         h        31        31
     1024    8.018387e+00         g        32         0
     1025   -9.948538e-02         g        32         1
     1026    1.214153e-01         h        32         1
     1027   -3.338420e+00         g        32         2
     1028   -8.117703e+00         h        32         2
     1029   -5.284173e+00         g        32         3
     1030   -8.127719e+00         h        32         3
     1031   -6.980316e+00         g        32         4
     1032    5.441620e+00         h        32         4
     1033   -9.744226e+00         g        32         5
     1034   -5.364769e+00         h        32         5
     1035   -1.752032e+00         g        32         6
     1036   -3.785497e+00         h        32         6
     1037   -7.717559e+00         g        32         7
     1038   -1.298277e+00         h        32         7
     1039   -1.138907e+01         g        32         8
     1040   -3.563715e-02         h        32         8
     1041   -6.194107e+00         g        32         9
     1042   -3.090264e-01         h        32         9
     1043   -1.556279e+00         g        32        10
     1044    2.042193e-01         h        32        10
     1045   -8.588866e+00         g        32        11
     1046   -8.030861e-01         h        32        11
     1047   -6.873813e+00         g        32        12
     1048    1.575445e+00         h        32        12
     1049   -1.830005e+00         g        32        13
     1050   -1.692327e+00         h        32        13
     1051   -4.301115e+00         g        32        14
     1052   -6.291278e-01         h        32        14
     1053   -5.252487e+00         g        32        15
     1054    1.246206e+00         h        32        15
     1055   -1.619325e+00         g        32        16
     1056   -8.624311e-01         h        32        16
     1057   -2.287539e+00         g        32        17
     1058   -1.441096e+00         h        32        17
     1059   -1.221010e+00         g        32        18
     1060   -1.272380e-02         h        32        18
     1061   -1.488323e+00         g        32        19
     1062   -1.326021e-01         h        32        19
     1063   -7.393729e-01         g        32        20
     1064   -7.019330e-01         h        32        20
     1065   -4.713284e-01         g        32        21
     1066   -7.077807e-02         h        32        21
     1067    3.955063e-01         g        32        22
     1068   -2.244369e-01         h        32        22
     1069    1.958939e-02         g        32        23
     1070    1.343488e-01         h        32        23
     1071    1.874707e-01         g        32        24
     1072    1.982347e-01         h        32        24
     1073    4.550731e-01         g        32        25
     1074    5.712243e-01         h        32        25
     1075    4.794976e-01         g        32        26
     1076   -6.115859e-02         h        32        26
     1077    1.838723e-02         g        32        27
     1078    2.248967e-01         h        32        27
     1079   -2.147735e-01         g        32        28
     1080    2.998497e-01         h        32        28
     1081    7.347440e-02         g        32        29
     1082    4.438942e-01         h        32        29
     1083   -2.044818e-01         g        32        30
     1084    2.026612e-01         h        32        30
     1085    1.110476e-01         g        32        31
     1086    1.560159e-01         h        32        31
     1087   -3.396942e-01         g        32        32
     1088    1.671154e-01         h        32        32
     1089    3.502242e+00         g        33         0
     1090    3.469852e-01         g        33         1
     1091    1.660132e+00         h        33         1
     1092   -4.891503e+00         g        33         2
     1093   -8.237760e-01         h        33         2
     1094   -2.621762e+00         g        33         3
     1095   -5.851511e-01         h        33         3
     1096   -3.717461e+00         g        33         4
     1097    7.813293e+00         h        33         4
     1098   -3.568653e+00         g        33         5
     1099    1.338913e+00         h        33         5
     1100   -4.439295e+00         g        33         6
     1101    2.883937e+00         h        33         6
     1102   -1.605853e+00         g        33         7
     1103    5.427400e+00         h        33         7
     1104   -3.295487e+00         g        33         8
     1105    9.142219e+00         h        33         8
     1106    1.458970e-02         g        33         9
     1107    4.232901e+00         h        33         9
     1108    1.184963e+00         g        33        10
     1109    3.495749e+00         h        33        10
     1110   -8.285973e-01         g        33        11
     1111    6.156696e+00         h        33        11
     1112   -8.426858e-01         g        33        12
     1113    5.837177e+00         h        33        12
     1114    1.073928e+00         g        33        13
     1115    1.681418e+00         h        33        13
     1116   -6.417376e-01         g        33        14
     1117    3.460149e+00         h        33        14
     1118   -2.213821e-01         g        33        15
     1119    4.370885e+00         h        33        15
     1120   -7.355494e-02         g        33        16
     1121    2.103449e+00         h        33        16
     1122   -6.733027e-01         g        33        17
     1123    4.918964e-01         h        33        17
     1124   -2.146093e-01         g        33        18
     1125    2.019177e+00         h        33        18
     1126   -3.100674e-01         g        33        19
     1127    9.821682e-01         h        33        19
     1128   -4.674245e-01         g        33        20
     1129    7.052831e-01         h        33        20
     1130   -3.732966e-01         g        33        21
     1131    5.332974e-02         h        33        21
     1132    1.198487e-01         g        33        22
     1133    2.494504e-01         h        33        22
     1134    1.735967e-02         g        33        23
     1135   -1.900201e-01         h        33        23
     1136    1.221875e-01         g        33        24
     1137   -4.772702e-02         h        33        24
     1138    1.621185e-01         g        33        25
     1139   -6.585374e-02         h        33        25
     1140    5.678006e-01         g        33        26
     1141   -2.945440e-01         h        33        26
     1142    9.260032e-02         g        33        27
     1143   -3.399609e-01         h        33        27
     1144    1.480380e-01         g        33        28
     1145   -6.801669e-02         h        33        28
     1146    1.344060e-01         g        33        29
     1147    2.004956e-01         h        33        29
     1148    2.941785e-01         g        33        30
     1149    3.752165e-05         h        33        30
     1150    1.137326e-01         g        33        31
     1151    1.943840e-01         h        33        31
     1152    1.084060e-01         g        33        32
     1153   -5.907337e-02         h        33        32
     1154    5.900063e-02         g        33        33
     1155    2.653735e-01         h        33        33
     1156   -9.316464e-01         g        34         0
     1157    2.790293e-01         g        34         1
     1158    9.833389e-01         h        34         1
     1159    2.148174e-01         g        34         2
     1160    2.364038e+00         h        34         2
     1161    1.216597e+00         g        34         3
     1162    1.276325e+00         h        34         3
     1163    2.845788e+00         g        34         4
     1164   -5.602347e-01         h        34         4
     1165    2.265052e+00         g        34         5
     1166    1.727029e+00         h        34         5
     1167   -1.849655e+00         g        34         6
     1168    3.197694e-01         h        34         6
     1169    3.835375e+00         g        34         7
     1170    1.335818e+00         h        34         7
     1171    4.146463e+00         g        34         8
     1172    3.078475e+00         h        34         8
     1173    3.171318e+00         g        34         9
     1174    1.403995e-01         h        34         9
     1175    2.259906e+00         g        34        10
     1176   -1.638204e+00         h        34        10
     1177    4.517427e+00         g        34        11
     1178    1.826724e+00         h        34        11
     1179    3.445155e+00         g        34        12
     1180    5.253072e-01         h        34        12
     1181    1.686324e+00         g        34        13
     1182   -1.080336e+00         h        34        13
     1183    2.307507e+00         g        34        14
     1184    3.753061e-01         h        34        14
     1185    3.314674e+00         g        34        15
     1186    1.060714e+00         h        34        15
     1187    1.144269e+00         g        34        16
     1188   -1.460469e-02         h        34        16
     1189    1.007462e+00         g        34        17
     1190   -2.178012e-02         h        34        17
     1191    1.032521e+00         g        34        18
     1192    3.623701e-01         h        34        18
     1193    1.127788e+00         g        34        19
     1194    5.174222e-01         h        34        19
     1195    2.420313e-01         g        34        20
     1196    3.751110e-01         h        34        20
     1197    2.412969e-01         g        34        21
     1198    2.243073e-03         h        34        21
     1199    1.761178e-02         g        34        22
     1200    1.889067e-01         h        34        22
     1201    2.334665e-01         g        34        23
     1202   -5.310459e-02         h        34        23
     1203   -1.620203e-01         g        34        24
     1204   -1.554585e-02         h        34        24
     1205   -7.590170e-02         g        34        25
     1206   -1.078380e-01         h        34        25
     1207   -1.661809e-02         g        34        26
     1208   -1.623463e-01         h        34        26
     1209   -1.275141e-01         g        34        27
     1210   -4.588244e-01         h        34        27
     1211   -2.112846e-01         g        34        28
     1212   -1.665913e-01         h        34        28
     1213   -8.727217e-02         g        34        29
     1214   -1.305037e-01         h        34        29
     1215    1.547305e-01         g        34        30
     1216   -4.247808e-02         h        34        30
     1217    4.576085e-02         g        34        31
     1218   -1.861778e-01         h        34        31
     1219    1.691098e-01         g        34        32
     1220   -4.042356e-02         h        34        32
     1221   -3.957505e-02         g        34        33
     1222   -6.833609e-02         h        34        33
     1223    1.940197e-01         g        34        34
     1224   -8.610935e-03         h        34        34
     1225   -2.407498e+00         g        35         0
     1226   -4.332793e-01         g        35         1
     1227   -6.171408e-01         h        35         1
     1228    1.920910e+00         g        35         2
     1229    1.733834e+00         h        35         2
     1230    5.957387e-01         g        35         3
     1231   -1.517905e-01         h        35         3
     1232    2.761463e+00         g        35         4
     1233   -4.566866e+00         h        35         4
     1234    1.044766e+00         g        35         5
     1235   -2.943782e-01         h        35         5
     1236   -8.374113e-01         g        35         6
     1237   -1.760402e+00         h        35         6
     1238    1.212369e+00         g        35         7
     1239   -2.628022e+00         h        35         7
     1240    2.559724e+00         g        35         8
     1241   -2.489452e+00         h        35         8
     1242   -2.979591e-01         g        35         9
     1243   -2.170560e+00         h        35         9
     1244   -1.087385e+00         g        35        10
     1245   -3.593254e+00         h        35        10
     1246    1.583100e+00         g        35        11
     1247   -2.055279e+00         h        35        11
     1248    9.296744e-01         g        35        12
     1249   -2.653933e+00         h        35        12
     1250   -1.572459e+00         g        35        13
     1251   -2.154853e+00         h        35        13
     1252    4.362599e-01         g        35        14
     1253   -1.788701e+00         h        35        14
     1254    1.287591e+00         g        35        15
     1255   -1.702991e+00         h        35        15
     1256   -2.142582e-01         g        35        16
     1257   -1.419887e+00         h        35        16
     1258   -1.681260e-01         g        35        17
     1259   -5.995112e-01         h        35        17
     1260    4.913345e-01         g        35        18
     1261   -1.144270e+00         h        35        18
     1262    4.574238e-01         g        35        19
     1263   -3.210641e-01         h        35        19
     1264    2.635696e-01         g        35        20
     1265   -3.227289e-01         h        35        20
     1266    6.656198e-02         g        35        21
     1267   -1.740096e-01         h        35        21
     1268    1.239494e-02         g        35        22
     1269   -1.617328e-01         h        35        22
     1270    2.504080e-01         g        35        23
     1271    5.920898e-02         h        35        23
     1272   -5.427301e-02         g        35        24
     1273   -3.893321e-02         h        35        24
     1274   -2.422578e-02         g        35        25
     1275    1.473056e-01         h        35        25
     1276   -1.537895e-01         g        35        26
     1277    4.363568e-02         h        35        26
     1278   -1.245398e-01         g        35        27
     1279   -9.781978e-03         h        35        27
     1280   -3.385501e-01         g        35        28
     1281   -1.328576e-02         h        35        28
     1282   -1.802574e-01         g        35        29
     1283    8.305902e-02         h        35        29
     1284   -1.220742e-01         g        35        30
     1285    5.285889e-02         h        35        30
     1286    1.404399e-02         g        35        31
     1287   -1.108990e-01         h        35        31
     1288   -1.089203e-01         g        35        32
     1289   -5.145987e-02         h        35        32
     1290    2.163731e-03         g        35        33
     1291   -1.303740e-01         h        35        33
     1292   -5.133612e-02         g        35        34
     1293    2.269955e-02         h        35        34
     1294    1.741296e-02         g        35        35
     1295   -1.439254e-01         h        35        35