      IND             SHC     g | h         n         m
        1    6.687308e+05         g         1         0
        2   -1.160465e+05         g         1         1
        3    3.413219e+04         h         1         1
        4    2.341432e+04         g         2         0
        5   -1.088014e+05         g         2         1
        6   -8.189285e+04         h         2         1
        7    9.221611e+04         g         2         2
        8    3.923847e+04         h         2         2
        9    6.525897e+03         g         3         0
       10   -8.403092e+04         g         3         1
       11   -7.379209e+04         h         3         1
       12    3.435356e+04         g         3         2
       13    9.562767e+04         h         3         2
       14   -2.905850e+03         g         3         3
       15   -6.193958e+04         h         3         3
       16   -8.920330e+04         g         4         0
       17   -2.217342e+04         g         4         1
       18    8.389608e+04         h         4         1
       19   -7.089815e+03         g         4         2
       20    7.385615e+04         h         4         2
       21   -2.851830e+04         g         4         3
       22   -2.125966e+03         h         4         3
       23   -4.761392e+04         g         4         4
       24   -4.077366e+03         h         4         4
       25   -5.900879e+04         g         5         0
       26    1.353075e+04         g         5         1
       27    1.446100e+05         h         5         1
       28    5.130991e+04         g         5         2
       29   -4.204818e+03         h         5         2
       30   -5.439154e+04         g         5         3
       31    1.820627e+04         h         5         3
       32   -8.124463e+03         g         5         4
       33    3.283278e+04         h         5         4
       34   -1.593869e+04         g         5         5
       35    3.133075e+04         h         5         5
       36   -7.184601e+04         g         6         0
       37    3.338843e+04         g         6         1
       38    4.587073e+04         h         6         1
       39    4.454872e+04         g         6         2
       40   -3.323568e+04         h         6         2
       41   -4.547903e+04         g         6         3
       42   -1.838595e+03         h         6         3
       43    9.092108e+03         g         6         4
       44    5.082369e+04         h         6         4
       45    5.069312e+03         g         6         5
       46   -1.318463e+04         h         6         5
       47    2.926037e+04         g         6         6
       48    1.800050e+04         h         6         6
       49   -6.588652e+03         g         7         0
       50    2.627165e+04         g         7         1
       51   -2.502221e+04         h         7         1
       52   -2.906747e+04         g         7         2
       53   -5.400747e+04         h         7         2
       54   -7.699179e+03         g         7         3
       55    8.174712e+03         h         7         3
       56   -2.963459e+04         g         7         4
       57    2.369545e+04         h         7         4
       58    1.473980e+04         g         7         5
       59   -2.888901e+04         h         7         5
       60   -1.022293e+04         g         7         6
       61   -8.511435e+03         h         7         6
       62    1.650007e+04         g         7         7
       63   -2.481736e+04         h         7         7
       64    6.762318e+04         g         8         0
       65    6.727292e+02         g         8         1
       66   -2.072709e+04         h         8         1
       67   -3.765432e+04         g         8         2
       68   -5.930252e+04         h         8         2
       69    7.205858e+02         g         8         3
       70    5.132107e+04         h         8         3
       71   -2.439943e+04         g         8         4
       72   -8.785211e+03         h         8         4
       73   -8.777152e+03         g         8         5
       74    1.208925e+04         h         8         5
       75   -2.189573e+04         g         8         6
       76   -1.676597e+04         h         8         6
       77   -6.978897e+03         g         8         7
       78    4.745742e+03         h         8         7
       79   -1.570717e+04         g         8         8
       80   -1.632325e+04         h         8         8
       81    4.232742e+04         g         9         0
       82   -1.351479e+04         g         9         1
       83   -3.879339e+04         h         9         1
       84    7.024445e+03         g         9         2
       85   -1.203761e+04         h         9         2
       86    4.359227e+03         g         9         3
       87    3.739775e+04         h         9         3
       88    2.127266e+04         g         9         4
       89   -7.233592e+03         h         9         4
       90   -1.658578e+04         g         9         5
       91    2.114817e+04         h         9         5
       92    9.582982e+03         g         9         6
       93   -1.092730e+03         h         9         6
       94   -9.617394e+03         g         9         7
       95    1.119488e+04         h         9         7
       96    8.566003e+03         g         9         8
       97    4.936982e+03         h         9         8
       98   -1.422268e+04         g         9         9
       99    1.097782e+04         h         9         9
      100   -3.294129e+03         g        10         0
      101    6.110384e+03         g        10         1
      102   -4.489016e+04         h        10         1
      103    1.291284e+04         g        10         2
      104    3.955475e+04         h        10         2
      105    2.923990e+04         g        10         3
      106   -1.621157e+04         h        10         3
      107    2.798066e+04         g        10         4
      108   -1.071469e+04         h        10         4
      109    2.806163e+03         g        10         5
      110   -2.541391e+03         h        10         5
      111    1.374569e+04         g        10         6
      112   -5.584449e+03         h        10         6
      113    5.882017e+03         g        10         7
      114   -1.096311e+04         h        10         7
      115    1.776956e+04         g        10         8
      116    2.599124e+03         h        10         8
      117    6.171757e+03         g        10         9
      118   -5.069962e+03         h        10         9
      119    7.665736e+03         g        10        10
      120    1.189490e+04         h        10        10
      121    7.007004e+03         g        11         0
      122    2.901401e+04         g        11         1
      123    5.191149e+03         h        11         1
      124   -1.011177e+04         g        11         2
      125    4.085976e+04         h        11         2
      126    3.358499e+04         g        11         3
      127   -3.533780e+04         h        11         3
      128    2.715961e+03         g        11         4
      129   -2.545893e+04         h        11         4
      130    3.310008e+03         g        11         5
      131   -3.137495e+03         h        11         5
      132   -7.523635e+03         g        11         6
      133   -2.324839e+04         h        11         6
      134   -2.628916e+03         g        11         7
      135   -1.125204e+04         h        11         7
      136    6.823612e+03         g        11         8
      137   -1.550767e+04         h        11         8
      138    2.211435e+03         g        11         9
      139   -1.291259e+04         h        11         9
      140   -1.127112e+03         g        11        10
      141   -5.140491e+03         h        11        10
      142    8.499403e+03         g        11        11
      143   -4.191753e+03         h        11        11
      144    2.536191e+04         g        12         0
      145    1.865496e+04         g        12         1
      146    4.796273e+04         h        12         1
      147   -6.126000e+03         g        12         2
      148    1.690426e+04         h        12         2
      149    6.686934e+02         g        12         3
      150   -1.951167e+04         h        12         3
      151   -5.792656e+03         g        12         4
      152   -1.007309e+04         h        12         4
      153   -9.066273e+03         g        12         5
      154    9.768872e+03         h        12         5
      155   -9.576388e+03         g        12         6
      156   -1.186385e+04         h        12         6
      157   -1.971703e+04         g        12         7
      158    7.798906e+03         h        12         7
      159    5.277407e+03         g        12         8
      160   -9.257108e+03         h        12         8
      161   -1.348741e+04         g        12         9
      162   -6.026476e+03         h        12         9
      163   -7.249826e+03         g        12        10
      164   -3.056544e+02         h        12        10
      165   -6.138397e+03         g        12        11
      166   -5.811983e+01         h        12        11
      167   -1.826343e+03         g        12        12
      168   -5.741004e+03         h        12        12
      169    1.836532e+04         g        13         0
      170   -1.053565e+04         g        13         1
      171    3.719037e+04         h        13         1
      172    1.407738e+04         g        13         2
      173    5.412996e+03         h        13         2
      174   -2.256471e+04         g        13         3
      175   -4.935248e+03         h        13         3
      176    3.369329e+02         g        13         4
      177    2.139772e+04         h        13         4
      178    2.368175e+03         g        13         5
      179    3.237308e+03         h        13         5
      180    2.419897e+03         g        13         6
      181    1.138484e+04         h        13         6
      182   -9.207104e+03         g        13         7
      183    1.284269e+04         h        13         7
      184    1.323188e+04         g        13         8
      185    4.032760e+03         h        13         8
      186   -7.219106e+03         g        13         9
      187   -1.747554e+03         h        13         9
      188   -2.072523e+03         g        13        10
      189    1.225621e+04         h        13        10
      190   -2.916775e+03         g        13        11
      191    5.653470e+03         h        13        11
      192   -1.500523e+03         g        13        12
      193    5.653071e+03         h        13        12
      194   -4.034385e+03         g        13        13
      195    3.024368e+02         h        13        13
      196    1.400305e+04         g        14         0
      197   -2.880465e+04         g        14         1
      198    1.462287e+03         h        14         1
      199    1.420722e+04         g        14         2
      200   -8.733112e+02         h        14         2
      201   -1.704619e+04         g        14         3
      202    1.582562e+03         h        14         3
      203   -8.594841e+02         g        14         4
      204    2.080560e+04         h        14         4
      205    1.693599e+04         g        14         5
      206   -1.281324e+04         h        14         5
      207    1.531541e+03         g        14         6
      208    1.123277e+04         h        14         6
      209    8.406981e+03         g        14         7
      210    2.828030e+03         h        14         7
      211    1.020038e+04         g        14         8
      212   -3.345810e+03         h        14         8
      213    3.171368e+03         g        14         9
      214   -4.856495e+03         h        14         9
      215    3.923105e+03         g        14        10
      216    6.003251e+03         h        14        10
      217    5.442093e+03         g        14        11
      218    3.452489e+03         h        14        11
      219    3.164510e+03         g        14        12
      220    3.877237e+03         h        14        12
      221    3.710379e+03         g        14        13
      222    1.886408e+03         h        14        13
      223   -4.484146e+02         g        14        14
      224    2.635425e+03         h        14        14
      225    1.217158e+04         g        15         0
      226   -3.131639e+04         g        15         1
      227   -2.033670e+04         h        15         1
      228   -3.045876e+03         g        15         2
      229   -8.887744e+03         h        15         2
      230   -9.773903e+03         g        15         3
      231    6.542862e+03         h        15         3
      232   -7.353406e+03         g        15         4
      233   -6.729811e+02         h        15         4
      234    2.638728e+03         g        15         5
      235   -1.274593e+04         h        15         5
      236   -7.716281e+03         g        15         6
      237    3.486664e+03         h        15         6
      238    6.238066e+03         g        15         7
      239   -1.561493e+03         h        15         7
      240   -4.746845e+03         g        15         8
      241   -1.060873e+04         h        15         8
      242   -3.004848e+03         g        15         9
      243   -3.043275e+03         h        15         9
      244    2.190471e+03         g        15        10
      245   -3.118864e+03         h        15        10
      246    1.393060e+02         g        15        11
      247   -1.297427e+03         h        15        11
      248    2.433855e+03         g        15        12
      249   -1.315956e+03         h        15        12
      250    2.298475e+03         g        15        13
      251   -2.112257e+03         h        15        13
      252    1.979192e+03         g        15        14
      253   -2.303552e+03         h        15        14
      254    1.562314e+03         g        15        15
      255    6.908032e+02         h        15        15
      256   -5.723294e+03         g        16         0
      257   -2.234112e+04         g        16         1
      258   -1.338623e+04         h        16         1
      259   -1.133564e+04         g        16         2
      260   -7.540078e+03         h        16         2
      261   -7.342593e+03         g        16         3
      262    8.490163e+03         h        16         3
      263   -6.007932e+03         g        16         4
      264   -5.391626e+03         h        16         4
      265   -1.589464e+04         g        16         5
      266    1.966535e+03         h        16         5
      267   -4.799877e+03         g        16         6
      268    8.458847e+03         h        16         6
      269    9.892894e+02         g        16         7
      270    2.813476e+03         h        16         7
      271   -1.249956e+04         g        16         8
      272   -6.609272e+02         h        16         8
      273   -7.035704e+03         g        16         9
      274    6.772882e+03         h        16         9
      275    3.571765e+02         g        16        10
      276    3.190447e+02         h        16        10
      277   -5.561263e+03         g        16        11
      278    6.901787e+02         h        16        11
      279   -1.427414e+03         g        16        12
      280    2.723268e+03         h        16        12
      281   -1.519179e+03         g        16        13
      282   -2.057082e+03         h        16        13
      283   -1.117166e+03         g        16        14
      284   -1.482229e+03         h        16        14
      285   -1.129004e+03         g        16        15
      286   -1.955016e+03         h        16        15
      287    7.875199e+02         g        16        16
      288   -7.940910e+02         h        16        16
      289   -1.996034e+04         g        17         0
      290   -3.451317e+03         g        17         1
      291    8.693786e+03         h        17         1
      292   -1.412021e+03         g        17         2
      293   -1.367765e+03         h        17         2
      294    1.789423e+03         g        17         3
      295    2.845775e+03         h        17         3
      296    4.449766e+03         g        17         4
      297    3.201027e+02         h        17         4
      298   -1.056486e+04         g        17         5
      299    9.384019e+03         h        17         5
      300    8.817429e+03         g        17         6
      301    8.257878e+03         h        17         6
      302    5.763688e+03         g        17         7
      303    1.681294e+03         h        17         7
      304   -5.942516e+03         g        17         8
      305    6.992541e+03         h        17         8
      306    2.096596e+03         g        17         9
      307    1.028536e+04         h        17         9
      308    4.319425e+03         g        17        10
      309    2.044476e+03         h        17        10
      310   -1.053478e+03         g        17        11
      311    3.598979e+03         h        17        11
      312    5.879473e+02         g        17        12
      313    5.903128e+03         h        17        12
      314    7.095574e+02         g        17        13
      315    1.456801e+03         h        17        13
      316   -1.282598e+03         g        17        14
      317    1.050489e+03         h        17        14
      318   -6.997990e+02         g        17        15
      319    1.718564e+02         h        17        15
      320   -1.464635e+03         g        17        16
      321    3.959633e+02         h        17        16
      322   -3.016138e+02         g        17        17
      323   -7.035296e+02         h        17        17
      324   -1.100182e+04         g        18         0
      325    1.353984e+04         g        18         1
      326    1.716539e+04         h        18         1
      327    9.657325e+03         g        18         2
      328   -3.591874e+03         h        18         2
      329    8.447813e+03         g        18         3
      330   -7.718450e+03         h        18         3
      331    1.068742e+04         g        18         4
      332   -2.881838e+03         h        18         4
      333    8.853512e+02         g        18         5
      334    1.717636e+03         h        18         5
      335    1.279936e+04         g        18         6
      336   -6.069712e+03         h        18         6
      337    4.320949e+03         g        18         7
      338   -7.078058e+03         h        18         7
      339    1.039769e+03         g        18         8
      340    1.942468e+03         h        18         8
      341    7.128798e+03         g        18         9
      342    1.868382e+03         h        18         9
      343    4.782954e+03         g        18        10
      344   -4.687992e+03         h        18        10
      345    2.367916e+03         g        18        11
      346    1.949796e+02         h        18        11
      347    3.926469e+03         g        18        12
      348    1.129829e+03         h        18        12
      349    2.535826e+03         g        18        13
      350    2.424150e+02         h        18        13
      351    1.601175e+03         g        18        14
      352   -2.831556e+02         h        18        14
      353    9.040014e+02         g        18        15
      354    2.130716e+02         h        18        15
      355    1.215175e+02         g        18        16
      356    2.479686e+02         h        18        16
      357    2.651456e+01         g        18        17
      358    1.019228e+03         h        18        17
      359   -5.532321e+02         g        18        18
      360    1.363386e+01         h        18        18
      361    2.024598e+03         g        19         0
      362    1.412541e+04         g        19         1
      363    5.995016e+03         h        19         1
      364    6.299814e+03         g        19         2
      365   -8.276946e+03         h        19         2
      366    2.105803e+03         g        19         3
      367   -1.083598e+04         h        19         3
      368    4.813403e+03         g        19         4
      369   -5.917919e+03         h        19         4
      370    1.073113e+02         g        19         5
      371   -5.567553e+03         h        19         5
      372    2.110368e+03         g        19         6
      373   -1.247660e+04         h        19         6
      374   -7.008873e+03         g        19         7
      375   -8.862429e+03         h        19         7
      376    1.933915e+02         g        19         8
      377   -7.032232e+02         h        19         8
      378    1.167442e+03         g        19         9
      379   -4.983104e+03         h        19         9
      380   -2.605667e+03         g        19        10
      381   -6.558687e+03         h        19        10
      382   -8.279413e+02         g        19        11
      383   -2.359970e+03         h        19        11
      384    1.326283e+03         g        19        12
      385   -2.869462e+03         h        19        12
      386   -5.868315e+02         g        19        13
      387   -2.294001e+03         h        19        13
      388    7.068271e+02         g        19        14
      389   -1.698290e+03         h        19        14
      390    7.081928e+01         g        19        15
      391   -2.135929e+03         h        19        15
      392    2.431266e+02         g        19        16
      393   -7.814184e+02         h        19        16
      394    1.345208e+02         g        19        17
      395   -1.224994e+02         h        19        17
      396    6.403484e+02         g        19        18
      397    1.728706e+02         h        19        18
      398   -1.362635e+02         g        19        19
      399    3.875750e+02         h        19        19
      400    1.750634e+03         g        20         0
      401    2.526905e+03         g        20         1
      402   -4.818215e+03         h        20         1
      403   -2.719324e+03         g        20         2
      404   -4.129185e+03         h        20         2
      405   -5.039130e+03         g        20         3
      406   -1.001837e+03         h        20         3
      407   -2.892478e+03         g        20         4
      408    4.846603e+02         h        20         4
      409   -1.481078e+03         g        20         5
      410   -1.669770e+03         h        20         5
      411   -6.150073e+03         g        20         6
      412   -2.703469e+03         h        20         6
      413   -9.825673e+03         g        20         7
      414    1.104954e+02         h        20         7
      415    2.390301e+02         g        20         8
      416    3.707532e+03         h        20         8
      417   -2.446670e+03         g        20         9
      418   -2.551363e+03         h        20         9
      419   -6.712885e+03         g        20        10
      420    1.214934e+01         h        20        10
      421   -1.715636e+03         g        20        11
      422    1.053036e+03         h        20        11
      423   -1.602170e+03         g        20        12
      424   -1.365182e+03         h        20        12
      425   -2.704639e+03         g        20        13
      426   -8.799979e+01         h        20        13
      427   -1.377025e+03         g        20        14
      428   -1.595383e+01         h        20        14
      429   -1.233268e+03         g        20        15
      430   -1.449651e+03         h        20        15
      431   -1.375166e+03         g        20        16
      432   -4.708801e+02         h        20        16
      433   -4.384971e+02         g        20        17
      434   -3.167740e+02         h        20        17
      435   -1.366685e+02         g        20        18
      436   -2.277900e+01         h        20        18
      437    2.109370e+02         g        20        19
      438   -3.559804e+02         h        20        19
      439    2.411493e+02         g        20        20
      440    1.869456e+02         h        20        20
      441   -2.214674e+03         g        21         0
      442   -5.234889e+03         g        21         1
      443   -5.671184e+03         h        21         1
      444   -3.240533e+03         g        21         2
      445    3.399497e+03         h        21         2
      446   -2.195966e+03         g        21         3
      447    9.110436e+03         h        21         3
      448   -2.207136e+03         g        21         4
      449    4.837467e+03         h        21         4
      450    3.818144e+03         g        21         5
      451    3.938297e+03         h        21         5
      452   -2.733608e+03         g        21         6
      453    5.113061e+03         h        21         6
      454   -7.193458e+02         g        21         7
      455    5.961939e+03         h        21         7
      456    4.931371e+03         g        21         8
      457    3.277676e+03         h        21         8
      458    5.750390e+02         g        21         9
      459    1.691161e+02         h        21         9
      460   -2.182527e+03         g        21        10
      461    3.723671e+03         h        21        10
      462    1.973041e+03         g        21        11
      463    2.798068e+03         h        21        11
      464    1.319116e+02         g        21        12
      465   -3.349826e+02         h        21        12
      466   -6.536587e+02         g        21        13
      467    2.292613e+03         h        21        13
      468    1.135470e+02         g        21        14
      469    1.208294e+03         h        21        14
      470   -5.534089e+02         g        21        15
      471    4.622704e+02         h        21        15
      472   -7.964576e+02         g        21        16
      473    4.422288e+02         h        21        16
      474   -3.787172e+02         g        21        17
      475    6.897432e+02         h        21        17
      476   -2.907594e+02         g        21        18
      477    3.172400e+02         h        21        18
      478   -3.393005e+01         g        21        19
      479    1.392076e+02         h        21        19
      480   -1.890471e+02         g        21        20
      481   -1.954951e+02         h        21        20
      482    1.821657e+02         g        21        21
      483   -1.362183e+02         h        21        21
      484   -1.174985e+03         g        22         0
      485   -3.719250e+03         g        22         1
      486   -4.102969e+03         h        22         1
      487    9.569002e+02         g        22         2
      488    4.327545e+03         h        22         2
      489    2.650327e+03         g        22         3
      490    7.647045e+03         h        22         3
      491    1.245134e+03         g        22         4
      492    5.195981e+02         h        22         4
      493    5.443677e+03         g        22         5
      494    2.393424e+03         h        22         5
      495    2.133720e+03         g        22         6
      496    2.288237e+03         h        22         6
      497    4.822271e+03         g        22         7
      498    2.493482e+03         h        22         7
      499    5.372676e+03         g        22         8
      500   -3.054361e+03         h        22         8
      501    1.246056e+03         g        22         9
      502   -1.787352e+03         h        22         9
      503    1.959282e+03         g        22        10
      504    1.202784e+03         h        22        10
      505    2.769708e+03         g        22        11
      506   -8.261936e+02         h        22        11
      507    1.140196e+03         g        22        12
      508   -1.922110e+03         h        22        12
      509    9.950154e+02         g        22        13
      510    6.165952e+02         h        22        13
      511    1.648924e+03         g        22        14
      512   -2.305806e+02         h        22        14
      513    2.217886e+02         g        22        15
      514   -7.398403e+01         h        22        15
      515    6.092629e+02         g        22        16
      516    1.257432e+02         h        22        16
      517    2.334470e+02         g        22        17
      518    2.642553e+02         h        22        17
      519    3.808639e+02         g        22        18
      520    4.210860e+02         h        22        18
      521    1.446493e+02         g        22        19
      522    2.685800e+02         h        22        19
      523    7.988771e+01         g        22        20
      524    6.212013e+01         h        22        20
      525   -1.590915e+02         g        22        21
      526    8.463773e+01         h        22        21
      527   -6.029286e+01         g        22        22
      528   -1.494031e+02         h        22        22
      529    4.297022e+02         g        23         0
      530    5.162265e+02         g        23         1
      531   -2.779297e+03         h        23         1
      532    7.932182e+02         g        23         2
      533    6.728888e+02         h        23         2
      534    1.793804e+03         g        23         3
      535    3.988379e+02         h        23         3
      536    1.682967e+02         g        23         4
      537   -3.091538e+03         h        23         4
      538   -2.679373e+02         g        23         5
      539   -7.147226e+02         h        23         5
      540    1.021447e+03         g        23         6
      541   -1.162497e+03         h        23         6
      542    1.703118e+03         g        23         7
      543   -1.067342e+03         h        23         7
      544   -5.437009e+02         g        23         8
      545   -4.753402e+03         h        23         8
      546   -2.018050e+03         g        23         9
      547   -1.862761e+03         h        23         9
      548    8.206383e+02         g        23        10
      549   -3.055220e+02         h        23        10
      550   -5.984637e+02         g        23        11
      551   -2.806110e+03         h        23        11
      552   -1.322297e+03         g        23        12
      553   -1.553887e+03         h        23        12
      554    8.512619e+01         g        23        13
      555   -8.667656e+02         h        23        13
      556    1.197181e+02         g        23        14
      557   -1.245521e+03         h        23        14
      558   -5.528375e+02         g        23        15
      559   -6.911515e+02         h        23        15
      560    1.940709e+02         g        23        16
      561   -4.524274e+02         h        23        16
      562    4.047543e+01         g        23        17
      563   -6.267248e+02         h        23        17
      564    1.940783e+02         g        23        18
      565    1.769819e+01         h        23        18
      566    2.941826e+02         g        23        19
      567   -1.154532e+02         h        23        19
      568    1.658708e+02         g        23        20
      569    8.244032e+00         h        23        20
      570    6.210456e+01         g        23        21
      571   -3.369396e+01         h        23        21
      572    3.108821e+01         g        23        22
      573    1.152972e+02         h        23        22
      574   -1.099603e+02         g        23        23
      575    1.556921e+01         h        23        23
      576    3.970444e+02         g        24         0
      577    2.414495e+03         g        24         1
      578    8.198015e+02         h        24         1
      579   -1.327107e+03         g        24         2
      580   -1.157580e+03         h        24         2
      581   -4.875391e+02         g        24         3
      582   -2.743706e+03         h        24         3
      583   -1.840168e+03         g        24         4
      584   -7.991405e+02         h        24         4
      585   -3.897141e+03         g        24         5
      586   -1.394875e+02         h        24         5
      587   -7.605735e+02         g        24         6
      588   -3.675978e+01         h        24         6
      589   -1.199615e+03         g        24         7
      590    2.940135e+02         h        24         7
      591   -3.896179e+03         g        24         8
      592   -4.459070e+02         h        24         8
      593   -2.418857e+03         g        24         9
      594    1.772924e+03         h        24         9
      595   -9.018890e+01         g        24        10
      596    1.162402e+03         h        24        10
      597   -2.077008e+03         g        24        11
      598   -2.636532e+02         h        24        11
      599   -2.162805e+03         g        24        12
      600    1.331303e+03         h        24        12
      601   -2.497103e+02         g        24        13
      602    3.493069e+02         h        24        13
      603   -1.105005e+03         g        24        14
      604   -1.622524e+02         h        24        14
      605   -9.706400e+02         g        24        15
      606    6.344677e+02         h        24        15
      607   -3.918234e+02         g        24        16
      608    5.799200e+01         h        24        16
      609   -4.793974e+02         g        24        17
      610   -2.015207e+02         h        24        17
      611   -2.862980e+02         g        24        18
      612    7.992068e+01         h        24        18
      613    2.588954e+01         g        24        19
      614   -1.686619e+01         h        24        19
      615   -3.778487e+01         g        24        20
      616   -9.565305e+01         h        24        20
      617    5.749157e+01         g        24        21
      618   -8.367968e+01         h        24        21
      619    4.306458e+00         g        24        22
      620   -5.461790e+01         h        24        22
      621    8.259762e+01         g        24        23
      622   -2.918348e+00         h        24        23
      623   -4.549198e+00         g        24        24
      624    7.706722e+01         h        24        24
      625    1.193534e+03         g        25         0
      626    2.290927e+03         g        25         1
      627    3.356793e+03         h        25         1
      628   -5.855550e+02         g        25         2
      629   -8.517164e+02         h        25         2
      630   -1.506525e+02         g        25         3
      631   -2.141530e+03         h        25         3
      632   -6.895874e+02         g        25         4
      633    1.566886e+03         h        25         4
      634   -1.661318e+03         g        25         5
      635    4.796990e+02         h        25         5
      636    2.243749e+02         g        25         6
      637    5.891208e+02         h        25         6
      638   -2.141795e+02         g        25         7
      639    1.289448e+03         h        25         7
      640   -1.527866e+03         g        25         8
      641    2.125099e+03         h        25         8
      642    6.198595e+02         g        25         9
      643    2.915057e+03         h        25         9
      644    1.463974e+03         g        25        10
      645    1.043421e+03         h        25        10
      646   -2.402201e+02         g        25        11
      647    1.444929e+03         h        25        11
      648    2.607433e+02         g        25        12
      649    2.284093e+03         h        25        12
      650    9.769966e+02         g        25        13
      651    7.679918e+02         h        25        13
      652   -7.427094e+01         g        25        14
      653    6.193831e+02         h        25        14
      654    1.633576e+02         g        25        15
      655    1.379972e+03         h        25        15
      656    3.216055e+02         g        25        16
      657    4.875900e+02         h        25        16
      658   -1.779139e+02         g        25        17
      659    3.762153e+02         h        25        17
      660    4.679603e+01         g        25        18
      661    3.956390e+02         h        25        18
      662    3.210546e+01         g        25        19
      663    2.476596e+02         h        25        19
      664    1.287221e+01         g        25        20
      665    1.081027e+02         h        25        20
      666   -3.061371e+01         g        25        21
      667    1.275900e+01         h        25        21
      668   -3.056960e+01         g        25        22
      669   -6.961917e+01         h        25        22
      670   -3.216000e+01         g        25        23
      671   -2.797140e+01         h        25        23
      672    1.128134e+01         g        25        24
      673   -5.276410e+01         h        25        24
      674    4.954873e+01         g        25        25
      675    1.364653e+01         h        25        25
      676    1.840868e+03         g        26         0
      677    1.087329e+03         g        26         1
      678    1.567142e+03         h        26         1
      679    6.798542e+02         g        26         2
      680   -4.524182e+02         h        26         2
      681    3.487234e+02         g        26         3
      682   -1.411853e+03         h        26         3
      683    7.403672e+02         g        26         4
      684    6.151460e+02         h        26         4
      685    8.526964e+02         g        26         5
      686   -9.419412e+02         h        26         5
      687    4.197092e+02         g        26         6
      688   -9.346453e+02         h        26         6
      689    4.573420e+02         g        26         7
      690   -3.976065e+02         h        26         7
      691    7.857409e+02         g        26         8
      692    7.709007e+02         h        26         8
      693    1.755279e+03         g        26         9
      694    2.289551e+02         h        26         9
      695    1.448649e+03         g        26        10
      696   -1.138889e+03         h        26        10
      697    8.194630e+02         g        26        11
      698    2.170476e+02         h        26        11
      699    1.581172e+03         g        26        12
      700    3.970323e+02         h        26        12
      701    1.081332e+03         g        26        13
      702   -7.713537e+02         h        26        13
      703    5.478666e+02         g        26        14
      704   -7.894990e+01         h        26        14
      705    9.858858e+02         g        26        15
      706    2.611770e+02         h        26        15
      707    6.861430e+02         g        26        16
      708   -1.469010e+02         h        26        16
      709    2.420196e+02         g        26        17
      710    3.417720e+01         h        26        17
      711    4.323111e+02         g        26        18
      712    1.057020e+02         h        26        18
      713    2.479365e+02         g        26        19
      714    1.923929e+01         h        26        19
      715    1.809218e+02         g        26        20
      716    1.223973e+02         h        26        20
      717    8.794981e+01         g        26        21
      718   -4.200899e+00         h        26        21
      719   -7.507873e+00         g        26        22
      720    1.100109e+00         h        26        22
      721   -5.357865e+01         g        26        23
      722   -1.028549e+01         h        26        23
      723   -3.267905e+01         g        26        24
      724    1.339791e+01         h        26        24
      725   -3.290839e+01         g        26        25
      726   -1.430155e+01         h        26        25
      727    1.422576e+01         g        26        26
      728   -2.988162e+01         h        26        26
      729    4.745650e+02         g        27         0
      730   -6.555940e+02         g        27         1
      731   -1.017627e+03         h        27         1
      732    1.325066e+01         g        27         2
      733    2.386032e+02         h        27         2
      734   -4.531473e+02         g        27         3
      735   -2.640041e+02         h        27         3
      736    2.534408e+02         g        27         4
      737   -5.350531e+02         h        27         4
      738    7.421288e+02         g        27         5
      739   -1.255439e+03         h        27         5
      740   -1.047159e+03         g        27         6
      741   -1.109415e+03         h        27         6
      742   -4.095867e+02         g        27         7
      743   -1.145245e+03         h        27         7
      744    3.840299e+02         g        27         8
      745   -4.387146e+02         h        27         8
      746    9.952743e+01         g        27         9
      747   -1.414335e+03         h        27         9
      748   -7.272063e+02         g        27        10
      749   -1.679386e+03         h        27        10
      750   -9.150154e+01         g        27        11
      751   -5.148257e+02         h        27        11
      752    3.482579e+02         g        27        12
      753   -9.102619e+02         h        27        12
      754   -4.656289e+02         g        27        13
      755   -1.246541e+03         h        27        13
      756   -2.956268e+02         g        27        14
      757   -4.093709e+02         h        27        14
      758    3.987451e+02         g        27        15
      759   -5.897541e+02         h        27        15
      760   -1.179100e+02         g        27        16
      761   -6.061921e+02         h        27        16
      762   -5.288750e+01         g        27        17
      763   -2.053887e+02         h        27        17
      764    1.476469e+02         g        27        18
      765   -3.065869e+02         h        27        18
      766    5.254289e+01         g        27        19
      767   -2.438341e+02         h        27        19
      768    7.737571e+01         g        27        20
      769   -6.256957e+01         h        27        20
      770    8.772790e+01         g        27        21
      771   -9.967066e+01         h        27        21
      772   -1.373342e+01         g        27        22
      773   -5.762653e+01         h        27        22
      774   -4.892060e+00         g        27        23
      775   -6.718267e+00         h        27        23
      776   -2.270626e+01         g        27        24
      777    3.134402e+01         h        27        24
      778   -3.320500e-01         g        27        25
      779    2.788949e+01         h        27        25
      780   -1.499167e+01         g        27        26
      781    1.986128e+01         h        27        26
      782   -1.835874e+01         g        27        27
      783   -1.184068e+01         h        27        27
      784   -1.115968e+03         g        28         0
      785   -1.572042e+03         g        28         1
      786   -1.025504e+03         h        28         1
      787   -5.412111e+02         g        28         2
      788    1.188767e+03         h        28         2
      789   -6.341660e+02         g        28         3
      790    1.289944e+03         h        28         3
      791   -1.465091e+02         g        28         4
      792   -2.052352e+02         h        28         4
      793    2.830538e+02         g        28         5
      794    2.615529e+02         h        28         5
      795   -1.102223e+03         g        28         6
      796    4.088217e+02         h        28         6
      797   -3.625546e+02         g        28         7
      798   -5.209336e+01         h        28         7
      799   -5.645321e+01         g        28         8
      800   -8.416294e+01         h        28         8
      801   -8.688033e+02         g        28         9
      802   -4.915640e+02         h        28         9
      803   -1.515478e+03         g        28        10
      804   -1.245552e+02         h        28        10
      805   -4.910507e+02         g        28        11
      806    3.153596e+02         h        28        11
      807   -5.281516e+02         g        28        12
      808   -3.746970e+02         h        28        12
      809   -1.201952e+03         g        28        13
      810    7.192272e+01         h        28        13
      811   -5.736282e+02         g        28        14
      812    3.297709e+02         h        28        14
      813   -1.857588e+02         g        28        15
      814   -1.954282e+02         h        28        15
      815   -6.085679e+02         g        28        16
      816   -7.834982e+01         h        28        16
      817   -2.950704e+02         g        28        17
      818    2.253812e+02         h        28        17
      819   -1.423090e+02         g        28        18
      820   -1.549430e+02         h        28        18
      821   -2.345501e+02         g        28        19
      822   -7.205422e+01         h        28        19
      823   -6.807194e+01         g        28        20
      824   -6.939563e+00         h        28        20
      825   -5.204545e+01         g        28        21
      826   -5.632422e+01         h        28        21
      827   -6.391144e+01         g        28        22
      828   -5.237877e+01         h        28        22
      829   -3.505474e+01         g        28        23
      830   -1.857450e+01         h        28        23
      831   -6.830501e+00         g        28        24
      832   -3.227286e+00         h        28        24
      833    1.622284e+01         g        28        25
      834    1.898465e+01         h        28        25
      835    1.704632e+01         g        28        26
      836    8.043480e+00         h        28        26
      837    9.199716e+00         g        28        27
      838    1.229795e+01         h        28        27
      839   -9.771562e+00         g        28        28
      840    1.130378e+01         h        28        28
      841   -9.574704e+02         g        29         0
      842   -9.492431e+02         g        29         1
      843   -4.828075e+00         h        29         1
      844    1.663749e+02         g        29         2
      845    1.032442e+03         h        29         2
      846    2.121646e+02         g        29         3
      847    1.304408e+03         h        29         3
      848    3.667805e+02         g        29         4
      849    3.413597e+01         h        29         4
      850    4.570581e+02         g        29         5
      851    9.155434e+02         h        29         5
      852    3.959016e+02         g        29         6
      853    9.388599e+02         h        29         6
      854    5.863788e+02         g        29         7
      855    3.742464e+02         h        29         7
      856    3.851413e+02         g        29         8
      857    1.859973e+01         h        29         8
      858   -1.829265e+02         g        29         9
      859    3.078329e+02         h        29         9
      860   -2.970586e+02         g        29        10
      861    7.899112e+02         h        29        10
      862    2.561356e+02         g        29        11
      863    4.983954e+02         h        29        11
      864   -1.238774e+01         g        29        12
      865    1.245710e+02         h        29        12
      866   -3.544505e+02         g        29        13
      867    8.269292e+02         h        29        13
      868    2.452051e+02         g        29        14
      869    6.014758e+02         h        29        14
      870    5.086399e+01         g        29        15
      871    7.286347e+01         h        29        15
      872   -1.509896e+02         g        29        16
      873    3.764487e+02         h        29        16
      874    9.137827e+01         g        29        17
      875    4.139197e+02         h        29        17
      876    1.486590e+01         g        29        18
      877    7.026355e+01         h        29        18
      878   -1.179731e+02         g        29        19
      879    1.250590e+02         h        29        19
      880    2.279357e+01         g        29        20
      881    1.157363e+02         h        29        20
      882   -3.884376e+01         g        29        21
      883    2.943125e+01         h        29        21
      884   -4.659655e+01         g        29        22
      885    3.856091e+01         h        29        22
      886   -3.999720e+01         g        29        23
      887   -7.887581e-01         h        29        23
      888   -2.431405e+01         g        29        24
      889    5.497509e+00         h        29        24
      890   -2.876188e+00         g        29        25
      891   -2.521362e+00         h        29        25
      892    1.141963e+01         g        29        26
      893   -6.647217e+00         h        29        26
      894    9.017885e+00         g        29        27
      895   -8.596325e+00         h        29        27
      896    8.241267e+00         g        29        28
      897   -3.783561e+00         h        29        28
      898    7.129392e+00         g        29        29
      899    7.291658e+00         h        29        29
      900   -2.552844e+00         g        30         0
      901    1.294199e+02         g        30         1
      902    1.728182e+02         h        30         1
      903    5.138915e+02         g        30         2
      904   -2.126597e+02         h        30         2
      905    4.777933e+02         g        30         3
      906   -8.364131e+01         h        30         3
      907    3.421240e+02         g        30         4
      908   -2.576253e+02         h        30         4
      909    1.363737e+02         g        30         5
      910    1.632814e+02         h        30         5
      911    9.532050e+02         g        30         6
      912    1.789891e+02         h        30         6
      913    5.726502e+02         g        30         7
      914   -2.019347e+02         h        30         7
      915    2.426029e+02         g        30         8
      916   -3.989273e+02         h        30         8
      917    3.328480e+02         g        30         9
      918    5.652374e+01         h        30         9
      919    5.185965e+02         g        30        10
      920    3.060295e+02         h        30        10
      921    5.065184e+02         g        30        11
      922   -3.207615e+02         h        30        11
      923    2.473911e+02         g        30        12
      924   -1.848477e+02         h        30        12
      925    3.821245e+02         g        30        13
      926    2.778560e+02         h        30        13
      927    5.860637e+02         g        30        14
      928   -8.485170e+01         h        30        14
      929    1.566410e+02         g        30        15
      930   -2.866446e+02         h        30        15
      931    2.060661e+02         g        30        16
      932    1.095411e+02         h        30        16
      933    3.632730e+02         g        30        17
      934   -5.971959e+00         h        30        17
      935    1.005922e+02         g        30        18
      936   -8.648037e+01         h        30        18
      937    6.826554e+01         g        30        19
      938    2.469936e+01         h        30        19
      939    1.149664e+02         g        30        20
      940   -3.610232e+00         h        30        20
      941    3.358955e+01         g        30        21
      942   -8.465534e+00         h        30        21
      943    8.947422e+00         g        30        22
      944    3.444727e+01         h        30        22
      945    3.581571e+00         g        30        23
      946    4.697630e-01         h        30        23
      947   -2.325379e+01         g        30        24
      948    1.110199e+01         h        30        24
      949   -3.015236e+00         g        30        25
      950    1.163227e+01         h        30        25
      951   -6.811049e+00         g        30        26
      952    2.986715e+00         h        30        26
      953   -1.818852e+00         g        30        27
      954   -5.168182e+00         h        30        27
      955   -2.869752e+00         g        30        28
      956   -7.824539e+00         h        30        28
      957   -8.917426e-01         g        30        29
      958   -5.639191e+00         h        30        29
      959    5.581126e+00         g        30        30
      960   -4.778268e+00         h        30        30
      961    4.146649e+02         g        31         0
      962    4.904733e+02         g        31         1
      963    5.924613e+01         h        31         1
      964   -6.067516e+01         g        31         2
      965   -9.803826e+02         h        31         2
      966   -4.424365e+01         g        31         3
      967   -8.138686e+02         h        31         3
      968   -3.195340e+02         g        31         4
      969   -1.051287e+02         h        31         4
      970   -5.290159e+02         g        31         5
      971   -3.025148e+02         h        31         5
      972    2.707472e+02         g        31         6
      973   -2.201861e+02         h        31         6
      974   -2.277241e+02         g        31         7
      975   -2.422535e+02         h        31         7
      976   -3.895551e+02         g        31         8
      977   -2.203467e+02         h        31         8
      978    1.137890e+02         g        31         9
      979   -2.217877e+01         h        31         9
      980    2.420070e+02         g        31        10
      981   -1.242544e+02         h        31        10
      982   -7.232900e+01         g        31        11
      983   -5.525336e+02         h        31        11
      984   -1.877905e+02         g        31        12
      985   -2.510706e+02         h        31        12
      986    2.238625e+02         g        31        13
      987   -1.788930e+02         h        31        13
      988    4.608811e+01         g        31        14
      989   -4.932759e+02         h        31        14
      990   -2.628464e+02         g        31        15
      991   -3.321436e+02         h        31        15
      992    9.520099e+00         g        31        16
      993   -1.316426e+02         h        31        16
      994    8.022771e+01         g        31        17
      995   -2.867663e+02         h        31        17
      996   -1.323644e+02         g        31        18
      997   -1.775567e+02         h        31        18
      998   -1.618896e+01         g        31        19
      999   -6.101901e+01         h        31        19
     1000    8.991621e+00         g        31        20
     1001   -1.338111e+02         h        31        20
     1002   -2.727460e+01         g        31        21
     1003   -5.038347e+01         h        31        21
     1004    3.121339e+00         g        31        22
     1005   -1.298191e+01         h        31        22
     1006   -7.214852e-01         g        31        23
     1007   -1.809095e+01         h        31        23
     1008   -1.413068e+01         g        31        24
     1009   -5.977721e+00         h        31        24
     1010    2.748876e+00         g        31        25
     1011    1.490357e+01         h        31        25
     1012    5.576891e+00         g        31        26
     1013    8.182207e+00         h        31        26
     1014    3.193585e+00         g        31        27
     1015    9.214952e+00         h        31        27
     1016   -8.318507e-01         g        31        28
     1017    9.628370e-01         h        31        28
     1018   -4.716674e+00         g        31        29
     1019   -9.539961e-01         h        31        29
     1020   -2.948287e+00         g        31        30
     1021   -6.765826e-01         h        31        30
     1022   -3.123015e+00         g        31        31
     1023   -4.858024e+00         h        31        31
     1024    3.126414e+02         g        32         0
     1025    2.390013e+02         g        32         1
     1026    1.856148e+02         h        32         1
     1027   -3.915686e+02         g        32         2
     1028   -6.136625e+02         h        32         2
     1029   -2.619933e+02         g        32         3
     1030   -3.877809e+02         h        32         3
     1031   -4.429791e+02         g        32         4
     1032    3.355983e+02         h        32         4
     1033   -4.968554e+02         g        32         5
     1034   -7.633188e+01         h        32         5
     1035   -1.919583e+02         g        32         6
     1036    3.042441e+00         h        32         6
     1037   -4.417515e+02         g        32         7
     1038    2.284903e+02         h        32         7
     1039   -3.698772e+02         g        32         8
     1040    3.414978e+02         h        32         8
     1041    1.833973e+00         g        32         9
     1042    2.310725e+02         h        32         9
     1043   -2.612756e+00         g        32        10
     1044    1.078874e+01         h        32        10
     1045   -3.477640e+02         g        32        11
     1046    2.297293e+00         h        32        11
     1047   -2.928405e+02         g        32        12
     1048    1.810923e+02         h        32        12
     1049    9.842414e+00         g        32        13
     1050   -2.144381e+01         h        32        13
     1051   -3.022158e+02         g        32        14
     1052   -1.428530e+02         h        32        14
     1053   -4.075926e+02         g        32        15
     1054    1.357982e+02         h        32        15
     1055   -1.008929e+02         g        32        16
     1056    5.716185e+01         h        32        16
     1057   -1.684471e+02         g        32        17
     1058   -1.005917e+02         h        32        17
     1059   -2.344356e+02         g        32        18
     1060    6.295378e+01         h        32        18
     1061   -8.691824e+01         g        32        19
     1062    5.743439e+01         h        32        19
     1063   -9.075829e+01         g        32        20
     1064   -4.867661e+01         h        32        20
     1065   -8.506028e+01         g        32        21
     1066    1.966769e+01         h        32        21
     1067   -1.458474e+01         g        32        22
     1068    1.243126e+01         h        32        22
     1069   -2.604717e+01         g        32        23
     1070   -4.822491e+00         h        32        23
     1071   -1.390118e+01         g        32        24
     1072   -8.768890e-01         h        32        24
     1073   -1.730198e+00         g        32        25
     1074    3.858545e+00         h        32        25
     1075    1.265821e+01         g        32        26
     1076    3.225337e+00         h        32        26
     1077    1.072811e+01         g        32        27
     1078    5.056913e-01         h        32        27
     1079    9.145663e+00         g        32        28
     1080   -2.026485e-01         h        32        28
     1081    2.143777e+00         g        32        29
     1082   -1.110241e+00         h        32        29
     1083   -1.495779e+00         g        32        30
     1084    2.011919e+00         h        32        30
     1085   -4.808965e-01         g        32        31
     1086    9.175697e-01         h        32        31
     1087   -4.381223e+00         g        32        32
     1088    1.772854e+00         h        32        32
     1089    1.358078e+02         g        33         0
     1090    3.343184e+00         g        33         1
     1091    1.670466e+02         h        33         1
     1092   -1.002156e+02         g        33         2
     1093    4.958902e+01         h        33         2
     1094    1.267797e+01         g        33         3
     1095    8.606694e+01         h        33         3
     1096    7.635182e+00         g        33         4
     1097    2.829487e+02         h        33         4
     1098    4.628567e+01         g        33         5
     1099    3.817641e+01         h        33         5
     1100   -1.236871e+02         g        33         6
     1101    3.628892e+01         h        33         6
     1102   -5.275805e+01         g        33         7
     1103    2.544709e+02         h        33         7
     1104    1.139734e+02         g        33         8
     1105    3.762675e+02         h        33         8
     1106    1.414331e+02         g        33         9
     1107    1.215387e+02         h        33         9
     1108    9.874858e+01         g        33        10
     1109    5.371481e+01         h        33        10
     1110   -5.132710e+01         g        33        11
     1111    2.948535e+02         h        33        11
     1112    8.090664e+01         g        33        12
     1113    3.209794e+02         h        33        12
     1114    1.450558e+02         g        33        13
     1115    5.785084e+01         h        33        13
     1116   -9.155611e+01         g        33        14
     1117    1.738013e+02         h        33        14
     1118   -2.094010e+01         g        33        15
     1119    3.593430e+02         h        33        15
     1120    1.080095e+02         g        33        16
     1121    1.553804e+02         h        33        16
     1122   -4.148914e+01         g        33        17
     1123    7.243551e+01         h        33        17
     1124   -2.171247e+01         g        33        18
     1125    2.165023e+02         h        33        18
     1126    5.118287e+01         g        33        19
     1127    1.178232e+02         h        33        19
     1128   -3.033504e+01         g        33        20
     1129    4.852042e+01         h        33        20
     1130   -9.459072e+00         g        33        21
     1131    7.921503e+01         h        33        21
     1132    2.303652e+01         g        33        22
     1133    3.693276e+01         h        33        22
     1134   -8.069266e+00         g        33        23
     1135    1.854764e+01         h        33        23
     1136   -6.308300e-01         g        33        24
     1137    1.443988e+01         h        33        24
     1138   -2.493060e-01         g        33        25
     1139   -1.820119e-01         h        33        25
     1140    5.936577e+00         g        33        26
     1141    6.539626e-01         h        33        26
     1142    7.605461e+00         g        33        27
     1143   -6.976863e+00         h        33        27
     1144    2.995881e+00         g        33        28
     1145   -6.668536e+00         h        33        28
     1146    1.787600e+00         g        33        29
     1147   -6.951834e+00         h        33        29
     1148   -9.268584e-01         g        33        30
     1149   -2.257532e+00         h        33        30
     1150    1.013754e+00         g        33        31
     1151    1.170115e+00         h        33        31
     1152    2.677012e-02         g        33        32
     1153    1.269104e-02         h        33        32
     1154    6.533601e-01         g        33        33
     1155    3.996269e+00         h        33        33
     1156   -1.483630e+02         g        34         0
     1157   -6.115824e+01         g        34         1
     1158   -8.893440e+01         h        34         1
     1159    1.654053e+02         g        34         2
     1160    3.526409e+02         h        34         2
     1161    1.234316e+02         g        34         3
     1162    1.560295e+02         h        34         3
     1163    2.242059e+02         g        34         4
     1164   -1.276142e+02         h        34         4
     1165    2.539957e+02         g        34         5
     1166   -1.816479e+01         h        34         5
     1167   -8.662027e+01         g        34         6
     1168   -1.373039e+02         h        34         6
     1169    1.225300e+02         g        34         7
     1170   -8.544393e+01         h        34         7
     1171    2.069051e+02         g        34         8
     1172   -3.452489e+01         h        34         8
     1173    1.961609e+00         g        34         9
     1174   -1.888926e+02         h        34         9
     1175    5.346183e+00         g        34        10
     1176   -1.014279e+02         h        34        10
     1177    1.232976e+02         g        34        11
     1178    9.843922e+01         h        34        11
     1179    1.970730e+02         g        34        12
     1180    6.017712e+00         h        34        12
     1181    9.840564e+01         g        34        13
     1182   -1.191909e+02         h        34        13
     1183    7.573654e+01         g        34        14
     1184    7.699053e+01         h        34        14
     1185    2.452786e+02         g        34        15
     1186    1.010429e+02         h        34        15
     1187    1.559311e+02         g        34        16
     1188   -6.341401e+01         h        34        16
     1189    5.989357e+01         g        34        17
     1190   -1.111939e+00         h        34        17
     1191    1.437834e+02         g        34        18
     1192    5.725742e+01         h        34        18
     1193    1.207235e+02         g        34        19
     1194   -1.685179e+01         h        34        19
     1195    2.773934e+01         g        34        20
     1196    3.106549e+00         h        34        20
     1197    6.101419e+01         g        34        21
     1198    2.303970e+01         h        34        21
     1199    4.804912e+01         g        34        22
     1200   -1.400800e+01         h        34        22
     1201    1.223217e+01         g        34        23
     1202    7.562299e+00         h        34        23
     1203    1.709664e+01         g        34        24
     1204    7.279872e+00         h        34        24
     1205    4.569019e+00         g        34        25
     1206   -4.362002e+00         h        34        25
     1207    3.095444e+00         g        34        26
     1208    1.742687e-01         h        34        26
     1209    3.396582e+00         g        34        27
     1210   -3.277947e+00         h        34        27
     1211   -2.808284e+00         g        34        28
     1212   -3.877414e+00         h        34        28
     1213   -3.926144e+00         g        34        29
     1214   -2.616198e+00         h        34        29
     1215   -4.703087e+00         g        34        30
     1216   -1.573240e+00         h        34        30
     1217   -1.520013e+00         g        34        31
     1218    4.719735e-01         h        34        31
     1219    8.034699e-01         g        34        32
     1220   -3.912573e-01         h        34        32
     1221   -3.621093e-01         g        34        33
     1222    2.956277e-01         h        34        33
     1223    3.568023e+00         g        34        34
     1224    3.431654e-01         h        34        34
     1225   -2.129941e+02         g        35         0
     1226   -4.362090e+01         g        35         1
     1227   -1.358095e+02         h        35         1
     1228    1.071435e+02         g        35         2
     1229    2.306611e+02         h        35         2
     1230    1.272590e+01         g        35         3
     1231    8.128374e+01         h        35         3
     1232    9.104947e+01         g        35         4
     1233   -1.969085e+02         h        35         4
     1234    9.459732e+01         g        35         5
     1235    1.449340e+01         h        35         5
     1236   -8.067590e+01         g        35         6
     1237   -9.973773e+01         h        35         6
     1238    2.555679e+01         g        35         7
     1239   -1.513134e+02         h        35         7
     1240    1.420484e+01         g        35         8
     1241   -1.723304e+02         h        35         8
     1242   -1.735769e+02         g        35         9
     1243   -1.643336e+02         h        35         9
     1244   -1.419369e+02         g        35        10
     1245   -8.362952e+01         h        35        10
     1246    2.370294e+01         g        35        11
     1247   -4.297930e+01         h        35        11
     1248    1.237363e+01         g        35        12
     1249   -1.467717e+02         h        35        12
     1250   -1.136878e+02         g        35        13
     1251   -1.252981e+02         h        35        13
     1252    3.516904e+00         g        35        14
     1253   -2.879065e+01         h        35        14
     1254    1.216687e+02         g        35        15
     1255   -1.024145e+02         h        35        15
     1256   -2.387071e+01         g        35        16
     1257   -1.589147e+02         h        35        16
     1258   -2.623540e+01         g        35        17
     1259   -4.870611e+01         h        35        17
     1260    7.737519e+01         g        35        18
     1261   -8.076384e+01         h        35        18
     1262    1.294691e+01         g        35        19
     1263   -1.001253e+02         h        35        19
     1264   -1.017114e+01         g        35        20
     1265   -3.257179e+01         h        35        20
     1266    2.754731e+01         g        35        21
     1267   -3.762275e+01         h        35        21
     1268    9.462439e+00         g        35        22
     1269   -4.968535e+01         h        35        22
     1270   -1.058152e+00         g        35        23
     1271   -9.673353e+00         h        35        23
     1272    1.346357e+01         g        35        24
     1273   -4.838062e+00         h        35        24
     1274    1.495160e+00         g        35        25
     1275   -8.878533e+00         h        35        25
     1276    3.337720e+00         g        35        26
     1277   -1.140291e+00         h        35        26
     1278    3.365730e+00         g        35        27
     1279   -8.381194e-01         h        35        27
     1280    4.902903e-01         g        35        28
     1281    8.694291e-01         h        35        28
     1282   -1.910410e+00         g        35        29
     1283    2.068565e+00         h        35        29
     1284   -2.344133e+00         g        35        30
     1285    2.843150e+00         h        35        30
     1286   -1.100375e+00         g        35        31
     1287    2.698108e+00         h        35        31
     1288   -3.354231e-01         g        35        32
     1289    1.010387e+00         h        35        32
     1290   -2.853124e-01         g        35        33
     1291   -3.959442e-01         h        35        33
     1292    8.016280e-02         g        35        34
     1293    7.013803e-01         h        35        34
     1294    1.199644e+00         g        35        35
     1295   -2.943742e+00         h        35        35