      IND             SHC     g | h         n         m
        1    6.691320e+05         g         1         0
        2   -1.161323e+05         g         1         1
        3    3.438472e+04         h         1         1
        4    2.255470e+04         g         2         0
        5   -1.091557e+05         g         2         1
        6   -8.180782e+04         h         2         1
        7    9.249445e+04         g         2         2
        8    3.871691e+04         h         2         2
        9    6.246953e+03         g         3         0
       10   -8.427276e+04         g         3         1
       11   -7.377513e+04         h         3         1
       12    3.461164e+04         g         3         2
       13    9.552221e+04         h         3         2
       14   -3.657629e+03         g         3         3
       15   -6.192791e+04         h         3         3
       16   -9.052365e+04         g         4         0
       17   -2.181815e+04         g         4         1
       18    8.452303e+04         h         4         1
       19   -6.902521e+03         g         4         2
       20    7.373136e+04         h         4         2
       21   -2.853403e+04         g         4         3
       22   -1.712384e+03         h         4         3
       23   -4.778968e+04         g         4         4
       24   -3.342870e+03         h         4         4
       25   -5.939612e+04         g         5         0
       26    1.446521e+04         g         5         1
       27    1.441824e+05         h         5         1
       28    5.159556e+04         g         5         2
       29   -4.327310e+03         h         5         2
       30   -5.443703e+04         g         5         3
       31    1.860260e+04         h         5         3
       32   -7.907855e+03         g         5         4
       33    3.290437e+04         h         5         4
       34   -1.530782e+04         g         5         5
       35    3.159546e+04         h         5         5
       36   -7.370887e+04         g         6         0
       37    3.413858e+04         g         6         1
       38    4.680490e+04         h         6         1
       39    4.420916e+04         g         6         2
       40   -3.378471e+04         h         6         2
       41   -4.498921e+04         g         6         3
       42   -8.699500e+02         h         6         3
       43    9.671672e+03         g         6         4
       44    5.063714e+04         h         6         4
       45    5.243735e+03         g         6         5
       46   -1.351769e+04         h         6         5
       47    2.980994e+04         g         6         6
       48    1.736513e+04         h         6         6
       49   -8.370826e+03         g         7         0
       50    2.710785e+04         g         7         1
       51   -2.649532e+04         h         7         1
       52   -2.893973e+04         g         7         2
       53   -5.376055e+04         h         7         2
       54   -8.432799e+03         g         7         3
       55    8.587928e+03         h         7         3
       56   -2.988743e+04         g         7         4
       57    2.340544e+04         h         7         4
       58    1.405078e+04         g         7         5
       59   -2.874968e+04         h         7         5
       60   -1.080871e+04         g         7         6
       61   -8.425235e+03         h         7         6
       62    1.570946e+04         g         7         7
       63   -2.543733e+04         h         7         7
       64    6.371964e+04         g         8         0
       65    1.594509e+03         g         8         1
       66   -2.015648e+04         h         8         1
       67   -3.800764e+04         g         8         2
       68   -5.920063e+04         h         8         2
       69    1.608525e+03         g         8         3
       70    5.273697e+04         h         8         3
       71   -2.452507e+04         g         8         4
       72   -8.919690e+03         h         8         4
       73   -8.288725e+03         g         8         5
       74    1.164395e+04         h         8         5
       75   -2.203918e+04         g         8         6
       76   -1.653355e+04         h         8         6
       77   -6.799174e+03         g         8         7
       78    4.882229e+03         h         8         7
       79   -1.576060e+04         g         8         8
       80   -1.569424e+04         h         8         8
       81    3.766576e+04         g         9         0
       82   -1.304994e+04         g         9         1
       83   -3.959512e+04         h         9         1
       84    7.218495e+03         g         9         2
       85   -1.214546e+04         h         9         2
       86    4.537099e+03         g         9         3
       87    3.894878e+04         h         9         3
       88    2.127189e+04         g         9         4
       89   -8.251391e+03         h         9         4
       90   -1.620412e+04         g         9         5
       91    2.206999e+04         h         9         5
       92    9.000821e+03         g         9         6
       93   -1.261219e+03         h         9         6
       94   -9.199156e+03         g         9         7
       95    1.115249e+04         h         9         7
       96    8.560695e+03         g         9         8
       97    5.105638e+03         h         9         8
       98   -1.350004e+04         g         9         9
       99    1.116303e+04         h         9         9
      100   -9.797360e+03         g        10         0
      101    6.671786e+03         g        10         1
      102   -4.601335e+04         h        10         1
      103    1.388590e+04         g        10         2
      104    3.926552e+04         h        10         2
      105    2.939791e+04         g        10         3
      106   -1.466594e+04         h        10         3
      107    2.859022e+04         g        10         4
      108   -1.136060e+04         h        10         4
      109    2.658280e+03         g        10         5
      110   -2.137907e+03         h        10         5
      111    1.371499e+04         g        10         6
      112   -5.912257e+03         h        10         6
      113    5.818357e+03         g        10         7
      114   -1.106517e+04         h        10         7
      115    1.777218e+04         g        10         8
      116    3.130359e+03         h        10         8
      117    6.209155e+03         g        10         9
      118   -5.356949e+03         h        10         9
      119    7.931075e+03         g        10        10
      120    1.128995e+04         h        10        10
      121   -1.305238e+03         g        11         0
      122    2.928737e+04         g        11         1
      123    4.482652e+03         h        11         1
      124   -9.903292e+03         g        11         2
      125    4.004015e+04         h        11         2
      126    3.465186e+04         g        11         3
      127   -3.310041e+04         h        11         3
      128    3.128378e+03         g        11         4
      129   -2.580377e+04         h        11         4
      130    3.715244e+03         g        11         5
      131   -3.145165e+03         h        11         5
      132   -8.536954e+03         g        11         6
      133   -2.297344e+04         h        11         6
      134   -2.479959e+03         g        11         7
      135   -1.183891e+04         h        11         7
      136    6.516304e+03         g        11         8
      137   -1.459394e+04         h        11         8
      138    2.054899e+03         g        11         9
      139   -1.323145e+04         h        11         9
      140   -1.239948e+03         g        11        10
      141   -5.297303e+03         h        11        10
      142    8.163412e+03         g        11        11
      143   -4.234558e+03         h        11        11
      144    1.517064e+04         g        12         0
      145    1.939508e+04         g        12         1
      146    4.662450e+04         h        12         1
      147   -6.159987e+03         g        12         2
      148    1.587089e+04         h        12         2
      149    2.061737e+03         g        12         3
      150   -1.669633e+04         h        12         3
      151   -5.683573e+03         g        12         4
      152   -9.785472e+03         h        12         4
      153   -8.911465e+03         g        12         5
      154    1.075647e+04         h        12         5
      155   -1.155999e+04         g        12         6
      156   -1.131379e+04         h        12         6
      157   -1.900221e+04         g        12         7
      158    7.245471e+03         h        12         7
      159    4.632281e+03         g        12         8
      160   -8.461032e+03         h        12         8
      161   -1.363318e+04         g        12         9
      162   -6.091816e+03         h        12         9
      163   -6.966489e+03         g        12        10
      164   -2.502659e+02         h        12        10
      165   -6.277681e+03         g        12        11
      166    1.203851e+02         h        12        11
      167   -1.734844e+03         g        12        12
      168   -5.516428e+03         h        12        12
      169    6.452410e+03         g        13         0
      170   -8.124287e+03         g        13         1
      171    3.628352e+04         h        13         1
      172    1.391686e+04         g        13         2
      173    3.612466e+03         h        13         2
      174   -2.006116e+04         g        13         3
      175   -1.304128e+03         h        13         3
      176    3.561498e+02         g        13         4
      177    2.180004e+04         h        13         4
      178    2.634175e+03         g        13         5
      179    3.814903e+03         h        13         5
      180    9.428593e+02         g        13         6
      181    1.170681e+04         h        13         6
      182   -8.235749e+03         g        13         7
      183    1.217988e+04         h        13         7
      184    1.286720e+04         g        13         8
      185    4.491559e+03         h        13         8
      186   -7.038844e+03         g        13         9
      187   -1.905089e+03         h        13         9
      188   -1.244092e+03         g        13        10
      189    1.241732e+04         h        13        10
      190   -2.921271e+03         g        13        11
      191    5.625558e+03         h        13        11
      192   -9.109342e+02         g        13        12
      193    5.933173e+03         h        13        12
      194   -3.895753e+03         g        13        13
      195    6.974214e+01         h        13        13
      196    2.011481e+03         g        14         0
      197   -2.411314e+04         g        14         1
      198    7.169287e+02         h        14         1
      199    1.312403e+04         g        14         2
      200   -3.505489e+03         h        14         2
      201   -1.373728e+04         g        14         3
      202    5.133879e+03         h        14         3
      203   -1.821907e+03         g        14         4
      204    1.991561e+04         h        14         4
      205    1.787437e+04         g        14         5
      206   -1.338869e+04         h        14         5
      207    3.983835e+02         g        14         6
      208    1.080446e+04         h        14         6
      209    9.036774e+03         g        14         7
      210    1.604988e+03         h        14         7
      211    9.846250e+03         g        14         8
      212   -3.776047e+03         h        14         8
      213    3.616145e+03         g        14         9
      214   -5.863982e+03         h        14         9
      215    5.102785e+03         g        14        10
      216    6.031423e+03         h        14        10
      217    5.676537e+03         g        14        11
      218    2.929136e+03         h        14        11
      219    3.934771e+03         g        14        12
      220    4.041180e+03         h        14        12
      221    3.995456e+03         g        14        13
      222    1.380771e+03         h        14        13
      223   -8.079054e+02         g        14        14
      224    2.480926e+03         h        14        14
      225    1.374527e+03         g        15         0
      226   -2.481490e+04         g        15         1
      227   -2.277373e+04         h        15         1
      228   -4.524230e+03         g        15         2
      229   -1.063977e+04         h        15         2
      230   -7.595016e+03         g        15         3
      231    9.368255e+03         h        15         3
      232   -9.657063e+03         g        15         4
      233   -2.310460e+03         h        15         4
      234    4.083162e+03         g        15         5
      235   -1.259980e+04         h        15         5
      236   -8.999837e+03         g        15         6
      237    2.665567e+03         h        15         6
      238    5.960525e+03         g        15         7
      239   -2.368798e+03         h        15         7
      240   -5.450157e+03         g        15         8
      241   -1.154232e+04         h        15         8
      242   -3.264330e+03         g        15         9
      243   -4.629736e+03         h        15         9
      244    3.011345e+03         g        15        10
      245   -2.890195e+03         h        15        10
      246    3.379521e+02         g        15        11
      247   -2.675242e+03         h        15        11
      248    3.083771e+03         g        15        12
      249   -1.527373e+03         h        15        12
      250    2.524658e+03         g        15        13
      251   -2.837644e+03         h        15        13
      252    1.685521e+03         g        15        14
      253   -2.623534e+03         h        15        14
      254    1.399254e+03         g        15        15
      255    1.013305e+03         h        15        15
      256   -1.269725e+04         g        16         0
      257   -1.464287e+04         g        16         1
      258   -1.699610e+04         h        16         1
      259   -1.246618e+04         g        16         2
      260   -7.232621e+03         h        16         2
      261   -6.664577e+03         g        16         3
      262    1.097108e+04         h        16         3
      263   -8.158775e+03         g        16         4
      264   -6.282184e+03         h        16         4
      265   -1.394678e+04         g        16         5
      266    3.356922e+03         h        16         5
      267   -5.372340e+03         g        16         6
      268    7.627937e+03         h        16         6
      269    8.025936e+02         g        16         7
      270    2.978679e+03         h        16         7
      271   -1.288789e+04         g        16         8
      272   -6.091423e+02         h        16         8
      273   -7.723592e+03         g        16         9
      274    5.484346e+03         h        16         9
      275    7.378292e+02         g        16        10
      276    1.618382e+03         h        16        10
      277   -5.143696e+03         g        16        11
      278   -9.423786e+02         h        16        11
      279   -1.529161e+03         g        16        12
      280    2.470790e+03         h        16        12
      281   -1.730080e+03         g        16        13
      282   -2.915109e+03         h        16        13
      283   -1.600247e+03         g        16        14
      284   -1.860703e+03         h        16        14
      285   -1.526627e+03         g        16        15
      286   -1.897588e+03         h        16        15
      287    1.055539e+03         g        16        16
      288   -6.353570e+02         h        16        16
      289   -1.908729e+04         g        17         0
      290    4.312524e+03         g        17         1
      291    4.876364e+03         h        17         1
      292   -2.526489e+03         g        17         2
      293    4.939843e+02         h        17         2
      294    2.507673e+03         g        17         3
      295    4.170879e+03         h        17         3
      296    3.386085e+03         g        17         4
      297    1.411939e+02         h        17         4
      298   -8.574949e+03         g        17         5
      299    1.043324e+04         h        17         5
      300    9.142678e+03         g        17         6
      301    7.329836e+03         h        17         6
      302    6.707034e+03         g        17         7
      303    1.795182e+03         h        17         7
      304   -5.783334e+03         g        17         8
      305    7.590820e+03         h        17         8
      306    2.656799e+03         g        17         9
      307    9.417815e+03         h        17         9
      308    4.889187e+03         g        17        10
      309    3.565074e+03         h        17        10
      310    1.536308e+02         g        17        11
      311    2.149876e+03         h        17        11
      312   -2.452836e+01         g        17        12
      313    5.845531e+03         h        17        12
      314    2.563007e+02         g        17        13
      315    1.083260e+03         h        17        13
      316   -2.012771e+03         g        17        14
      317    1.091480e+03         h        17        14
      318   -1.370168e+03         g        17        15
      319    3.591041e+02         h        17        15
      320   -1.567025e+03         g        17        16
      321    6.758324e+02         h        17        16
      322   -1.364617e+02         g        17        17
      323   -9.308894e+02         h        17        17
      324   -3.038604e+03         g        18         0
      325    1.920559e+04         g        18         1
      326    1.268359e+04         h        18         1
      327    7.606708e+03         g        18         2
      328   -1.068442e+03         h        18         2
      329    1.031165e+04         g        18         3
      330   -8.913900e+03         h        18         3
      331    9.698654e+03         g        18         4
      332   -3.046978e+03         h        18         4
      333    2.059806e+03         g        18         5
      334    1.810898e+03         h        18         5
      335    1.279277e+04         g        18         6
      336   -6.864752e+03         h        18         6
      337    5.663073e+03         g        18         7
      338   -7.474780e+03         h        18         7
      339    6.304033e+02         g        18         8
      340    1.552821e+03         h        18         8
      341    8.507122e+03         g        18         9
      342    1.291841e+03         h        18         9
      343    5.259973e+03         g        18        10
      344   -4.707553e+03         h        18        10
      345    3.553951e+03         g        18        11
      346   -1.216305e+03         h        18        11
      347    3.225215e+03         g        18        12
      348    1.036191e+03         h        18        12
      349    2.311812e+03         g        18        13
      350    2.836093e+02         h        18        13
      351    1.191791e+03         g        18        14
      352    3.177084e+02         h        18        14
      353    4.892898e+02         g        18        15
      354    7.130219e+02         h        18        15
      355    8.433182e+01         g        18        16
      356    9.060824e+02         h        18        16
      357    1.715876e+02         g        18        17
      358    1.136598e+03         h        18        17
      359   -7.145226e+02         g        18        18
      360   -1.168031e+02         h        18        18
      361    1.109023e+04         g        19         0
      362    1.654467e+04         g        19         1
      363    2.488942e+03         h        19         1
      364    3.420575e+03         g        19         2
      365   -5.828216e+03         h        19         2
      366    4.611414e+03         g        19         3
      367   -1.354521e+04         h        19         3
      368    3.116611e+03         g        19         4
      369   -5.737236e+03         h        19         4
      370    5.181855e+02         g        19         5
      371   -5.587425e+03         h        19         5
      372    1.138350e+03         g        19         6
      373   -1.291026e+04         h        19         6
      374   -6.520757e+03         g        19         7
      375   -8.733074e+03         h        19         7
      376   -1.023202e+03         g        19         8
      377   -1.646385e+03         h        19         8
      378    1.544016e+03         g        19         9
      379   -4.558919e+03         h        19         9
      380   -2.875051e+03         g        19        10
      381   -7.727784e+03         h        19        10
      382   -1.039915e+03         g        19        11
      383   -3.222186e+03         h        19        11
      384    5.078445e+02         g        19        12
      385   -2.725251e+03         h        19        12
      386   -6.287030e+02         g        19        13
      387   -2.219189e+03         h        19        13
      388    5.588336e+02         g        19        14
      389   -1.056277e+03         h        19        14
      390    2.673279e+02         g        19        15
      391   -1.784788e+03         h        19        15
      392    5.431760e+02         g        19        16
      393   -2.791343e+02         h        19        16
      394    6.147624e+02         g        19        17
      395   -1.846521e+01         h        19        17
      396    7.644796e+02         g        19        18
      397    1.811219e+02         h        19        18
      398   -2.531840e+02         g        19        19
      399    5.140940e+02         h        19        19
      400    7.827013e+03         g        20         0
      401    2.481953e+03         g        20         1
      402   -4.623974e+03         h        20         1
      403   -4.641783e+03         g        20         2
      404   -2.492873e+03         h        20         2
      405   -3.407793e+03         g        20         3
      406   -2.907744e+03         h        20         3
      407   -4.206474e+03         g        20         4
      408    1.243129e+03         h        20         4
      409   -1.170157e+03         g        20         5
      410   -1.703606e+03         h        20         5
      411   -7.491396e+03         g        20         6
      412   -2.807314e+03         h        20         6
      413   -1.028871e+04         g        20         7
      414    1.207963e+03         h        20         7
      415   -3.774133e+02         g        20         8
      416    3.711439e+03         h        20         8
      417   -3.032906e+03         g        20         9
      418   -1.118938e+03         h        20         9
      419   -7.070475e+03         g        20        10
      420   -5.262287e+02         h        20        10
      421   -2.930713e+03         g        20        11
      422    1.510801e+03         h        20        11
      423   -2.109651e+03         g        20        12
      424   -4.194337e+02         h        20        12
      425   -2.696977e+03         g        20        13
      426    1.269331e+02         h        20        13
      427   -1.658181e+03         g        20        14
      428    5.170075e+02         h        20        14
      429   -9.224102e+02         g        20        15
      430   -1.292875e+03         h        20        15
      431   -1.178785e+03         g        20        16
      432   -4.987953e+02         h        20        16
      433   -1.030838e+02         g        20        17
      434   -5.079007e+02         h        20        17
      435    7.008781e+01         g        20        18
      436   -2.712067e+02         h        20        18
      437    3.142531e+02         g        20        19
      438   -4.301374e+02         h        20        19
      439    3.274351e+02         g        20        20
      440    2.909923e+02         h        20        20
      441    8.131102e+02         g        21         0
      442   -7.086268e+03         g        21         1
      443   -3.026730e+03         h        21         1
      444   -3.040533e+03         g        21         2
      445    4.324041e+03         h        21         2
      446   -2.481761e+03         g        21         3
      447    8.487347e+03         h        21         3
      448   -2.041164e+03         g        21         4
      449    5.584103e+03         h        21         4
      450    4.141150e+03         g        21         5
      451    3.179947e+03         h        21         5
      452   -3.940454e+03         g        21         6
      453    5.432972e+03         h        21         6
      454   -1.205524e+03         g        21         7
      455    7.032144e+03         h        21         7
      456    5.541259e+03         g        21         8
      457    4.197320e+03         h        21         8
      458    3.649891e+02         g        21         9
      459    1.141786e+03         h        21         9
      460   -1.870519e+03         g        21        10
      461    4.068818e+03         h        21        10
      462    1.360191e+03         g        21        11
      463    3.881467e+03         h        21        11
      464    5.977869e+02         g        21        12
      465    9.006588e+02         h        21        12
      466   -3.222069e+02         g        21        13
      467    2.522278e+03         h        21        13
      468   -1.229962e+02         g        21        14
      469    1.809090e+03         h        21        14
      470   -3.466002e+02         g        21        15
      471    7.073101e+02         h        21        15
      472   -8.623659e+02         g        21        16
      473    4.153755e+02         h        21        16
      474   -5.091393e+02         g        21        17
      475    5.559180e+02         h        21        17
      476   -3.191752e+02         g        21        18
      477    1.697359e+02         h        21        18
      478   -1.019669e+02         g        21        19
      479   -5.776134e+01         h        21        19
      480   -1.989195e+02         g        21        20
      481   -3.091962e+02         h        21        20
      482    2.638233e+02         g        21        21
      483   -1.795657e+02         h        21        21
      484   -9.942166e+02         g        22         0
      485   -7.201074e+03         g        22         1
      486   -2.204518e+03         h        22         1
      487    2.162274e+03         g        22         2
      488    5.684987e+03         h        22         2
      489    1.123576e+03         g        22         3
      490    7.474671e+03         h        22         3
      491    2.246858e+03         g        22         4
      492    9.059882e+02         h        22         4
      493    5.512448e+03         g        22         5
      494    1.120519e+03         h        22         5
      495    1.160222e+03         g        22         6
      496    3.148034e+03         h        22         6
      497    5.101203e+03         g        22         7
      498    2.641522e+03         h        22         7
      499    6.123800e+03         g        22         8
      500   -2.493902e+03         h        22         8
      501    1.548076e+03         g        22         9
      502   -2.118538e+03         h        22         9
      503    2.316745e+03         g        22        10
      504    1.437781e+03         h        22        10
      505    3.036171e+03         g        22        11
      506   -3.063648e+02         h        22        11
      507    2.085812e+03         g        22        12
      508   -1.582039e+03         h        22        12
      509    1.498965e+03         g        22        13
      510    4.362989e+02         h        22        13
      511    1.668959e+03         g        22        14
      512    1.526799e+02         h        22        14
      513    5.880689e+02         g        22        15
      514    1.118398e+02         h        22        15
      515    5.850524e+02         g        22        16
      516    3.039535e+02         h        22        16
      517    1.883764e+02         g        22        17
      518    3.445934e+02         h        22        17
      519    3.352589e+02         g        22        18
      520    6.080333e+02         h        22        18
      521    1.406433e+02         g        22        19
      522    2.530087e+02         h        22        19
      523   -5.426956e+01         g        22        20
      524    5.781155e+01         h        22        20
      525   -2.675901e+02         g        22        21
      526    4.598830e+01         h        22        21
      527   -7.666376e+01         g        22        22
      528   -2.154053e+02         h        22        22
      529   -2.009723e+03         g        23         0
      530   -3.100569e+03         g        23         1
      531   -1.884613e+03         h        23         1
      532    1.663637e+03         g        23         2
      533    2.562411e+03         h        23         2
      534    6.883182e+02         g        23         3
      535    4.423683e+02         h        23         3
      536    9.278904e+02         g        23         4
      537   -2.937155e+03         h        23         4
      538   -3.800100e+02         g        23         5
      539   -1.531824e+03         h        23         5
      540    5.854215e+02         g        23         6
      541   -1.884058e+02         h        23         6
      542    2.631022e+03         g        23         7
      543   -1.723801e+03         h        23         7
      544   -6.322901e+02         g        23         8
      545   -5.043624e+03         h        23         8
      546   -1.983142e+03         g        23         9
      547   -2.656260e+03         h        23         9
      548    5.813456e+02         g        23        10
      549   -3.649134e+02         h        23        10
      550   -3.434393e+02         g        23        11
      551   -2.844148e+03         h        23        11
      552   -8.846625e+02         g        23        12
      553   -2.086301e+03         h        23        12
      554    7.183789e+01         g        23        13
      555   -1.246678e+03         h        23        13
      556    1.797772e+02         g        23        14
      557   -1.274983e+03         h        23        14
      558   -2.234644e+02         g        23        15
      559   -8.263405e+02         h        23        15
      560    2.301905e+02         g        23        16
      561   -4.524700e+02         h        23        16
      562    2.942141e+02         g        23        17
      563   -6.263060e+02         h        23        17
      564    2.956507e+02         g        23        18
      565    5.196712e+01         h        23        18
      566    5.368822e+02         g        23        19
      567   -1.074433e+02         h        23        19
      568    1.797701e+02         g        23        20
      569   -3.315730e+01         h        23        20
      570    1.196687e+01         g        23        21
      571    3.464348e+01         h        23        21
      572   -4.611919e+01         g        23        22
      573    1.948160e+02         h        23        22
      574   -1.640753e+02         g        23        23
      575    1.537736e+01         h        23        23
      576   -2.495318e+03         g        24         0
      577    6.728044e+02         g        24         1
      578    1.837189e+03         h        24         1
      579   -6.921411e+02         g        24         2
      580   -4.152160e+02         h        24         2
      581   -6.420164e+02         g        24         3
      582   -2.595220e+03         h        24         3
      583   -1.599856e+03         g        24         4
      584   -9.000645e+02         h        24         4
      585   -4.056619e+03         g        24         5
      586   -2.195567e+02         h        24         5
      587   -4.444035e+02         g        24         6
      588    4.043603e+02         h        24         6
      589   -3.817643e+02         g        24         7
      590   -6.119272e+02         h        24         7
      591   -4.599705e+03         g        24         8
      592   -1.004261e+03         h        24         8
      593   -2.656915e+03         g        24         9
      594    1.463854e+03         h        24         9
      595   -4.848147e+02         g        24        10
      596    1.253834e+03         h        24        10
      597   -2.042539e+03         g        24        11
      598   -3.665458e+02         h        24        11
      599   -2.271660e+03         g        24        12
      600    8.623225e+02         h        24        12
      601   -7.295145e+02         g        24        13
      602    2.869719e+02         h        24        13
      603   -1.077029e+03         g        24        14
      604   -2.315758e+02         h        24        14
      605   -1.000226e+03         g        24        15
      606    3.551881e+02         h        24        15
      607   -5.075740e+02         g        24        16
      608   -8.097265e+01         h        24        16
      609   -3.372048e+02         g        24        17
      610   -3.714404e+02         h        24        17
      611   -2.730157e+02         g        24        18
      612   -2.053316e+02         h        24        18
      613    1.338586e+02         g        24        19
      614   -1.810607e+02         h        24        19
      615    1.744349e+01         g        24        20
      616   -3.288268e+02         h        24        20
      617    3.453378e-01         g        24        21
      618   -1.344832e+02         h        24        21
      619    6.455744e+00         g        24        22
      620    3.560797e+00         h        24        22
      621    1.176481e+02         g        24        23
      622    8.774509e+01         h        24        23
      623   -1.534025e+01         g        24        24
      624    1.165167e+02         h        24        24
      625    5.509818e+01         g        25         0
      626    2.485073e+03         g        25         1
      627    3.978552e+03         h        25         1
      628   -9.718706e+01         g        25         2
      629   -2.161776e+03         h        25         2
      630   -1.343201e+02         g        25         3
      631   -2.305174e+03         h        25         3
      632   -9.429996e+02         g        25         4
      633    1.310090e+03         h        25         4
      634   -2.058707e+03         g        25         5
      635    7.745849e+02         h        25         5
      636    9.520423e+02         g        25         6
      637    4.875411e+02         h        25         6
      638   -7.482717e+01         g        25         7
      639    6.298275e+02         h        25         7
      640   -2.177472e+03         g        25         8
      641    1.854734e+03         h        25         8
      642    6.361437e+02         g        25         9
      643    3.047070e+03         h        25         9
      644    1.398906e+03         g        25        10
      645    1.158670e+03         h        25        10
      646   -9.136584e+01         g        25        11
      647    1.253310e+03         h        25        11
      648    5.605870e+01         g        25        12
      649    2.135015e+03         h        25        12
      650    6.873364e+02         g        25        13
      651    9.527692e+02         h        25        13
      652    6.543964e+01         g        25        14
      653    6.514670e+02         h        25        14
      654   -4.836704e+01         g        25        15
      655    1.196225e+03         h        25        15
      656    1.415450e+02         g        25        16
      657    5.234720e+02         h        25        16
      658   -2.397118e+02         g        25        17
      659    2.669667e+02         h        25        17
      660   -1.374384e+02         g        25        18
      661    1.971438e+02         h        25        18
      662   -1.306448e+02         g        25        19
      663    1.128500e+02         h        25        19
      664   -9.282150e+01         g        25        20
      665   -4.173945e+01         h        25        20
      666   -2.051934e+02         g        25        21
      667   -8.217972e+01         h        25        21
      668   -1.083181e+02         g        25        22
      669   -2.310528e+01         h        25        22
      670    5.930447e+00         g        25        23
      671    2.126589e+00         h        25        23
      672    9.451471e+01         g        25        24
      673   -6.034794e+01         h        25        24
      674    7.388873e+01         g        25        25
      675    2.723030e+01         h        25        25
      676    2.240901e+03         g        26         0
      677    1.838416e+03         g        26         1
      678    1.167826e+03         h        26         1
      679    5.111481e+02         g        26         2
      680   -2.514346e+03         h        26         2
      681    1.905568e+02         g        26         3
      682   -1.727871e+03         h        26         3
      683    1.897231e+02         g        26         4
      684    6.276460e+02         h        26         4
      685    2.792280e+02         g        26         5
      686   -4.865880e+02         h        26         5
      687    1.121244e+03         g        26         6
      688   -1.039147e+03         h        26         6
      689    3.451182e+01         g        26         7
      690   -5.422980e+02         h        26         7
      691    5.643038e+02         g        26         8
      692    9.119444e+02         h        26         8
      693    2.032468e+03         g        26         9
      694    4.350082e+02         h        26         9
      695    1.541820e+03         g        26        10
      696   -1.290782e+03         h        26        10
      697    9.475761e+02         g        26        11
      698   -8.412121e+01         h        26        11
      699    1.367330e+03         g        26        12
      700    3.017497e+02         h        26        12
      701    1.104198e+03         g        26        13
      702   -6.521558e+02         h        26        13
      703    7.060851e+02         g        26        14
      704   -1.547809e+02         h        26        14
      705    8.177782e+02         g        26        15
      706    1.645312e+02         h        26        15
      707    6.537753e+02         g        26        16
      708   -5.855245e-01         h        26        16
      709    2.295230e+02         g        26        17
      710    1.916429e+01         h        26        17
      711    2.840555e+02         g        26        18
      712    1.365872e+02         h        26        18
      713    1.379733e+02         g        26        19
      714    6.395797e+01         h        26        19
      715    6.236578e+01         g        26        20
      716    1.808005e+02         h        26        20
      717   -2.112315e+01         g        26        21
      718    4.889013e+01         h        26        21
      719   -1.134348e+02         g        26        22
      720    1.122890e+02         h        26        22
      721   -3.512946e+01         g        26        23
      722    6.521427e+01         h        26        23
      723    3.724113e+00         g        26        24
      724   -1.074417e+01         h        26        24
      725   -2.338068e+01         g        26        25
      726   -8.390799e+01         h        26        25
      727    2.814178e+01         g        26        26
      728   -4.330065e+01         h        26        26
      729    1.051752e+03         g        27         0
      730   -5.784496e+01         g        27         1
      731   -1.681155e+03         h        27         1
      732   -5.490010e+02         g        27         2
      733   -1.025608e+03         h        27         2
      734   -3.468224e+02         g        27         3
      735   -2.420424e+02         h        27         3
      736   -2.288461e+01         g        27         4
      737   -2.515964e+02         h        27         4
      738    5.280021e+02         g        27         5
      739   -8.538120e+02         h        27         5
      740   -5.382942e+02         g        27         6
      741   -1.058577e+03         h        27         6
      742   -8.716221e+02         g        27         7
      743   -9.602941e+02         h        27         7
      744    6.232751e+02         g        27         8
      745   -2.452754e+01         h        27         8
      746    3.495862e+02         g        27         9
      747   -1.288860e+03         h        27         9
      748   -6.737214e+02         g        27        10
      749   -1.874773e+03         h        27        10
      750   -1.922880e+02         g        27        11
      751   -6.304801e+02         h        27        11
      752    1.521042e+02         g        27        12
      753   -9.029102e+02         h        27        12
      754   -3.797316e+02         g        27        13
      755   -1.195306e+03         h        27        13
      756   -2.880150e+02         g        27        14
      757   -5.513550e+02         h        27        14
      758    2.682900e+02         g        27        15
      759   -6.185731e+02         h        27        15
      760   -2.499421e+01         g        27        16
      761   -5.446552e+02         h        27        16
      762   -1.084973e+01         g        27        17
      763   -2.792002e+02         h        27        17
      764    1.346764e+02         g        27        18
      765   -2.642449e+02         h        27        18
      766    1.138792e+02         g        27        19
      767   -2.050578e+02         h        27        19
      768    9.394832e+01         g        27        20
      769   -1.710357e+01         h        27        20
      770    1.391166e+02         g        27        21
      771   -1.132719e+01         h        27        21
      772    8.437247e+00         g        27        22
      773    1.749928e+01         h        27        22
      774    4.390983e+01         g        27        23
      775    8.932583e+01         h        27        23
      776    3.342872e+01         g        27        24
      777    3.144422e+01         h        27        24
      778   -1.308322e+01         g        27        25
      779   -6.410743e+00         h        27        25
      780   -6.610615e+01         g        27        26
      781   -1.724194e+00         h        27        26
      782   -2.375825e+01         g        27        27
      783   -2.591276e+01         h        27        27
      784   -9.344949e+02         g        28         0
      785   -1.043862e+03         g        28         1
      786   -1.299085e+03         h        28         1
      787   -6.797070e+02         g        28         2
      788    9.379348e+02         h        28         2
      789   -2.656417e+02         g        28         3
      790    1.488543e+03         h        28         3
      791    1.078194e+02         g        28         4
      792   -1.589330e+02         h        28         4
      793    5.807463e+02         g        28         5
      794    2.926910e+02         h        28         5
      795   -9.600955e+02         g        28         6
      796    2.643346e+02         h        28         6
      797   -5.878769e+02         g        28         7
      798    7.170246e+01         h        28         7
      799    3.615127e+02         g        28         8
      800    2.924338e+02         h        28         8
      801   -7.358378e+02         g        28         9
      802   -5.377525e+02         h        28         9
      803   -1.449296e+03         g        28        10
      804   -1.310139e+02         h        28        10
      805   -6.053727e+02         g        28        11
      806    4.427935e+02         h        28        11
      807   -5.295813e+02         g        28        12
      808   -2.069366e+02         h        28        12
      809   -1.061020e+03         g        28        13
      810    1.068042e+02         h        28        13
      811   -6.550305e+02         g        28        14
      812    2.853206e+02         h        28        14
      813   -2.540235e+02         g        28        15
      814   -1.313904e+02         h        28        15
      815   -5.226798e+02         g        28        16
      816   -1.021040e+02         h        28        16
      817   -3.410244e+02         g        28        17
      818    1.029741e+02         h        28        17
      819   -1.551826e+02         g        28        18
      820   -1.523057e+02         h        28        18
      821   -1.945174e+02         g        28        19
      822   -1.407275e+02         h        28        19
      823   -6.241596e+01         g        28        20
      824   -6.175275e+01         h        28        20
      825    9.151245e-01         g        28        21
      826   -6.897879e+01         h        28        21
      827   -3.694135e+00         g        28        22
      828   -7.759388e+01         h        28        22
      829    3.287213e+00         g        28        23
      830   -1.075171e+01         h        28        23
      831    6.114142e+01         g        28        24
      832   -8.182952e+00         h        28        24
      833    2.540344e+01         g        28        25
      834   -1.504758e+01         h        28        25
      835   -7.906799e+00         g        28        26
      836    1.083607e+01         h        28        26
      837   -1.409112e+01         g        28        27
      838    4.477812e+01         h        28        27
      839   -1.995482e+01         g        28        28
      840    1.120043e+01         h        28        28
      841   -1.097194e+03         g        29         0
      842   -5.655778e+02         g        29         1
      843   -1.180485e+02         h        29         1
      844    4.274277e+02         g        29         2
      845    1.406570e+03         h        29         2
      846    3.148023e+02         g        29         3
      847    1.314445e+03         h        29         3
      848    7.096506e+02         g        29         4
      849   -2.413006e+02         h        29         4
      850    7.710479e+02         g        29         5
      851    6.812368e+02         h        29         5
      852    6.529360e+01         g        29         6
      853    5.665378e+02         h        29         6
      854    4.793835e+02         g        29         7
      855    4.032257e+02         h        29         7
      856    6.142379e+02         g        29         8
      857    1.443405e+02         h        29         8
      858   -2.099242e+02         g        29         9
      859    1.118039e+02         h        29         9
      860   -2.566961e+02         g        29        10
      861    8.661450e+02         h        29        10
      862    2.652172e+02         g        29        11
      863    6.363965e+02         h        29        11
      864    1.347053e+02         g        29        12
      865    2.290799e+02         h        29        12
      866   -1.805019e+02         g        29        13
      867    7.773183e+02         h        29        13
      868    1.741461e+02         g        29        14
      869    6.046600e+02         h        29        14
      870    8.150011e+01         g        29        15
      871    1.787841e+02         h        29        15
      872   -1.235573e+02         g        29        16
      873    3.292827e+02         h        29        16
      874   -1.939109e+01         g        29        17
      875    3.748653e+02         h        29        17
      876   -2.909534e+01         g        29        18
      877    1.383713e+02         h        29        18
      878   -1.525539e+02         g        29        19
      879    8.619631e+01         h        29        19
      880   -6.216855e+01         g        29        20
      881    1.119885e+02         h        29        20
      882   -5.900726e+01         g        29        21
      883    2.745046e+01         h        29        21
      884   -6.258616e+01         g        29        22
      885    1.652123e+01         h        29        22
      886   -5.580087e+01         g        29        23
      887   -1.621980e+01         h        29        23
      888   -1.455191e+01         g        29        24
      889   -1.408652e-01         h        29        24
      890    1.117844e+01         g        29        25
      891   -3.890073e+01         h        29        25
      892   -3.021780e+00         g        29        26
      893   -1.904079e+01         h        29        26
      894    9.549914e+00         g        29        27
      895    6.511092e+00         h        29        27
      896    2.925711e+01         g        29        28
      897    1.676862e+01         h        29        28
      898    4.850277e+00         g        29        29
      899    1.286832e+01         h        29        29
      900   -3.153143e+02         g        30         0
      901    2.073344e+02         g        30         1
      902    1.054567e+02         h        30         1
      903    6.380665e+02         g        30         2
      904    5.324672e+02         h        30         2
      905    2.931238e+02         g        30         3
      906   -9.168091e+01         h        30         3
      907    4.363650e+02         g        30         4
      908   -3.960055e+02         h        30         4
      909    1.966744e+02         g        30         5
      910    8.755878e+01         h        30         5
      911    4.919428e+02         g        30         6
      912   -1.199282e+01         h        30         6
      913    5.295735e+02         g        30         7
      914   -7.217408e+01         h        30         7
      915    2.362409e+02         g        30         8
      916   -4.416621e+02         h        30         8
      917    1.502491e+02         g        30         9
      918   -9.029161e+01         h        30         9
      919    4.581553e+02         g        30        10
      920    3.892519e+02         h        30        10
      921    5.048836e+02         g        30        11
      922   -2.506895e+02         h        30        11
      923    3.243846e+02         g        30        12
      924   -2.030617e+02         h        30        12
      925    4.052512e+02         g        30        13
      926    1.933736e+02         h        30        13
      927    5.226915e+02         g        30        14
      928   -7.578923e+01         h        30        14
      929    2.174139e+02         g        30        15
      930   -1.962590e+02         h        30        15
      931    1.950013e+02         g        30        16
      932    7.311275e+01         h        30        16
      933    2.990532e+02         g        30        17
      934    6.470708e+01         h        30        17
      935    1.275673e+02         g        30        18
      936    2.313801e+01         h        30        18
      937    7.081470e+01         g        30        19
      938    6.562105e+01         h        30        19
      939    8.016670e+01         g        30        20
      940    7.987341e+01         h        30        20
      941    4.837158e+01         g        30        21
      942    6.289946e+01         h        30        21
      943    4.623702e+00         g        30        22
      944    7.196390e+01         h        30        22
      945   -4.881167e+00         g        30        23
      946    4.106276e+01         h        30        23
      947   -2.690555e+01         g        30        24
      948    3.429984e+01         h        30        24
      949    1.916051e+00         g        30        25
      950    1.057054e+01         h        30        25
      951   -1.892186e+01         g        30        26
      952   -1.702216e+01         h        30        26
      953   -1.161167e+01         g        30        27
      954   -4.829046e+00         h        30        27
      955    7.389302e+00         g        30        28
      956   -9.505898e+00         h        30        28
      957    1.633223e+01         g        30        29
      958   -1.832722e+01         h        30        29
      959    7.949732e+00         g        30        30
      960   -1.211998e+00         h        30        30
      961    2.286064e+02         g        31         0
      962    4.084331e+02         g        31         1
      963    1.765914e+02         h        31         1
      964   -8.509180e+01         g        31         2
      965   -3.099765e+02         h        31         2
      966   -8.618854e+01         g        31         3
      967   -6.414636e+02         h        31         3
      968   -3.292926e+02         g        31         4
      969    3.881345e+01         h        31         4
      970   -4.820727e+02         g        31         5
      971   -1.813192e+02         h        31         5
      972    1.229979e+02         g        31         6
      973   -1.314196e+02         h        31         6
      974   -1.087880e+02         g        31         7
      975   -7.838288e+01         h        31         7
      976   -4.306027e+02         g        31         8
      977   -3.319039e+02         h        31         8
      978   -4.327720e+01         g        31         9
      979   -2.276432e+01         h        31         9
      980    1.739244e+02         g        31        10
      981   -2.200707e+01         h        31        10
      982   -9.467781e+01         g        31        11
      983   -5.049106e+02         h        31        11
      984   -1.986969e+02         g        31        12
      985   -2.376318e+02         h        31        12
      986    1.178715e+02         g        31        13
      987   -1.810199e+02         h        31        13
      988    2.647158e+01         g        31        14
      989   -4.197117e+02         h        31        14
      990   -2.060167e+02         g        31        15
      991   -2.681150e+02         h        31        15
      992    2.006479e+00         g        31        16
      993   -1.343924e+02         h        31        16
      994    1.029184e+02         g        31        17
      995   -1.979254e+02         h        31        17
      996   -2.399721e+01         g        31        18
      997   -1.413809e+02         h        31        18
      998    3.890043e+01         g        31        19
      999   -4.734481e+01         h        31        19
     1000    7.597938e+01         g        31        20
     1001   -8.348444e+01         h        31        20
     1002    5.008016e+01         g        31        21
     1003   -3.037389e+01         h        31        21
     1004    6.107869e+01         g        31        22
     1005    1.814805e+00         h        31        22
     1006    4.029036e+01         g        31        23
     1007    3.914883e+00         h        31        23
     1008    2.066666e+01         g        31        24
     1009    1.189968e+01         h        31        24
     1010    2.011605e+01         g        31        25
     1011    1.949378e+01         h        31        25
     1012    1.045583e+01         g        31        26
     1013   -4.666550e-01         h        31        26
     1014   -1.529820e+01         g        31        27
     1015    4.625008e+00         h        31        27
     1016   -7.186964e+00         g        31        28
     1017    4.514268e+00         h        31        28
     1018   -6.806698e+00         g        31        29
     1019   -7.319050e+00         h        31        29
     1020   -9.589717e+00         g        31        30
     1021   -1.266374e+01         h        31        30
     1022    7.372874e-01         g        31        31
     1023   -4.087825e+00         h        31        31
     1024    4.420939e+02         g        32         0
     1025    1.874773e+02         g        32         1
     1026    3.367166e+02         h        32         1
     1027   -3.365760e+02         g        32         2
     1028   -4.966512e+02         h        32         2
     1029   -1.211207e+02         g        32         3
     1030   -2.527092e+02         h        32         3
     1031   -4.498565e+02         g        32         4
     1032    4.513517e+02         h        32         4
     1033   -3.765910e+02         g        32         5
     1034   -4.835700e+01         h        32         5
     1035   -6.450838e+01         g        32         6
     1036    7.944583e+01         h        32         6
     1037   -2.614065e+02         g        32         7
     1038    2.394254e+02         h        32         7
     1039   -3.806367e+02         g        32         8
     1040    1.511571e+02         h        32         8
     1041   -1.836252e+01         g        32         9
     1042    2.768649e+02         h        32         9
     1043    3.240070e+00         g        32        10
     1044    4.214356e+01         h        32        10
     1045   -3.023919e+02         g        32        11
     1046   -1.534483e+01         h        32        11
     1047   -2.905810e+02         g        32        12
     1048    2.152688e+02         h        32        12
     1049   -4.347154e+01         g        32        13
     1050    1.314669e+01         h        32        13
     1051   -2.387163e+02         g        32        14
     1052   -6.953128e+01         h        32        14
     1053   -3.341864e+02         g        32        15
     1054    1.363760e+02         h        32        15
     1055   -8.843860e+01         g        32        16
     1056    5.930561e+01         h        32        16
     1057   -1.051748e+02         g        32        17
     1058   -7.509645e+01         h        32        17
     1059   -1.510255e+02         g        32        18
     1060   -3.432727e+00         h        32        18
     1061   -6.630551e+01         g        32        19
     1062    7.266179e+00         h        32        19
     1063   -3.539043e+01         g        32        20
     1064   -7.360320e+01         h        32        20
     1065   -4.705021e+01         g        32        21
     1066   -5.176852e+01         h        32        21
     1067    5.119413e+00         g        32        22
     1068   -2.672481e+01         h        32        22
     1069    2.733490e+00         g        32        23
     1070   -4.404323e+01         h        32        23
     1071    3.659533e+00         g        32        24
     1072   -2.303272e+01         h        32        24
     1073    1.306587e+01         g        32        25
     1074   -1.876914e+01         h        32        25
     1075    1.640078e+01         g        32        26
     1076   -1.021882e+01         h        32        26
     1077    2.199061e+00         g        32        27
     1078   -9.485011e+00         h        32        27
     1079   -3.083921e+00         g        32        28
     1080    1.074331e+01         h        32        28
     1081    1.580780e+00         g        32        29
     1082    7.563428e+00         h        32        29
     1083   -5.155904e+00         g        32        30
     1084    5.092819e+00         h        32        30
     1085   -8.456068e+00         g        32        31
     1086    5.184442e+00         h        32        31
     1087   -1.681721e+00         g        32        32
     1088   -8.206778e-01         h        32        32
     1089    4.154412e+02         g        33         0
     1090   -6.341849e+01         g        33         1
     1091    1.075555e+02         h        33         1
     1092   -7.130840e+01         g        33         2
     1093   -3.153731e+02         h        33         2
     1094    2.558456e+01         g        33         3
     1095    3.259989e+01         h        33         3
     1096   -1.148323e+02         g        33         4
     1097    2.513100e+02         h        33         4
     1098    1.908365e+01         g        33         5
     1099   -7.203490e+01         h        33         5
     1100   -3.193300e+01         g        33         6
     1101    2.376642e+01         h        33         6
     1102   -4.202229e+01         g        33         7
     1103    1.864244e+02         h        33         7
     1104    6.251358e+01         g        33         8
     1105    2.024755e+02         h        33         8
     1106    1.502923e+02         g        33         9
     1107    1.559157e+02         h        33         9
     1108    1.086046e+02         g        33        10
     1109   -2.342919e+01         h        33        10
     1110   -5.459719e+00         g        33        11
     1111    2.045786e+02         h        33        11
     1112    7.409635e+01         g        33        12
     1113    2.750317e+02         h        33        12
     1114    1.410603e+02         g        33        13
     1115    3.700717e+01         h        33        13
     1116   -3.359106e+01         g        33        14
     1117    1.422123e+02         h        33        14
     1118    9.606157e+00         g        33        15
     1119    2.761384e+02         h        33        15
     1120    1.006054e+02         g        33        16
     1121    1.282694e+02         h        33        16
     1122   -1.682810e+01         g        33        17
     1123    3.975122e+01         h        33        17
     1124   -3.209797e+01         g        33        18
     1125    1.258485e+02         h        33        18
     1126    4.924475e+00         g        33        19
     1127    8.287434e+01         h        33        19
     1128   -4.079437e+01         g        33        20
     1129    2.190700e+01         h        33        20
     1130   -4.816808e+01         g        33        21
     1131    2.411471e+01         h        33        21
     1132   -2.699460e+01         g        33        22
     1133    1.979915e+01         h        33        22
     1134   -2.609353e+01         g        33        23
     1135   -3.870212e+00         h        33        23
     1136   -3.154155e+01         g        33        24
     1137   -6.275256e+00         h        33        24
     1138   -1.535174e+01         g        33        25
     1139   -1.331069e+01         h        33        25
     1140   -1.080056e+01         g        33        26
     1141   -1.284182e+01         h        33        26
     1142   -1.913749e+00         g        33        27
     1143   -1.319279e+01         h        33        27
     1144   -7.302544e+00         g        33        28
     1145   -3.112725e+00         h        33        28
     1146    7.430290e+00         g        33        29
     1147    6.553662e+00         h        33        29
     1148    8.017069e+00         g        33        30
     1149    6.414249e-01         h        33        30
     1150    3.886531e+00         g        33        31
     1151    4.712396e+00         h        33        31
     1152    2.715265e+00         g        33        32
     1153    5.833010e+00         h        33        32
     1154   -5.594167e-01         g        33        33
     1155    5.044838e-01         h        33        33
     1156   -4.863378e+01         g        34         0
     1157   -1.565796e+02         g        34         1
     1158   -1.800729e+02         h        34         1
     1159    5.946053e+01         g        34         2
     1160    7.661364e+01         h        34         2
     1161    1.791066e+01         g        34         3
     1162    7.634763e+01         h        34         3
     1163    1.013941e+02         g        34         4
     1164   -1.493488e+02         h        34         4
     1165    1.001206e+02         g        34         5
     1166   -6.588625e+01         h        34         5
     1167   -8.838280e+01         g        34         6
     1168   -6.749866e+01         h        34         6
     1169    4.965152e+01         g        34         7
     1170   -8.553230e+01         h        34         7
     1171    1.627783e+02         g        34         8
     1172   -8.384024e+00         h        34         8
     1173    1.179843e+01         g        34         9
     1174   -1.341266e+02         h        34         9
     1175    4.200752e+00         g        34        10
     1176   -1.567905e+02         h        34        10
     1177    9.946816e+01         g        34        11
     1178    5.606162e+01         h        34        11
     1179    1.547016e+02         g        34        12
     1180   -5.132704e+01         h        34        12
     1181    6.795822e+01         g        34        13
     1182   -1.348936e+02         h        34        13
     1183    4.898613e+01         g        34        14
     1184    2.134439e+01         h        34        14
     1185    1.861983e+02         g        34        15
     1186    2.972584e+01         h        34        15
     1187    1.142504e+02         g        34        16
     1188   -6.428075e+01         h        34        16
     1189    3.118952e+01         g        34        17
     1190   -2.263900e+01         h        34        17
     1191    7.894241e+01         g        34        18
     1192    3.588663e+01         h        34        18
     1193    7.520398e+01         g        34        19
     1194    1.128569e+01         h        34        19
     1195    1.356015e+01         g        34        20
     1196    1.583992e+01         h        34        20
     1197    1.894495e+01         g        34        21
     1198    3.618040e+01         h        34        21
     1199    1.715829e+01         g        34        22
     1200    2.140292e+01         h        34        22
     1201    1.583675e+00         g        34        23
     1202    2.944885e+01         h        34        23
     1203   -3.550196e+00         g        34        24
     1204    1.841698e+01         h        34        24
     1205   -1.314101e+01         g        34        25
     1206    1.226896e+01         h        34        25
     1207   -1.125621e+01         g        34        26
     1208    7.338480e+00         h        34        26
     1209   -7.277187e+00         g        34        27
     1210    3.293029e+00         h        34        27
     1211   -8.801615e+00         g        34        28
     1212   -1.156471e+00         h        34        28
     1213   -2.593583e+00         g        34        29
     1214    5.440577e+00         h        34        29
     1215    8.287658e+00         g        34        30
     1216   -4.113810e+00         h        34        30
     1217    2.372860e+00         g        34        31
     1218   -6.078348e+00         h        34        31
     1219    3.716681e+00         g        34        32
     1220   -2.016315e+00         h        34        32
     1221    3.381885e+00         g        34        33
     1222   -1.236385e+00         h        34        33
     1223   -2.932798e-01         g        34        34
     1224    1.737373e-01         h        34        34
     1225   -2.683451e+02         g        35         0
     1226   -7.726141e+01         g        35         1
     1227   -1.111553e+02         h        35         1
     1228    2.818109e+01         g        35         2
     1229    2.269501e+02         h        35         2
     1230   -1.984710e+01         g        35         3
     1231    6.860081e+01         h        35         3
     1232    1.042900e+02         g        35         4
     1233   -1.821823e+02         h        35         4
     1234    2.952844e+01         g        35         5
     1235    4.455850e+01         h        35         5
     1236   -7.844890e+01         g        35         6
     1237   -6.579481e+00         h        35         6
     1238    3.664960e+01         g        35         7
     1239   -1.295347e+02         h        35         7
     1240    2.850026e+01         g        35         8
     1241   -5.417278e+01         h        35         8
     1242   -1.273759e+02         g        35         9
     1243   -1.232509e+02         h        35         9
     1244   -1.152800e+02         g        35        10
     1245   -7.089789e+01         h        35        10
     1246   -1.944591e+00         g        35        11
     1247   -1.517916e+01         h        35        11
     1248   -5.262208e+00         g        35        12
     1249   -1.440373e+02         h        35        12
     1250   -1.289877e+02         g        35        13
     1251   -9.292970e+01         h        35        13
     1252   -3.669549e+01         g        35        14
     1253   -2.162413e+01         h        35        14
     1254    6.481417e+01         g        35        15
     1255   -9.709786e+01         h        35        15
     1256   -4.483516e+01         g        35        16
     1257   -1.154165e+02         h        35        16
     1258   -4.475690e+01         g        35        17
     1259   -3.465878e+01         h        35        17
     1260    3.759001e+01         g        35        18
     1261   -4.297274e+01         h        35        18
     1262    1.955955e+01         g        35        19
     1263   -5.809781e+01         h        35        19
     1264    4.025536e+00         g        35        20
     1265   -1.915527e+01         h        35        20
     1266    2.652348e+01         g        35        21
     1267   -1.108425e+01         h        35        21
     1268    2.783809e+01         g        35        22
     1269   -1.988322e+01         h        35        22
     1270    1.751843e+01         g        35        23
     1271    1.538765e+00         h        35        23
     1272    2.528776e+01         g        35        24
     1273    4.480005e+00         h        35        24
     1274    5.978471e+00         g        35        25
     1275    1.160058e+00         h        35        25
     1276    6.539217e+00         g        35        26
     1277    1.119496e+01         h        35        26
     1278    5.192204e+00         g        35        27
     1279    6.371559e+00         h        35        27
     1280    7.096252e-01         g        35        28
     1281    5.666697e+00         h        35        28
     1282   -2.350967e+00         g        35        29
     1283    6.247352e+00         h        35        29
     1284    4.063907e+00         g        35        30
     1285    2.400029e+00         h        35        30
     1286   -1.297293e+00         g        35        31
     1287   -6.827626e+00         h        35        31
     1288   -4.248711e+00         g        35        32
     1289   -2.301535e+00         h        35        32
     1290   -1.495068e+00         g        35        33
     1291   -2.544729e+00         h        35        33
     1292   -1.023830e+00         g        35        34
     1293   -1.905593e+00         h        35        34
     1294   -3.131061e-01         g        35        35
     1295    4.130831e-01         h        35        35