      IND             SHC     g | h         n         m
        1    8.026155e+05         g         1         0
        2   -1.392916e+05         g         1         1
        3    4.123515e+04         h         1         1
        4    2.872966e+04         g         2         0
        5   -1.390922e+05         g         2         1
        6   -1.042498e+05         h         2         1
        7    1.178723e+05         g         2         2
        8    4.936193e+04         h         2         2
        9    8.449864e+03         g         3         0
       10   -1.140929e+05         g         3         1
       11   -9.990884e+04         h         3         1
       12    4.685618e+04         g         3         2
       13    1.293488e+05         h         3         2
       14   -4.950026e+03         g         3         3
       15   -8.384369e+04         h         3         3
       16   -1.302472e+05         g         4         0
       17   -3.138397e+04         g         4         1
       18    1.216139e+05         h         4         1
       19   -9.931874e+03         g         4         2
       20    1.060844e+05         h         4         2
       21   -4.105633e+04         g         4         3
       22   -2.461779e+03         h         4         3
       23   -6.874552e+04         g         4         4
       24   -4.817195e+03         h         4         4
       25   -9.079457e+04         g         5         0
       26    2.211628e+04         g         5         1
       27    2.203927e+05         h         5         1
       28    7.887618e+04         g         5         2
       29   -6.626794e+03         h         5         2
       30   -8.321621e+04         g         5         3
       31    2.841909e+04         h         5         3
       32   -1.208618e+04         g         5         4
       33    5.030463e+04         h         5         4
       34   -2.340725e+04         g         5         5
       35    4.828125e+04         h         5         5
       36   -1.197409e+05         g         6         0
       37    5.544648e+04         g         6         1
       38    7.602654e+04         h         6         1
       39    7.179026e+04         g         6         2
       40   -5.488340e+04         h         6         2
       41   -7.307141e+04         g         6         3
       42   -1.406280e+03         h         6         3
       43    1.568857e+04         g         6         4
       44    8.224607e+04         h         6         4
       45    8.526391e+03         g         6         5
       46   -2.194846e+04         h         6         5
       47    4.842023e+04         g         6         6
       48    2.820654e+04         h         6         6
       49   -1.445155e+04         g         7         0
       50    4.676980e+04         g         7         1
       51   -4.571288e+04         h         7         1
       52   -4.993795e+04         g         7         2
       53   -9.278534e+04         h         7         2
       54   -1.453434e+04         g         7         3
       55    1.483585e+04         h         7         3
       56   -5.156561e+04         g         7         4
       57    4.039222e+04         h         7         4
       58    2.425280e+04         g         7         5
       59   -4.961598e+04         h         7         5
       60   -1.866226e+04         g         7         6
       61   -1.454877e+04         h         7         6
       62    2.712257e+04         g         7         7
       63   -4.388709e+04         h         7         7
       64    1.168407e+05         g         8         0
       65    2.913928e+03         g         8         1
       66   -3.696157e+04         h         8         1
       67   -6.970160e+04         g         8         2
       68   -1.085266e+05         h         8         2
       69    2.936001e+03         g         8         3
       70    9.669410e+04         h         8         3
       71   -4.495871e+04         g         8         4
       72   -1.637293e+04         h         8         4
       73   -1.521677e+04         g         8         5
       74    2.133227e+04         h         8         5
       75   -4.039458e+04         g         8         6
       76   -3.031041e+04         h         8         6
       77   -1.245524e+04         g         8         7
       78    8.917012e+03         h         8         7
       79   -2.892922e+04         g         8         8
       80   -2.875789e+04         h         8         8
       81    7.337792e+04         g         9         0
       82   -2.541490e+04         g         9         1
       83   -7.713083e+04         h         9         1
       84    1.405316e+04         g         9         2
       85   -2.366504e+04         h         9         2
       86    8.866806e+03         g         9         3
       87    7.588147e+04         h         9         3
       88    4.146150e+04         g         9         4
       89   -1.608622e+04         h         9         4
       90   -3.156963e+04         g         9         5
       91    4.298833e+04         h         9         5
       92    1.756422e+04         g         9         6
       93   -2.476162e+03         h         9         6
       94   -1.794638e+04         g         9         7
       95    2.171864e+04         h         9         7
       96    1.673630e+04         g         9         8
       97    9.914813e+03         h         9         8
       98   -2.628697e+04         g         9         9
       99    2.173710e+04         h         9         9
      100   -2.032348e+04         g        10         0
      101    1.381352e+04         g        10         1
      102   -9.526668e+04         h        10         1
      103    2.875427e+04         g        10         2
      104    8.126560e+04         h        10         2
      105    6.080947e+04         g        10         3
      106   -3.035702e+04         h        10         3
      107    5.919506e+04         g        10         4
      108   -2.353075e+04         h        10         4
      109    5.487708e+03         g        10         5
      110   -4.396473e+03         h        10         5
      111    2.836107e+04         g        10         6
      112   -1.224876e+04         h        10         6
      113    1.207670e+04         g        10         7
      114   -2.289299e+04         h        10         7
      115    3.678495e+04         g        10         8
      116    6.475020e+03         h        10         8
      117    1.286108e+04         g        10         9
      118   -1.104631e+04         h        10         9
      119    1.638138e+04         g        10        10
      120    2.340745e+04         h        10        10
      121   -2.870337e+03         g        11         0
      122    6.439869e+04         g        11         1
      123    9.869143e+03         h        11         1
      124   -2.180237e+04         g        11         2
      125    8.807161e+04         h        11         2
      126    7.621702e+04         g        11         3
      127   -7.280972e+04         h        11         3
      128    6.879993e+03         g        11         4
      129   -5.675736e+04         h        11         4
      130    8.195878e+03         g        11         5
      131   -6.909383e+03         h        11         5
      132   -1.873663e+04         g        11         6
      133   -5.052598e+04         h        11         6
      134   -5.398733e+03         g        11         7
      135   -2.603592e+04         h        11         7
      136    1.433347e+04         g        11         8
      137   -3.209222e+04         h        11         8
      138    4.535093e+03         g        11         9
      139   -2.912481e+04         h        11         9
      140   -2.676940e+03         g        11        10
      141   -1.164865e+04         h        11        10
      142    1.793374e+04         g        11        11
      143   -9.295705e+03         h        11        11
      144    3.542906e+04         g        12         0
      145    4.532389e+04         g        12         1
      146    1.089411e+05         h        12         1
      147   -1.436160e+04         g        12         2
      148    3.707685e+04         h        12         2
      149    4.789444e+03         g        12         3
      150   -3.900526e+04         h        12         3
      151   -1.327833e+04         g        12         4
      152   -2.285222e+04         h        12         4
      153   -2.080748e+04         g        12         5
      154    2.510969e+04         h        12         5
      155   -2.702112e+04         g        12         6
      156   -2.642802e+04         h        12         6
      157   -4.440908e+04         g        12         7
      158    1.690497e+04         h        12         7
      159    1.084972e+04         g        12         8
      160   -1.975011e+04         h        12         8
      161   -3.186924e+04         g        12         9
      162   -1.426619e+04         h        12         9
      163   -1.628131e+04         g        12        10
      164   -5.989310e+02         h        12        10
      165   -1.465738e+04         g        12        11
      166    2.508292e+02         h        12        11
      167   -4.026111e+03         g        12        12
      168   -1.290675e+04         h        12        12
      169    1.602423e+04         g        13         0
      170   -2.016074e+04         g        13         1
      171    9.008417e+04         h        13         1
      172    3.455606e+04         g        13         2
      173    8.951265e+03         h        13         2
      174   -4.982377e+04         g        13         3
      175   -3.225813e+03         h        13         3
      176    8.834222e+02         g        13         4
      177    5.409086e+04         h        13         4
      178    6.547715e+03         g        13         5
      179    9.467711e+03         h        13         5
      180    2.284132e+03         g        13         6
      181    2.906950e+04         h        13         6
      182   -2.044216e+04         g        13         7
      183    3.022702e+04         h        13         7
      184    3.197920e+04         g        13         8
      185    1.116069e+04         h        13         8
      186   -1.748888e+04         g        13         9
      187   -4.738563e+03         h        13         9
      188   -3.101347e+03         g        13        10
      189    3.082662e+04         h        13        10
      190   -7.246591e+03         g        13        11
      191    1.396772e+04         h        13        11
      192   -2.264972e+03         g        13        12
      193    1.475100e+04         h        13        12
      194   -9.689543e+03         g        13        13
      195    1.672404e+02         h        13        13
      196    5.315303e+03         g        14         0
      197   -6.361056e+04         g        14         1
      198    1.917896e+03         h        14         1
      199    3.465403e+04         g        14         2
      200   -9.267121e+03         h        14         2
      201   -3.622990e+04         g        14         3
      202    1.354733e+04         h        14         3
      203   -4.817637e+03         g        14         4
      204    5.253640e+04         h        14         4
      205    4.717670e+04         g        14         5
      206   -3.531714e+04         h        14         5
      207    1.033316e+03         g        14         6
      208    2.850367e+04         h        14         6
      209    2.384623e+04         g        14         7
      210    4.250588e+03         h        14         7
      211    2.600227e+04         g        14         8
      212   -9.984026e+03         h        14         8
      213    9.550419e+03         g        14         9
      214   -1.546607e+04         h        14         9
      215    1.347268e+04         g        14        10
      216    1.587037e+04         h        14        10
      217    1.500385e+04         g        14        11
      218    7.692562e+03         h        14        11
      219    1.036884e+04         g        14        12
      220    1.064150e+04         h        14        12
      221    1.055375e+04         g        14        13
      222    3.627365e+03         h        14        13
      223   -2.122022e+03         g        14        14
      224    6.542188e+03         h        14        14
      225    3.832725e+03         g        15         0
      226   -6.959414e+04         g        15         1
      227   -6.381124e+04         h        15         1
      228   -1.265594e+04         g        15         2
      229   -2.983108e+04         h        15         2
      230   -2.130320e+04         g        15         3
      231    2.623827e+04         h        15         3
      232   -2.706554e+04         g        15         4
      233   -6.485218e+03         h        15         4
      234    1.146798e+04         g        15         5
      235   -3.532379e+04         h        15         5
      236   -2.520927e+04         g        15         6
      237    7.468495e+03         h        15         6
      238    1.672626e+04         g        15         7
      239   -6.651654e+03         h        15         7
      240   -1.528105e+04         g        15         8
      241   -3.237079e+04         h        15         8
      242   -9.175343e+03         g        15         9
      243   -1.297689e+04         h        15         9
      244    8.406081e+03         g        15        10
      245   -8.114022e+03         h        15        10
      246    9.799768e+02         g        15        11
      247   -7.524271e+03         h        15        11
      248    8.614315e+03         g        15        12
      249   -4.300347e+03         h        15        12
      250    7.100358e+03         g        15        13
      251   -7.947680e+03         h        15        13
      252    4.717957e+03         g        15        14
      253   -7.347778e+03         h        15        14
      254    3.910393e+03         g        15        15
      255    2.844145e+03         h        15        15
      256   -3.782134e+04         g        16         0
      257   -4.366364e+04         g        16         1
      258   -5.062305e+04         h        16         1
      259   -3.712121e+04         g        16         2
      260   -2.152409e+04         h        16         2
      261   -1.987885e+04         g        16         3
      262    3.262801e+04         h        16         3
      263   -2.429239e+04         g        16         4
      264   -1.870457e+04         h        16         4
      265   -4.152270e+04         g        16         5
      266    9.978829e+03         h        16         5
      267   -1.598477e+04         g        16         6
      268    2.272290e+04         h        16         6
      269    2.391392e+03         g        16         7
      270    8.861871e+03         h        16         7
      271   -3.834693e+04         g        16         8
      272   -1.835336e+03         h        16         8
      273   -2.302863e+04         g        16         9
      274    1.633322e+04         h        16         9
      275    2.205326e+03         g        16        10
      276    4.779761e+03         h        16        10
      277   -1.532523e+04         g        16        11
      278   -2.833729e+03         h        16        11
      279   -4.552640e+03         g        16        12
      280    7.295776e+03         h        16        12
      281   -5.152091e+03         g        16        13
      282   -8.679819e+03         h        16        13
      283   -4.773921e+03         g        16        14
      284   -5.565091e+03         h        16        14
      285   -4.532665e+03         g        16        15
      286   -5.640888e+03         h        16        15
      287    3.120320e+03         g        16        16
      288   -1.925825e+03         h        16        16
      289   -6.033207e+04         g        17         0
      290    1.363145e+04         g        17         1
      291    1.542934e+04         h        17         1
      292   -8.000560e+03         g        17         2
      293    1.604858e+03         h        17         2
      294    7.938971e+03         g        17         3
      295    1.316933e+04         h        17         3
      296    1.069253e+04         g        17         4
      297    4.246899e+02         h        17         4
      298   -2.712240e+04         g        17         5
      299    3.303170e+04         h        17         5
      300    2.892260e+04         g        17         6
      301    2.320494e+04         h        17         6
      302    2.119837e+04         g        17         7
      303    5.655989e+03         h        17         7
      304   -1.825316e+04         g        17         8
      305    2.401540e+04         h        17         8
      306    8.381105e+03         g        17         9
      307    2.976432e+04         h        17         9
      308    1.547576e+04         g        17        10
      309    1.129717e+04         h        17        10
      310    4.440490e+02         g        17        11
      311    6.795474e+03         h        17        11
      312   -5.257875e+01         g        17        12
      313    1.844483e+04         h        17        12
      314    7.769477e+02         g        17        13
      315    3.411663e+03         h        17        13
      316   -6.355058e+03         g        17        14
      317    3.475421e+03         h        17        14
      318   -4.366270e+03         g        17        15
      319    1.170757e+03         h        17        15
      320   -4.946683e+03         g        17        16
      321    2.132134e+03         h        17        16
      322   -4.454902e+02         g        17        17
      323   -2.919015e+03         h        17        17
      324   -1.018630e+04         g        18         0
      325    6.454731e+04         g        18         1
      326    4.262166e+04         h        18         1
      327    2.556489e+04         g        18         2
      328   -3.577162e+03         h        18         2
      329    3.467259e+04         g        18         3
      330   -2.994800e+04         h        18         3
      331    3.259105e+04         g        18         4
      332   -1.025470e+04         h        18         4
      333    6.949772e+03         g        18         5
      334    6.116634e+03         h        18         5
      335    4.298047e+04         g        18         6
      336   -2.307794e+04         h        18         6
      337    1.903957e+04         g        18         7
      338   -2.513733e+04         h        18         7
      339    2.118682e+03         g        18         8
      340    5.229487e+03         h        18         8
      341    2.859907e+04         g        18         9
      342    4.308432e+03         h        18         9
      343    1.762725e+04         g        18        10
      344   -1.579612e+04         h        18        10
      345    1.194483e+04         g        18        11
      346   -4.099406e+03         h        18        11
      347    1.084237e+04         g        18        12
      348    3.482498e+03         h        18        12
      349    7.747287e+03         g        18        13
      350    9.185623e+02         h        18        13
      351    4.007176e+03         g        18        14
      352    1.107934e+03         h        18        14
      353    1.654232e+03         g        18        15
      354    2.426218e+03         h        18        15
      355    2.983704e+02         g        18        16
      356    3.059796e+03         h        18        16
      357    5.684295e+02         g        18        17
      358    3.813534e+03         h        18        17
      359   -2.382980e+03         g        18        18
      360   -4.110539e+02         h        18        18
      361    3.960806e+04         g        19         0
      362    5.908761e+04         g        19         1
      363    8.866126e+03         h        19         1
      364    1.222580e+04         g        19         2
      365   -2.082841e+04         h        19         2
      366    1.647707e+04         g        19         3
      367   -4.836314e+04         h        19         3
      368    1.114152e+04         g        19         4
      369   -2.049210e+04         h        19         4
      370    1.860419e+03         g        19         5
      371   -1.992705e+04         h        19         5
      372    4.067744e+03         g        19         6
      373   -4.609285e+04         h        19         6
      374   -2.326933e+04         g        19         7
      375   -3.118628e+04         h        19         7
      376   -3.676366e+03         g        19         8
      377   -5.893220e+03         h        19         8
      378    5.527117e+03         g        19         9
      379   -1.628648e+04         h        19         9
      380   -1.031116e+04         g        19        10
      381   -2.761650e+04         h        19        10
      382   -3.704825e+03         g        19        11
      383   -1.148006e+04         h        19        11
      384    1.812826e+03         g        19        12
      385   -9.735696e+03         h        19        12
      386   -2.257364e+03         g        19        13
      387   -7.939656e+03         h        19        13
      388    1.979730e+03         g        19        14
      389   -3.756366e+03         h        19        14
      390    9.976040e+02         g        19        15
      391   -6.353816e+03         h        19        15
      392    1.943351e+03         g        19        16
      393   -9.955642e+02         h        19        16
      394    2.179675e+03         g        19        17
      395   -5.550803e+01         h        19        17
      396    2.733741e+03         g        19        18
      397    6.352288e+02         h        19        18
      398   -8.900456e+02         g        19        19
      399    1.820070e+03         h        19        19
      400    2.966275e+04         g        20         0
      401    9.431214e+03         g        20         1
      402   -1.754579e+04         h        20         1
      403   -1.762471e+04         g        20         2
      404   -9.493757e+03         h        20         2
      405   -1.292873e+04         g        20         3
      406   -1.102885e+04         h        20         3
      407   -1.595191e+04         g        20         4
      408    4.689512e+03         h        20         4
      409   -4.434966e+03         g        20         5
      410   -6.451700e+03         h        20         5
      411   -2.838495e+04         g        20         6
      412   -1.064738e+04         h        20         6
      413   -3.904349e+04         g        20         7
      414    4.575805e+03         h        20         7
      415   -1.449884e+03         g        20         8
      416    1.407402e+04         h        20         8
      417   -1.150238e+04         g        20         9
      418   -4.219535e+03         h        20         9
      419   -2.683822e+04         g        20        10
      420   -2.003426e+03         h        20        10
      421   -1.112060e+04         g        20        11
      422    5.783920e+03         h        20        11
      423   -7.978201e+03         g        20        12
      424   -1.593919e+03         h        20        12
      425   -1.025176e+04         g        20        13
      426    4.984592e+02         h        20        13
      427   -6.301638e+03         g        20        14
      428    1.984029e+03         h        20        14
      429   -3.482236e+03         g        20        15
      430   -4.869900e+03         h        20        15
      431   -4.482355e+03         g        20        16
      432   -1.888110e+03         h        20        16
      433   -3.971790e+02         g        20        17
      434   -1.912011e+03         h        20        17
      435    2.741231e+02         g        20        18
      436   -1.036526e+03         h        20        18
      437    1.191929e+03         g        20        19
      438   -1.632116e+03         h        20        19
      439    1.227096e+03         g        20        20
      440    1.092825e+03         h        20        20
      441    3.257238e+03         g        21         0
      442   -2.855926e+04         g        21         1
      443   -1.218260e+04         h        21         1
      444   -1.227472e+04         g        21         2
      445    1.738264e+04         h        21         2
      446   -1.002000e+04         g        21         3
      447    3.420928e+04         h        21         3
      448   -8.245465e+03         g        21         4
      449    2.250952e+04         h        21         4
      450    1.667741e+04         g        21         5
      451    1.279486e+04         h        21         5
      452   -1.586644e+04         g        21         6
      453    2.187661e+04         h        21         6
      454   -4.853990e+03         g        21         7
      455    2.833009e+04         h        21         7
      456    2.233120e+04         g        21         8
      457    1.693378e+04         h        21         8
      458    1.470022e+03         g        21         9
      459    4.636920e+03         h        21         9
      460   -7.532150e+03         g        21        10
      461    1.642262e+04         h        21        10
      462    5.485234e+03         g        21        11
      463    1.567582e+04         h        21        11
      464    2.437213e+03         g        21        12
      465    3.628811e+03         h        21        12
      466   -1.307156e+03         g        21        13
      467    1.016386e+04         h        21        13
      468   -4.832458e+02         g        21        14
      469    7.306177e+03         h        21        14
      470   -1.403175e+03         g        21        15
      471    2.865922e+03         h        21        15
      472   -3.456577e+03         g        21        16
      473    1.673508e+03         h        21        16
      474   -2.045577e+03         g        21        17
      475    2.252430e+03         h        21        17
      476   -1.301856e+03         g        21        18
      477    6.763673e+02         h        21        18
      478   -4.138934e+02         g        21        19
      479   -2.373989e+02         h        21        19
      480   -8.091774e+02         g        21        20
      481   -1.233603e+03         h        21        20
      482    1.060967e+03         g        21        21
      483   -7.138496e+02         h        21        21
      484   -4.256999e+03         g        22         0
      485   -3.082776e+04         g        22         1
      486   -9.406071e+03         h        22         1
      487    9.259024e+03         g        22         2
      488    2.432404e+04         h        22         2
      489    4.799168e+03         g        22         3
      490    3.200526e+04         h        22         3
      491    9.630479e+03         g        22         4
      492    3.901118e+03         h        22         4
      493    2.358787e+04         g        22         5
      494    4.799349e+03         h        22         5
      495    4.960251e+03         g        22         6
      496    1.347933e+04         h        22         6
      497    2.187436e+04         g        22         7
      498    1.130351e+04         h        22         7
      499    2.620477e+04         g        22         8
      500   -1.066847e+04         h        22         8
      501    6.602278e+03         g        22         9
      502   -9.068519e+03         h        22         9
      503    9.954977e+03         g        22        10
      504    6.173279e+03         h        22        10
      505    1.299045e+04         g        22        11
      506   -1.308093e+03         h        22        11
      507    8.941151e+03         g        22        12
      508   -6.769391e+03         h        22        12
      509    6.411832e+03         g        22        13
      510    1.847812e+03         h        22        13
      511    7.145968e+03         g        22        14
      512    6.471272e+02         h        22        14
      513    2.499616e+03         g        22        15
      514    4.697861e+02         h        22        15
      515    2.520160e+03         g        22        16
      516    1.306571e+03         h        22        16
      517    8.058313e+02         g        22        17
      518    1.482865e+03         h        22        17
      519    1.419249e+03         g        22        18
      520    2.615527e+03         h        22        18
      521    6.000732e+02         g        22        19
      522    1.088048e+03         h        22        19
      523   -2.362026e+02         g        22        20
      524    2.496832e+02         h        22        20
      525   -1.114415e+03         g        22        21
      526    2.038178e+02         h        22        21
      527   -3.417543e+02         g        22        22
      528   -9.312054e+02         h        22        22
      529   -9.100932e+03         g        23         0
      530   -1.408462e+04         g        23         1
      531   -8.540761e+03         h        23         1
      532    7.592372e+03         g        23         2
      533    1.165097e+04         h        23         2
      534    3.110136e+03         g        23         3
      535    2.010872e+03         h        23         3
      536    4.244101e+03         g        23         4
      537   -1.337013e+04         h        23         4
      538   -1.722514e+03         g        23         5
      539   -6.957683e+03         h        23         5
      540    2.670114e+03         g        23         6
      541   -8.533457e+02         h        23         6
      542    1.197455e+04         g        23         7
      543   -7.835663e+03         h        23         7
      544   -2.891562e+03         g        23         8
      545   -2.293975e+04         h        23         8
      546   -9.023665e+03         g        23         9
      547   -1.209168e+04         h        23         9
      548    2.653964e+03         g        23        10
      549   -1.657566e+03         h        23        10
      550   -1.583783e+03         g        23        11
      551   -1.295418e+04         h        23        11
      552   -4.031462e+03         g        23        12
      553   -9.494082e+03         h        23        12
      554    3.407166e+02         g        23        13
      555   -5.686812e+03         h        23        13
      556    8.054825e+02         g        23        14
      557   -5.796676e+03         h        23        14
      558   -1.035995e+03         g        23        15
      559   -3.744537e+03         h        23        15
      560    1.036297e+03         g        23        16
      561   -2.040409e+03         h        23        16
      562    1.338239e+03         g        23        17
      563   -2.833992e+03         h        23        17
      564    1.342651e+03         g        23        18
      565    2.527374e+02         h        23        18
      566    2.453859e+03         g        23        19
      567   -4.818768e+02         h        23        19
      568    8.105888e+02         g        23        20
      569   -1.539361e+02         h        23        20
      570    7.016226e+01         g        23        21
      571    1.514858e+02         h        23        21
      572   -2.179053e+02         g        23        22
      573    8.492515e+02         h        23        22
      574   -7.518663e+02         g        23        23
      575    8.247669e+01         h        23        23
      576   -1.205089e+04         g        24         0
      577    3.266204e+03         g        24         1
      578    8.892075e+03         h        24         1
      579   -3.314750e+03         g        24         2
      580   -1.987794e+03         h        24         2
      581   -3.125270e+03         g        24         3
      582   -1.255836e+04         h        24         3
      583   -7.734014e+03         g        24         4
      584   -4.349359e+03         h        24         4
      585   -1.960267e+04         g        24         5
      586   -1.065666e+03         h        24         5
      587   -2.151831e+03         g        24         6
      588    1.931334e+03         h        24         6
      589   -1.850700e+03         g        24         7
      590   -2.960889e+03         h        24         7
      591   -2.222556e+04         g        24         8
      592   -4.849609e+03         h        24         8
      593   -1.280268e+04         g        24         9
      594    7.081201e+03         h        24         9
      595   -2.361232e+03         g        24        10
      596    6.039215e+03         h        24        10
      597   -9.891147e+03         g        24        11
      598   -1.784103e+03         h        24        11
      599   -1.099621e+04         g        24        12
      600    4.150700e+03         h        24        12
      601   -3.511656e+03         g        24        13
      602    1.377687e+03         h        24        13
      603   -5.194844e+03         g        24        14
      604   -1.125550e+03         h        24        14
      605   -4.842933e+03         g        24        15
      606    1.749246e+03         h        24        15
      607   -2.451969e+03         g        24        16
      608   -3.793414e+02         h        24        16
      609   -1.628325e+03         g        24        17
      610   -1.787063e+03         h        24        17
      611   -1.297021e+03         g        24        18
      612   -9.960519e+02         h        24        18
      613    6.523931e+02         g        24        19
      614   -8.674078e+02         h        24        19
      615    7.839586e+01         g        24        20
      616   -1.595583e+03         h        24        20
      617    2.057613e+00         g        24        21
      618   -6.436668e+02         h        24        21
      619    1.380208e+01         g        24        22
      620   -1.763539e+00         h        24        22
      621    5.574015e+02         g        24        23
      622    4.126756e+02         h        24        23
      623   -6.639245e+01         g        24        24
      624    5.519259e+02         h        24        24
      625    3.040094e+02         g        25         0
      626    1.278371e+04         g        25         1
      627    2.041791e+04         h        25         1
      628   -4.783209e+02         g        25         2
      629   -1.109288e+04         h        25         2
      630   -6.983926e+02         g        25         3
      631   -1.184997e+04         h        25         3
      632   -4.845875e+03         g        25         4
      633    6.738618e+03         h        25         4
      634   -1.058281e+04         g        25         5
      635    3.978773e+03         h        25         5
      636    4.867855e+03         g        25         6
      637    2.498683e+03         h        25         6
      638   -3.726580e+02         g        25         7
      639    3.229119e+03         h        25         7
      640   -1.118762e+04         g        25         8
      641    9.510109e+03         h        25         8
      642    3.276773e+03         g        25         9
      643    1.565619e+04         h        25         9
      644    7.178091e+03         g        25        10
      645    5.924958e+03         h        25        10
      646   -4.969771e+02         g        25        11
      647    6.442085e+03         h        25        11
      648    2.827102e+02         g        25        12
      649    1.095935e+04         h        25        12
      650    3.506375e+03         g        25        13
      651    4.884452e+03         h        25        13
      652    3.520186e+02         g        25        14
      653    3.321830e+03         h        25        14
      654   -2.440504e+02         g        25        15
      655    6.150353e+03         h        25        15
      656    7.376726e+02         g        25        16
      657    2.709888e+03         h        25        16
      658   -1.231096e+03         g        25        17
      659    1.361632e+03         h        25        17
      660   -6.858649e+02         g        25        18
      661    1.014733e+03         h        25        18
      662   -6.869641e+02         g        25        19
      663    5.771394e+02         h        25        19
      664   -4.819773e+02         g        25        20
      665   -2.125255e+02         h        25        20
      666   -1.061194e+03         g        25        21
      667   -4.129321e+02         h        25        21
      668   -5.569891e+02         g        25        22
      669   -1.220815e+02         h        25        22
      670    2.872185e+01         g        25        23
      671    1.196165e+01         h        25        23
      672    4.721104e+02         g        25        24
      673   -3.243874e+02         h        25        24
      674    3.770689e+02         g        25        25
      675    1.341871e+02         h        25        25
      676    1.220158e+04         g        26         0
      677    1.004097e+04         g        26         1
      678    6.343417e+03         h        26         1
      679    2.810166e+03         g        26         2
      680   -1.374302e+04         h        26         2
      681    1.028357e+03         g        26         3
      682   -9.406022e+03         h        26         3
      683    1.042178e+03         g        26         4
      684    3.418366e+03         h        26         4
      685    1.509471e+03         g        26         5
      686   -2.655977e+03         h        26         5
      687    6.125536e+03         g        26         6
      688   -5.643576e+03         h        26         6
      689    1.938551e+02         g        26         7
      690   -2.964517e+03         h        26         7
      691    3.066374e+03         g        26         8
      692    4.940244e+03         h        26         8
      693    1.107425e+04         g        26         9
      694    2.387028e+03         h        26         9
      695    8.409534e+03         g        26        10
      696   -7.054375e+03         h        26        10
      697    5.155741e+03         g        26        11
      698   -4.482060e+02         h        26        11
      699    7.461746e+03         g        26        12
      700    1.647969e+03         h        26        12
      701    6.000731e+03         g        26        13
      702   -3.570810e+03         h        26        13
      703    3.848285e+03         g        26        14
      704   -8.623910e+02         h        26        14
      705    4.470031e+03         g        26        15
      706    8.888575e+02         h        26        15
      707    3.570017e+03         g        26        16
      708    2.079348e+01         h        26        16
      709    1.265720e+03         g        26        17
      710    9.969908e+01         h        26        17
      711    1.548191e+03         g        26        18
      712    7.599477e+02         h        26        18
      713    7.477797e+02         g        26        19
      714    3.456152e+02         h        26        19
      715    3.300729e+02         g        26        20
      716    9.924295e+02         h        26        20
      717   -1.204386e+02         g        26        21
      718    2.697696e+02         h        26        21
      719   -6.136774e+02         g        26        22
      720    6.151811e+02         h        26        22
      721   -1.867095e+02         g        26        23
      722    3.462037e+02         h        26        23
      723    2.798781e+01         g        26        24
      724   -7.034883e+01         h        26        24
      725   -1.305659e+02         g        26        25
      726   -4.484212e+02         h        26        25
      727    1.535781e+02         g        26        26
      728   -2.374150e+02         h        26        26
      729    6.088200e+03         g        27         0
      730   -3.472235e+02         g        27         1
      731   -9.765731e+03         h        27         1
      732   -3.181142e+03         g        27         2
      733   -5.985453e+03         h        27         2
      734   -2.023091e+03         g        27         3
      735   -1.399295e+03         h        27         3
      736   -1.443774e+02         g        27         4
      737   -1.445023e+03         h        27         4
      738    3.056478e+03         g        27         5
      739   -4.968592e+03         h        27         5
      740   -3.110032e+03         g        27         6
      741   -6.118711e+03         h        27         6
      742   -5.061463e+03         g        27         7
      743   -5.576990e+03         h        27         7
      744    3.601326e+03         g        27         8
      745   -1.697649e+02         h        27         8
      746    2.039190e+03         g        27         9
      747   -7.460749e+03         h        27         9
      748   -3.911208e+03         g        27        10
      749   -1.088888e+04         h        27        10
      750   -1.105841e+03         g        27        11
      751   -3.664482e+03         h        27        11
      752    8.840946e+02         g        27        12
      753   -5.248891e+03         h        27        12
      754   -2.200179e+03         g        27        13
      755   -6.932643e+03         h        27        13
      756   -1.677665e+03         g        27        14
      757   -3.200462e+03         h        27        14
      758    1.545310e+03         g        27        15
      759   -3.580279e+03         h        27        15
      760   -1.413749e+02         g        27        16
      761   -3.152640e+03         h        27        16
      762   -5.525170e+01         g        27        17
      763   -1.611123e+03         h        27        17
      764    7.693700e+02         g        27        18
      765   -1.525298e+03         h        27        18
      766    6.802182e+02         g        27        19
      767   -1.190995e+03         h        27        19
      768    5.449972e+02         g        27        20
      769   -1.123337e+02         h        27        20
      770    8.033291e+02         g        27        21
      771   -6.239351e+01         h        27        21
      772    5.137599e+01         g        27        22
      773    9.816960e+01         h        27        22
      774    2.550216e+02         g        27        23
      775    5.077445e+02         h        27        23
      776    1.839280e+02         g        27        24
      777    1.668994e+02         h        27        24
      778   -6.682463e+01         g        27        25
      779   -4.735292e+01         h        27        25
      780   -3.678963e+02         g        27        26
      781   -2.386916e+00         h        27        26
      782   -1.339787e+02         g        27        27
      783   -1.393489e+02         h        27        27
      784   -5.771037e+03         g        28         0
      785   -6.429543e+03         g        28         1
      786   -8.005304e+03         h        28         1
      787   -4.200161e+03         g        28         2
      788    5.798781e+03         h        28         2
      789   -1.640576e+03         g        28         3
      790    9.133164e+03         h        28         3
      791    6.497938e+02         g        28         4
      792   -9.627763e+02         h        28         4
      793    3.591923e+03         g        28         5
      794    1.794355e+03         h        28         5
      795   -5.936902e+03         g        28         6
      796    1.634901e+03         h        28         6
      797   -3.629501e+03         g        28         7
      798    4.615992e+02         h        28         7
      799    2.200006e+03         g        28         8
      800    1.812092e+03         h        28         8
      801   -4.514746e+03         g        28         9
      802   -3.312718e+03         h        28         9
      803   -8.928524e+03         g        28        10
      804   -8.406730e+02         h        28        10
      805   -3.719528e+03         g        28        11
      806    2.710181e+03         h        28        11
      807   -3.254827e+03         g        28        12
      808   -1.277256e+03         h        28        12
      809   -6.539130e+03         g        28        13
      810    6.645281e+02         h        28        13
      811   -4.027185e+03         g        28        14
      812    1.758012e+03         h        28        14
      813   -1.566304e+03         g        28        15
      814   -7.939221e+02         h        28        15
      815   -3.213529e+03         g        28        16
      816   -6.261544e+02         h        28        16
      817   -2.107479e+03         g        28        17
      818    6.448727e+02         h        28        17
      819   -9.790455e+02         g        28        18
      820   -9.250622e+02         h        28        18
      821   -1.181710e+03         g        28        19
      822   -8.745466e+02         h        28        19
      823   -3.771885e+02         g        28        20
      824   -4.035309e+02         h        28        20
      825   -7.539836e+00         g        28        21
      826   -4.331404e+02         h        28        21
      827   -1.817910e+01         g        28        22
      828   -4.885945e+02         h        28        22
      829    1.086582e+01         g        28        23
      830   -6.901559e+01         h        28        23
      831    3.612492e+02         g        28        24
      832   -5.951767e+01         h        28        24
      833    1.576530e+02         g        28        25
      834   -8.126598e+01         h        28        25
      835   -4.569989e+01         g        28        26
      836    6.210539e+01         h        28        26
      837   -7.374668e+01         g        28        27
      838    2.767467e+02         h        28        27
      839   -1.089688e+02         g        28        28
      840    6.641904e+01         h        28        28
      841   -7.172089e+03         g        29         0
      842   -3.696009e+03         g        29         1
      843   -7.666240e+02         h        29         1
      844    2.808436e+03         g        29         2
      845    9.234864e+03         h        29         2
      846    2.054745e+03         g        29         3
      847    8.568753e+03         h        29         3
      848    4.647678e+03         g        29         4
      849   -1.572497e+03         h        29         4
      850    5.057749e+03         g        29         5
      851    4.457182e+03         h        29         5
      852    4.189668e+02         g        29         6
      853    3.709973e+03         h        29         6
      854    3.119240e+03         g        29         7
      855    2.668419e+03         h        29         7
      856    4.008679e+03         g        29         8
      857    9.740610e+02         h        29         8
      858   -1.366936e+03         g        29         9
      859    7.376756e+02         h        29         9
      860   -1.680338e+03         g        29        10
      861    5.652597e+03         h        29        10
      862    1.751692e+03         g        29        11
      863    4.170585e+03         h        29        11
      864    8.816900e+02         g        29        12
      865    1.509437e+03         h        29        12
      866   -1.188026e+03         g        29        13
      867    5.083613e+03         h        29        13
      868    1.152333e+03         g        29        14
      869    3.946014e+03         h        29        14
      870    5.554193e+02         g        29        15
      871    1.171468e+03         h        29        15
      872   -7.975013e+02         g        29        16
      873    2.150485e+03         h        29        16
      874   -1.220945e+02         g        29        17
      875    2.465046e+03         h        29        17
      876   -2.233091e+02         g        29        18
      877    9.227402e+02         h        29        18
      878   -9.925631e+02         g        29        19
      879    5.713379e+02         h        29        19
      880   -4.046346e+02         g        29        20
      881    7.215222e+02         h        29        20
      882   -3.957488e+02         g        29        21
      883    1.641099e+02         h        29        21
      884   -4.113690e+02         g        29        22
      885    1.002995e+02         h        29        22
      886   -3.725397e+02         g        29        23
      887   -1.070060e+02         h        29        23
      888   -9.968244e+01         g        29        24
      889   -6.749790e-01         h        29        24
      890    7.311910e+01         g        29        25
      891   -2.389874e+02         h        29        25
      892    4.130385e+00         g        29        26
      893   -1.175412e+02         h        29        26
      894    6.412271e+01         g        29        27
      895    5.033964e+01         h        29        27
      896    1.917727e+02         g        29        28
      897    1.071416e+02         h        29        28
      898    2.514840e+01         g        29        29
      899    7.577486e+01         h        29        29
      900   -2.226684e+03         g        30         0
      901    1.442042e+03         g        30         1
      902    7.440550e+02         h        30         1
      903    4.464601e+03         g        30         2
      904    3.714574e+03         h        30         2
      905    2.019680e+03         g        30         3
      906   -6.436767e+02         h        30         3
      907    3.046171e+03         g        30         4
      908   -2.735709e+03         h        30         4
      909    1.357856e+03         g        30         5
      910    6.110805e+02         h        30         5
      911    3.442279e+03         g        30         6
      912   -8.411758e+01         h        30         6
      913    3.661745e+03         g        30         7
      914   -5.344145e+02         h        30         7
      915    1.657794e+03         g        30         8
      916   -3.061367e+03         h        30         8
      917    1.053043e+03         g        30         9
      918   -6.108554e+02         h        30         9
      919    3.189377e+03         g        30        10
      920    2.727911e+03         h        30        10
      921    3.537932e+03         g        30        11
      922   -1.722336e+03         h        30        11
      923    2.249317e+03         g        30        12
      924   -1.428985e+03         h        30        12
      925    2.817333e+03         g        30        13
      926    1.343769e+03         h        30        13
      927    3.637709e+03         g        30        14
      928   -5.367717e+02         h        30        14
      929    1.503001e+03         g        30        15
      930   -1.370817e+03         h        30        15
      931    1.366570e+03         g        30        16
      932    4.981741e+02         h        30        16
      933    2.086980e+03         g        30        17
      934    4.490527e+02         h        30        17
      935    8.620825e+02         g        30        18
      936    1.610085e+02         h        30        18
      937    4.909001e+02         g        30        19
      938    4.803465e+02         h        30        19
      939    5.599966e+02         g        30        20
      940    5.467373e+02         h        30        20
      941    3.402620e+02         g        30        21
      942    4.198351e+02         h        30        21
      943    2.610179e+01         g        30        22
      944    4.909153e+02         h        30        22
      945   -3.325141e+01         g        30        23
      946    2.883186e+02         h        30        23
      947   -1.835939e+02         g        30        24
      948    2.368862e+02         h        30        24
      949    1.563952e+01         g        30        25
      950    7.802665e+01         h        30        25
      951   -1.098441e+02         g        30        26
      952   -1.152580e+02         h        30        26
      953   -6.063683e+01         g        30        27
      954   -4.383778e+01         h        30        27
      955    5.253613e+01         g        30        28
      956   -5.448865e+01         h        30        28
      957    1.099529e+02         g        30        29
      958   -1.188146e+02         h        30        29
      959    4.556336e+01         g        30        30
      960   -2.661605e+00         h        30        30
      961    1.693441e+03         g        31         0
      962    3.031993e+03         g        31         1
      963    1.316274e+03         h        31         1
      964   -6.429419e+02         g        31         2
      965   -2.324144e+03         h        31         2
      966   -6.461942e+02         g        31         3
      967   -4.744294e+03         h        31         3
      968   -2.450256e+03         g        31         4
      969    3.150667e+02         h        31         4
      970   -3.579034e+03         g        31         5
      971   -1.344998e+03         h        31         5
      972    9.140443e+02         g        31         6
      973   -9.694701e+02         h        31         6
      974   -7.982533e+02         g        31         7
      975   -6.207586e+02         h        31         7
      976   -3.173133e+03         g        31         8
      977   -2.446928e+03         h        31         8
      978   -3.064516e+02         g        31         9
      979   -1.652863e+02         h        31         9
      980    1.296467e+03         g        31        10
      981   -1.312962e+02         h        31        10
      982   -6.803026e+02         g        31        11
      983   -3.721899e+03         h        31        11
      984   -1.451720e+03         g        31        12
      985   -1.782215e+03         h        31        12
      986    8.761348e+02         g        31        13
      987   -1.314004e+03         h        31        13
      988    1.903438e+02         g        31        14
      989   -3.081140e+03         h        31        14
      990   -1.554017e+03         g        31        15
      991   -1.980357e+03         h        31        15
      992    1.234962e+01         g        31        16
      993   -9.769974e+02         h        31        16
      994    7.650724e+02         g        31        17
      995   -1.470316e+03         h        31        17
      996   -1.964215e+02         g        31        18
      997   -1.051583e+03         h        31        18
      998    2.809948e+02         g        31        19
      999   -3.299626e+02         h        31        19
     1000    5.541385e+02         g        31        20
     1001   -6.268962e+02         h        31        20
     1002    3.660692e+02         g        31        21
     1003   -2.463472e+02         h        31        21
     1004    4.399107e+02         g        31        22
     1005    1.608225e+00         h        31        22
     1006    2.911309e+02         g        31        23
     1007    3.054592e+01         h        31        23
     1008    1.577630e+02         g        31        24
     1009    8.487590e+01         h        31        24
     1010    1.449154e+02         g        31        25
     1011    1.451738e+02         h        31        25
     1012    8.288142e+01         g        31        26
     1013   -1.034391e+01         h        31        26
     1014   -9.961997e+01         g        31        27
     1015    2.426072e+01         h        31        27
     1016   -6.017094e+01         g        31        28
     1017    2.243609e+01         h        31        28
     1018   -4.549065e+01         g        31        29
     1019   -4.762970e+01         h        31        29
     1020   -6.600375e+01         g        31        30
     1021   -9.438748e+01         h        31        30
     1022    6.242011e+00         g        31        31
     1023   -2.256540e+01         h        31        31
     1024    3.443034e+03         g        32         0
     1025    1.486891e+03         g        32         1
     1026    2.668595e+03         h        32         1
     1027   -2.681362e+03         g        32         2
     1028   -3.892871e+03         h        32         2
     1029   -9.363881e+02         g        32         3
     1030   -1.974845e+03         h        32         3
     1031   -3.535410e+03         g        32         4
     1032    3.525610e+03         h        32         4
     1033   -2.960407e+03         g        32         5
     1034   -3.847892e+02         h        32         5
     1035   -5.133597e+02         g        32         6
     1036    6.304673e+02         h        32         6
     1037   -2.018802e+03         g        32         7
     1038    1.892349e+03         h        32         7
     1039   -2.996519e+03         g        32         8
     1040    1.200940e+03         h        32         8
     1041   -1.443785e+02         g        32         9
     1042    2.145634e+03         h        32         9
     1043    1.197582e+01         g        32        10
     1044    3.356250e+02         h        32        10
     1045   -2.377087e+03         g        32        11
     1046   -1.199682e+02         h        32        11
     1047   -2.260853e+03         g        32        12
     1048    1.677959e+03         h        32        12
     1049   -3.395494e+02         g        32        13
     1050    1.286265e+02         h        32        13
     1051   -1.884459e+03         g        32        14
     1052   -5.216227e+02         h        32        14
     1053   -2.620311e+03         g        32        15
     1054    1.064569e+03         h        32        15
     1055   -7.070070e+02         g        32        16
     1056    4.757337e+02         h        32        16
     1057   -8.141093e+02         g        32        17
     1058   -5.791648e+02         h        32        17
     1059   -1.191579e+03         g        32        18
     1060   -3.908859e+01         h        32        18
     1061   -5.273634e+02         g        32        19
     1062    7.183589e+01         h        32        19
     1063   -2.999018e+02         g        32        20
     1064   -5.819588e+02         h        32        20
     1065   -3.833447e+02         g        32        21
     1066   -4.155384e+02         h        32        21
     1067    2.473629e+01         g        32        22
     1068   -2.090794e+02         h        32        22
     1069    8.976433e+00         g        32        23
     1070   -3.407799e+02         h        32        23
     1071    2.287119e+01         g        32        24
     1072   -1.674581e+02         h        32        24
     1073    9.780113e+01         g        32        25
     1074   -1.383140e+02         h        32        25
     1075    1.267891e+02         g        32        26
     1076   -8.407019e+01         h        32        26
     1077    1.245397e+01         g        32        27
     1078   -7.621968e+01         h        32        27
     1079   -2.912916e+01         g        32        28
     1080    7.871457e+01         h        32        28
     1081   -9.165754e+00         g        32        29
     1082    6.437545e+01         h        32        29
     1083   -4.516638e+01         g        32        30
     1084    3.770165e+01         h        32        30
     1085   -7.376696e+01         g        32        31
     1086    3.030714e+01         h        32        31
     1087   -7.542901e+00         g        32        32
     1088   -7.325750e+00         h        32        32
     1089    3.506041e+03         g        33         0
     1090   -5.270213e+02         g        33         1
     1091    9.459167e+02         h        33         1
     1092   -6.138686e+02         g        33         2
     1093   -2.619357e+03         h        33         2
     1094    2.470025e+02         g        33         3
     1095    2.815149e+02         h        33         3
     1096   -9.505553e+02         g        33         4
     1097    2.073080e+03         h        33         4
     1098    1.557597e+02         g        33         5
     1099   -6.262340e+02         h        33         5
     1100   -2.630282e+02         g        33         6
     1101    1.910900e+02         h        33         6
     1102   -3.367635e+02         g        33         7
     1103    1.574487e+03         h        33         7
     1104    5.211208e+02         g        33         8
     1105    1.691925e+03         h        33         8
     1106    1.260138e+03         g        33         9
     1107    1.273479e+03         h        33         9
     1108    8.857276e+02         g        33        10
     1109   -2.126572e+02         h        33        10
     1110   -6.034902e+01         g        33        11
     1111    1.722651e+03         h        33        11
     1112    6.132520e+02         g        33        12
     1113    2.291049e+03         h        33        12
     1114    1.165722e+03         g        33        13
     1115    3.120736e+02         h        33        13
     1116   -2.809763e+02         g        33        14
     1117    1.177838e+03         h        33        14
     1118    9.254574e+01         g        33        15
     1119    2.298731e+03         h        33        15
     1120    8.385180e+02         g        33        16
     1121    1.044175e+03         h        33        16
     1122   -1.451014e+02         g        33        17
     1123    3.477993e+02         h        33        17
     1124   -2.501571e+02         g        33        18
     1125    1.033199e+03         h        33        18
     1126    2.794000e+01         g        33        19
     1127    6.968874e+02         h        33        19
     1128   -3.577990e+02         g        33        20
     1129    1.884915e+02         h        33        20
     1130   -4.070632e+02         g        33        21
     1131    2.097373e+02         h        33        21
     1132   -2.280182e+02         g        33        22
     1133    1.724150e+02         h        33        22
     1134   -2.151798e+02         g        33        23
     1135   -2.699641e+01         h        33        23
     1136   -2.689401e+02         g        33        24
     1137   -2.404426e+01         h        33        24
     1138   -1.165300e+02         g        33        25
     1139   -8.335744e+01         h        33        25
     1140   -8.596100e+01         g        33        26
     1141   -1.062035e+02         h        33        26
     1142   -2.710241e+01         g        33        27
     1143   -1.064786e+02         h        33        27
     1144   -6.194587e+01         g        33        28
     1145   -1.620781e+01         h        33        28
     1146    4.829854e+01         g        33        29
     1147    5.935212e+01         h        33        29
     1148    5.235978e+01         g        33        30
     1149    3.149410e+01         h        33        30
     1150    2.750036e+01         g        33        31
     1151    4.078324e+01         h        33        31
     1152    8.043332e+00         g        33        32
     1153    5.270547e+01         h        33        32
     1154   -4.568955e+00         g        33        33
     1155   -1.294632e+00         h        33        33
     1156   -4.532318e+02         g        34         0
     1157   -1.357965e+03         g        34         1
     1158   -1.557995e+03         h        34         1
     1159    5.532560e+02         g        34         2
     1160    7.214671e+02         h        34         2
     1161    1.689119e+02         g        34         3
     1162    6.931368e+02         h        34         3
     1163    9.427435e+02         g        34         4
     1164   -1.342103e+03         h        34         4
     1165    9.031079e+02         g        34         5
     1166   -5.555342e+02         h        34         5
     1167   -7.596030e+02         g        34         6
     1168   -5.905155e+02         h        34         6
     1169    4.453785e+02         g        34         7
     1170   -7.911031e+02         h        34         7
     1171    1.440445e+03         g        34         8
     1172   -9.392724e+01         h        34         8
     1173    9.380172e+01         g        34         9
     1174   -1.179589e+03         h        34         9
     1175    2.592689e+01         g        34        10
     1176   -1.365090e+03         h        34        10
     1177    8.753266e+02         g        34        11
     1178    5.083963e+02         h        34        11
     1179    1.344650e+03         g        34        12
     1180   -4.495100e+02         h        34        12
     1181    5.558550e+02         g        34        13
     1182   -1.190209e+03         h        34        13
     1183    4.409033e+02         g        34        14
     1184    1.889813e+02         h        34        14
     1185    1.628319e+03         g        34        15
     1186    2.611032e+02         h        34        15
     1187    1.007225e+03         g        34        16
     1188   -5.861291e+02         h        34        16
     1189    2.403441e+02         g        34        17
     1190   -2.030195e+02         h        34        17
     1191    7.151048e+02         g        34        18
     1192    3.165504e+02         h        34        18
     1193    6.513288e+02         g        34        19
     1194    8.594466e+01         h        34        19
     1195    1.114012e+02         g        34        20
     1196    1.550472e+02         h        34        20
     1197    1.780748e+02         g        34        21
     1198    3.308603e+02         h        34        21
     1199    1.586825e+02         g        34        22
     1200    1.789306e+02         h        34        22
     1201    2.846068e+01         g        34        23
     1202    2.466863e+02         h        34        23
     1203   -2.799624e+01         g        34        24
     1204    1.791974e+02         h        34        24
     1205   -8.466878e+01         g        34        25
     1206    1.313527e+02         h        34        25
     1207   -7.730305e+01         g        34        26
     1208    5.758234e+01         h        34        26
     1209   -7.300867e+01         g        34        27
     1210    2.886515e+01         h        34        27
     1211   -7.440665e+01         g        34        28
     1212    1.920004e+00         h        34        28
     1213   -1.650378e+01         g        34        29
     1214    5.083208e+01         h        34        29
     1215    6.480524e+01         g        34        30
     1216   -1.797391e+01         h        34        30
     1217    4.130534e+01         g        34        31
     1218   -3.837528e+01         h        34        31
     1219    3.303111e+01         g        34        32
     1220   -1.952926e+01         h        34        32
     1221    3.399300e+01         g        34        33
     1222    2.781306e+00         h        34        33
     1223   -5.348440e+00         g        34        34
     1224    7.597067e-01         h        34        34
     1225   -2.491987e+03         g        35         0
     1226   -6.837170e+02         g        35         1
     1227   -1.041104e+03         h        35         1
     1228    2.927083e+02         g        35         2
     1229    2.084416e+03         h        35         2
     1230   -1.953553e+02         g        35         3
     1231    6.323967e+02         h        35         3
     1232    1.002766e+03         g        35         4
     1233   -1.690023e+03         h        35         4
     1234    3.039146e+02         g        35         5
     1235    4.373629e+02         h        35         5
     1236   -6.948173e+02         g        35         6
     1237   -6.072902e+01         h        35         6
     1238    3.444951e+02         g        35         7
     1239   -1.219405e+03         h        35         7
     1240    2.698067e+02         g        35         8
     1241   -5.208674e+02         h        35         8
     1242   -1.181638e+03         g        35         9
     1243   -1.128168e+03         h        35         9
     1244   -1.056922e+03         g        35        10
     1245   -6.319312e+02         h        35        10
     1246    3.031118e+00         g        35        11
     1247   -1.609426e+02         h        35        11
     1248   -4.696682e+01         g        35        12
     1249   -1.321010e+03         h        35        12
     1250   -1.194682e+03         g        35        13
     1251   -8.670842e+02         h        35        13
     1252   -3.249543e+02         g        35        14
     1253   -1.919923e+02         h        35        14
     1254    5.970436e+02         g        35        15
     1255   -9.103114e+02         h        35        15
     1256   -4.088327e+02         g        35        16
     1257   -1.065376e+03         h        35        16
     1258   -4.297645e+02         g        35        17
     1259   -3.420734e+02         h        35        17
     1260    3.583790e+02         g        35        18
     1261   -3.913210e+02         h        35        18
     1262    1.916485e+02         g        35        19
     1263   -5.496794e+02         h        35        19
     1264    4.644059e+01         g        35        20
     1265   -1.679038e+02         h        35        20
     1266    2.646650e+02         g        35        21
     1267   -9.191290e+01         h        35        21
     1268    2.677349e+02         g        35        22
     1269   -2.040479e+02         h        35        22
     1270    1.735447e+02         g        35        23
     1271   -4.707415e+00         h        35        23
     1272    2.357806e+02         g        35        24
     1273    4.212319e+01         h        35        24
     1274    8.412702e+01         g        35        25
     1275    1.431422e+01         h        35        25
     1276    7.825008e+01         g        35        26
     1277    8.546071e+01         h        35        26
     1278    4.299306e+01         g        35        27
     1279    4.489871e+01         h        35        27
     1280    9.608806e+00         g        35        28
     1281    5.629361e+01         h        35        28
     1282   -8.697234e+00         g        35        29
     1283    5.351175e+01         h        35        29
     1284    3.530912e+01         g        35        30
     1285    2.014430e+01         h        35        30
     1286    1.459852e+00         g        35        31
     1287   -5.779416e+01         h        35        31
     1288   -2.464264e+01         g        35        32
     1289   -4.406227e+01         h        35        32
     1290   -1.269606e+01         g        35        33
     1291   -2.852940e+01         h        35        33
     1292    6.599840e+00         g        35        34
     1293   -2.090293e+01         h        35        34
     1294   -2.401500e+00         g        35        35
     1295    5.542989e+00         h        35        35