      IND             SHC     g | h         n         m
        1    4.789878e+05         g         1         0
        2   -8.311295e+04         g         1         1
        3    2.446887e+04         h         1         1
        4    1.500165e+04         g         2         0
        5   -6.972201e+04         g         2         1
        6   -5.246312e+04         h         2         1
        7    5.911590e+04         g         2         2
        8    2.513692e+04         h         2         2
        9    3.734933e+03         g         3         0
       10   -4.817159e+04         g         3         1
       11   -4.231638e+04         h         3         1
       12    1.971340e+04         g         3         2
       13    5.483065e+04         h         3         2
       14   -1.677094e+03         g         3         3
       15   -3.552812e+04         h         3         3
       16   -4.577948e+04         g         4         0
       17   -1.137188e+04         g         4         1
       18    4.305564e+04         h         4         1
       19   -3.653727e+03         g         4         2
       20    3.789188e+04         h         4         2
       21   -1.463308e+04         g         4         3
       22   -1.076187e+03         h         4         3
       23   -2.442778e+04         g         4         4
       24   -2.092842e+03         h         4         4
       25   -2.709405e+04         g         5         0
       26    6.215554e+03         g         5         1
       27    6.638925e+04         h         5         1
       28    2.355430e+04         g         5         2
       29   -1.934704e+03         h         5         2
       30   -2.496283e+04         g         5         3
       31    8.365002e+03         h         5         3
       32   -3.730126e+03         g         5         4
       33    1.507933e+04         h         5         4
       34   -7.312541e+03         g         5         5
       35    1.438945e+04         h         5         5
       36   -2.951471e+04         g         6         0
       37    1.370453e+04         g         6         1
       38    1.885971e+04         h         6         1
       39    1.831665e+04         g         6         2
       40   -1.366535e+04         h         6         2
       41   -1.868823e+04         g         6         3
       42   -7.513960e+02         h         6         3
       43    3.745428e+03         g         6         4
       44    2.087309e+04         h         6         4
       45    2.069949e+03         g         6         5
       46   -5.417546e+03         h         6         5
       47    1.200700e+04         g         6         6
       48    7.391554e+03         h         6         6
       49   -2.414316e+03         g         7         0
       50    9.643837e+03         g         7         1
       51   -9.193815e+03         h         7         1
       52   -1.068082e+04         g         7         2
       53   -1.984362e+04         h         7         2
       54   -2.845207e+03         g         7         3
       55    2.998761e+03         h         7         3
       56   -1.089853e+04         g         7         4
       57    8.725627e+03         h         7         4
       58    5.398549e+03         g         7         5
       59   -1.060709e+04         h         7         5
       60   -3.745361e+03         g         7         6
       61   -3.134966e+03         h         7         6
       62    6.057337e+03         g         7         7
       63   -9.126642e+03         h         7         7
       64    2.224568e+04         g         8         0
       65    2.136945e+02         g         8         1
       66   -6.811642e+03         h         8         1
       67   -1.237468e+04         g         8         2
       68   -1.951341e+04         h         8         2
       69    2.419917e+02         g         8         3
       70    1.687669e+04         h         8         3
       71   -8.013166e+03         g         8         4
       72   -2.895717e+03         h         8         4
       73   -2.871448e+03         g         8         5
       74    3.958612e+03         h         8         5
       75   -7.210906e+03         g         8         6
       76   -5.511329e+03         h         8         6
       77   -2.294646e+03         g         8         7
       78    1.564542e+03         h         8         7
       79   -5.148837e+03         g         8         8
       80   -5.385978e+03         h         8         8
       81    1.244292e+04         g         9         0
       82   -3.991210e+03         g         9         1
       83   -1.140639e+04         h         9         1
       84    2.061202e+03         g         9         2
       85   -3.524644e+03         h         9         2
       86    1.274167e+03         g         9         3
       87    1.099965e+04         h         9         3
       88    6.251322e+03         g         9         4
       89   -2.111975e+03         h         9         4
       90   -4.877779e+03         g         9         5
       91    6.226112e+03         h         9         5
       92    2.831030e+03         g         9         6
       93   -3.092634e+02         h         9         6
       94   -2.821952e+03         g         9         7
       95    3.321715e+03         h         9         7
       96    2.488402e+03         g         9         8
       97    1.460805e+03         h         9         8
       98   -4.192690e+03         g         9         9
       99    3.211003e+03         h         9         9
      100   -8.555840e+02         g        10         0
      101    1.611238e+03         g        10         1
      102   -1.180975e+04         h        10         1
      103    3.419024e+03         g        10         2
      104    1.041300e+04         h        10         2
      105    7.691461e+03         g        10         3
      106   -4.259167e+03         h        10         3
      107    7.372545e+03         g        10         4
      108   -2.820861e+03         h        10         4
      109    7.459522e+02         g        10         5
      110   -6.837753e+02         h        10         5
      111    3.620838e+03         g        10         6
      112   -1.449140e+03         h        10         6
      113    1.526857e+03         g        10         7
      114   -2.886838e+03         h        10         7
      115    4.660264e+03         g        10         8
      116    7.031841e+02         h        10         8
      117    1.616736e+03         g        10         9
      118   -1.350977e+03         h        10         9
      119    2.022470e+03         g        10        10
      120    3.120711e+03         h        10        10
      121    1.640511e+03         g        11         0
      122    6.817661e+03         g        11         1
      123    1.213879e+03         h        11         1
      124   -2.379225e+03         g        11         2
      125    9.624670e+03         h        11         2
      126    7.901912e+03         g        11         3
      127   -8.303722e+03         h        11         3
      128    6.408787e+02         g        11         4
      129   -5.984837e+03         h        11         4
      130    7.750797e+02         g        11         5
      131   -7.175283e+02         h        11         5
      132   -1.802594e+03         g        11         6
      133   -5.456697e+03         h        11         6
      134   -6.477556e+02         g        11         7
      135   -2.645546e+03         h        11         7
      136    1.599547e+03         g        11         8
      137   -3.637888e+03         h        11         8
      138    5.109226e+02         g        11         9
      139   -3.031302e+03         h        11         9
      140   -3.020619e+02         g        11        10
      141   -1.224396e+03         h        11        10
      142    2.010152e+03         g        11        11
      143   -1.026156e+03         h        11        11
      144    5.370189e+03         g        12         0
      145    3.923839e+03         g        12         1
      146    1.011699e+04         h        12         1
      147   -1.303883e+03         g        12         2
      148    3.571661e+03         h        12         2
      149    1.538345e+02         g        12         3
      150   -4.086863e+03         h        12         3
      151   -1.237060e+03         g        12         4
      152   -2.085665e+03         h        12         4
      153   -1.905866e+03         g        12         5
      154    2.070529e+03         h        12         5
      155   -2.016103e+03         g        12         6
      156   -2.480642e+03         h        12         6
      157   -4.167580e+03         g        12         7
      158    1.654336e+03         h        12         7
      159    1.124875e+03         g        12         8
      160   -1.958750e+03         h        12         8
      161   -2.834515e+03         g        12         9
      162   -1.239231e+03         h        12         9
      163   -1.515924e+03         g        12        10
      164   -6.635181e+01         h        12        10
      165   -1.286431e+03         g        12        11
      166    8.671184e+00         h        12        11
      167   -4.126354e+02         g        12        12
      168   -1.225968e+03         h        12        12
      169    3.471065e+03         g        13         0
      170   -2.002508e+03         g        13         1
      171    7.007257e+03         h        13         1
      172    2.647182e+03         g        13         2
      173    1.005343e+03         h        13         2
      174   -4.249317e+03         g        13         3
      175   -9.178473e+02         h        13         3
      176    8.661111e+01         g        13         4
      177    4.067869e+03         h        13         4
      178    4.301056e+02         g        13         5
      179    5.920261e+02         h        13         5
      180    4.918438e+02         g        13         6
      181    2.150323e+03         h        13         6
      182   -1.745432e+03         g        13         7
      183    2.416425e+03         h        13         7
      184    2.494567e+03         g        13         8
      185    7.584769e+02         h        13         8
      186   -1.347079e+03         g        13         9
      187   -3.077827e+02         h        13         9
      188   -3.771865e+02         g        13        10
      189    2.317165e+03         h        13        10
      190   -5.508392e+02         g        13        11
      191    1.066062e+03         h        13        11
      192   -2.760501e+02         g        13        12
      193    1.064709e+03         h        13        12
      194   -7.596089e+02         g        13        13
      195    7.032409e+01         h        13        13
      196    2.370139e+03         g        14         0
      197   -4.878353e+03         g        14         1
      198    2.203324e+02         h        14         1
      199    2.386776e+03         g        14         2
      200   -1.614987e+02         h        14         2
      201   -2.874898e+03         g        14         3
      202    2.611522e+02         h        14         3
      203   -1.342374e+02         g        14         4
      204    3.530516e+03         h        14         4
      205    2.834001e+03         g        14         5
      206   -2.168000e+03         h        14         5
      207    2.892553e+02         g        14         6
      208    1.884806e+03         h        14         6
      209    1.413937e+03         g        14         7
      210    5.051927e+02         h        14         7
      211    1.721234e+03         g        14         8
      212   -5.707129e+02         h        14         8
      213    5.685817e+02         g        14         9
      214   -7.836089e+02         h        14         9
      215    6.661455e+02         g        14        10
      216    1.042423e+03         h        14        10
      217    9.008876e+02         g        14        11
      218    6.015131e+02         h        14        11
      219    5.450402e+02         g        14        12
      220    6.466596e+02         h        14        12
      221    6.337179e+02         g        14        13
      222    3.395914e+02         h        14        13
      223   -7.796706e+01         g        14        14
      224    4.395656e+02         h        14        14
      225    1.882361e+03         g        15         0
      226   -4.714990e+03         g        15         1
      227   -3.103898e+03         h        15         1
      228   -4.693727e+02         g        15         2
      229   -1.326361e+03         h        15         2
      230   -1.452529e+03         g        15         3
      231    1.004387e+03         h        15         3
      232   -1.094099e+03         g        15         4
      233   -8.945348e+01         h        15         4
      234    4.152777e+02         g        15         5
      235   -1.907379e+03         h        15         5
      236   -1.145361e+03         g        15         6
      237    5.292241e+02         h        15         6
      238    9.271304e+02         g        15         7
      239   -2.119859e+02         h        15         7
      240   -7.230839e+02         g        15         8
      241   -1.612507e+03         h        15         8
      242   -4.161494e+02         g        15         9
      243   -4.335328e+02         h        15         9
      244    3.297978e+02         g        15        10
      245   -4.321879e+02         h        15        10
      246   -1.397932e+01         g        15        11
      247   -1.673538e+02         h        15        11
      248    3.621048e+02         g        15        12
      249   -1.838953e+02         h        15        12
      250    3.265412e+02         g        15        13
      251   -3.075675e+02         h        15        13
      252    3.098653e+02         g        15        14
      253   -3.534934e+02         h        15        14
      254    2.371359e+02         g        15        15
      255    1.377065e+02         h        15        15
      256   -7.025812e+02         g        16         0
      257   -3.003616e+03         g        16         1
      258   -1.837666e+03         h        16         1
      259   -1.522656e+03         g        16         2
      260   -1.028028e+03         h        16         2
      261   -9.773035e+02         g        16         3
      262    1.183864e+03         h        16         3
      263   -7.962038e+02         g        16         4
      264   -7.184391e+02         h        16         4
      265   -2.116103e+03         g        16         5
      266    3.006118e+02         h        16         5
      267   -6.378705e+02         g        16         6
      268    1.129024e+03         h        16         6
      269    1.459291e+02         g        16         7
      270    4.110955e+02         h        16         7
      271   -1.718254e+03         g        16         8
      272   -1.032302e+02         h        16         8
      273   -9.038915e+02         g        16         9
      274    9.406201e+02         h        16         9
      275    3.965418e+01         g        16        10
      276    6.785776e+01         h        16        10
      277   -7.442522e+02         g        16        11
      278    1.123784e+02         h        16        11
      279   -2.097481e+02         g        16        12
      280    4.124547e+02         h        16        12
      281   -1.828543e+02         g        16        13
      282   -2.780806e+02         h        16        13
      283   -1.384799e+02         g        16        14
      284   -1.853368e+02         h        16        14
      285   -1.464628e+02         g        16        15
      286   -2.751699e+02         h        16        15
      287    1.343161e+02         g        16        16
      288   -9.923484e+01         h        16        16
      289   -2.409298e+03         g        17         0
      290   -4.299554e+02         g        17         1
      291    1.022433e+03         h        17         1
      292   -1.493845e+02         g        17         2
      293   -1.995929e+02         h        17         2
      294    2.184808e+02         g        17         3
      295    3.839709e+02         h        17         3
      296    5.850868e+02         g        17         4
      297    5.533366e+01         h        17         4
      298   -1.256096e+03         g        17         5
      299    1.165156e+03         h        17         5
      300    1.072892e+03         g        17         6
      301    9.752914e+02         h        17         6
      302    7.272735e+02         g        17         7
      303    2.280526e+02         h        17         7
      304   -7.355503e+02         g        17         8
      305    8.295949e+02         h        17         8
      306    2.697480e+02         g        17         9
      307    1.313323e+03         h        17         9
      308    5.329287e+02         g        17        10
      309    2.246482e+02         h        17        10
      310   -1.244582e+02         g        17        11
      311    4.794533e+02         h        17        11
      312    4.001750e+01         g        17        12
      313    7.212503e+02         h        17        12
      314    1.056931e+02         g        17        13
      315    1.908183e+02         h        17        13
      316   -1.502784e+02         g        17        14
      317    1.206697e+02         h        17        14
      318   -7.015505e+01         g        17        15
      319    1.740076e+00         h        17        15
      320   -1.774279e+02         g        17        16
      321    4.509426e+01         h        17        16
      322   -2.923648e+01         g        17        17
      323   -1.135775e+02         h        17        17
      324   -1.207870e+03         g        18         0
      325    1.475194e+03         g        18         1
      326    1.859897e+03         h        18         1
      327    1.050261e+03         g        18         2
      328   -4.330602e+02         h        18         2
      329    9.506793e+02         g        18         3
      330   -8.387537e+02         h        18         3
      331    1.204967e+03         g        18         4
      332   -3.085240e+02         h        18         4
      333    1.041506e+02         g        18         5
      334    2.104511e+02         h        18         5
      335    1.401630e+03         g        18         6
      336   -6.873938e+02         h        18         6
      337    4.735648e+02         g        18         7
      338   -7.705887e+02         h        18         7
      339    1.346348e+02         g        18         8
      340    1.810388e+02         h        18         8
      341    7.535896e+02         g        18         9
      342    2.673710e+02         h        18         9
      343    5.770462e+02         g        18        10
      344   -5.441859e+02         h        18        10
      345    2.511004e+02         g        18        11
      346    4.644398e+01         h        18        11
      347    4.263838e+02         g        18        12
      348    1.224475e+02         h        18        12
      349    2.772829e+02         g        18        13
      350    4.909281e+01         h        18        13
      351    1.951854e+02         g        18        14
      352   -6.225693e+01         h        18        14
      353    1.059039e+02         g        18        15
      354    2.486033e+01         h        18        15
      355    1.413734e+01         g        18        16
      356    8.051936e+00         h        18        16
      357   -7.255413e-01         g        18        17
      358    1.217572e+02         h        18        17
      359   -8.023664e+01         g        18        18
      360   -1.264566e+01         h        18        18
      361    1.955850e+02         g        19         0
      362    1.388493e+03         g        19         1
      363    5.954812e+02         h        19         1
      364    6.092902e+02         g        19         2
      365   -8.344135e+02         h        19         2
      366    2.373666e+02         g        19         3
      367   -1.053492e+03         h        19         3
      368    4.860962e+02         g        19         4
      369   -6.014774e+02         h        19         4
      370    5.401334e+00         g        19         5
      371   -5.562941e+02         h        19         5
      372    2.032723e+02         g        19         6
      373   -1.228015e+03         h        19         6
      374   -7.077892e+02         g        19         7
      375   -8.894423e+02         h        19         7
      376    5.655018e+01         g        19         8
      377   -8.796109e+01         h        19         8
      378    7.633452e+01         g        19         9
      379   -4.923679e+02         h        19         9
      380   -2.039702e+02         g        19        10
      381   -6.640468e+02         h        19        10
      382   -9.306764e+01         g        19        11
      383   -2.511266e+02         h        19        11
      384    1.358749e+02         g        19        12
      385   -2.863233e+02         h        19        12
      386   -6.171811e+01         g        19        13
      387   -2.232851e+02         h        19        13
      388    9.075172e+01         g        19        14
      389   -1.865043e+02         h        19        14
      390   -5.554400e+00         g        19        15
      391   -2.228581e+02         h        19        15
      392    2.068651e+01         g        19        16
      393   -9.234286e+01         h        19        16
      394    1.810176e+00         g        19        17
      395   -3.546374e+00         h        19        17
      396    6.768864e+01         g        19        18
      397    1.673725e+01         h        19        18
      398   -2.455535e+01         g        19        19
      399    5.040784e+01         h        19        19
      400    1.340859e+02         g        20         0
      401    2.351283e+02         g        20         1
      402   -4.216325e+02         h        20         1
      403   -2.476116e+02         g        20         2
      404   -3.718296e+02         h        20         2
      405   -4.406573e+02         g        20         3
      406   -5.988674e+01         h        20         3
      407   -2.475806e+02         g        20         4
      408    2.818723e+01         h        20         4
      409   -1.395019e+02         g        20         5
      410   -1.716561e+02         h        20         5
      411   -5.760259e+02         g        20         6
      412   -2.329377e+02         h        20         6
      413   -8.914751e+02         g        20         7
      414   -7.106736e+00         h        20         7
      415    2.885975e+01         g        20         8
      416    3.338859e+02         h        20         8
      417   -2.375210e+02         g        20         9
      418   -2.668503e+02         h        20         9
      419   -5.959493e+02         g        20        10
      420   -6.650325e+00         h        20        10
      421   -1.533142e+02         g        20        11
      422    5.150520e+01         h        20        11
      423   -1.571002e+02         g        20        12
      424   -1.226271e+02         h        20        12
      425   -2.433573e+02         g        20        13
      426   -2.240493e+01         h        20        13
      427   -1.175544e+02         g        20        14
      428   -2.026300e+01         h        20        14
      429   -1.142444e+02         g        20        15
      430   -1.401227e+02         h        20        15
      431   -1.338271e+02         g        20        16
      432   -4.425271e+01         h        20        16
      433   -5.426534e+01         g        20        17
      434   -1.730658e+01         h        20        17
      435   -1.536016e+01         g        20        18
      436    4.226193e+00         h        20        18
      437    1.661777e+01         g        20        19
      438   -3.311008e+01         h        20        19
      439    3.099119e+01         g        20        20
      440    2.165995e+01         h        20        20
      441   -2.077156e+02         g        21         0
      442   -4.004500e+02         g        21         1
      443   -4.429034e+02         h        21         1
      444   -2.565919e+02         g        21         2
      445    2.891796e+02         h        21         2
      446   -1.838367e+02         g        21         3
      447    7.533816e+02         h        21         3
      448   -1.728250e+02         g        21         4
      449    3.777804e+02         h        21         4
      450    2.957285e+02         g        21         5
      451    3.097458e+02         h        21         5
      452   -2.517377e+02         g        21         6
      453    4.214615e+02         h        21         6
      454   -7.167844e+01         g        21         7
      455    4.844250e+02         h        21         7
      456    3.742348e+02         g        21         8
      457    2.716573e+02         h        21         8
      458    4.635050e+01         g        21         9
      459   -5.941558e+00         h        21         9
      460   -2.124422e+02         g        21        10
      461    2.977367e+02         h        21        10
      462    1.608877e+02         g        21        11
      463    2.089962e+02         h        21        11
      464   -8.953069e+00         g        21        12
      465   -2.942146e+01         h        21        12
      466   -5.672775e+01         g        21        13
      467    1.837031e+02         h        21        13
      468    1.608051e+00         g        21        14
      469    8.015020e+01         h        21        14
      470   -4.180770e+01         g        21        15
      471    4.206278e+01         h        21        15
      472   -7.234261e+01         g        21        16
      473    3.051895e+01         h        21        16
      474   -3.407262e+01         g        21        17
      475    6.070961e+01         h        21        17
      476   -2.846364e+01         g        21        18
      477    2.763463e+01         h        21        18
      478   -2.475576e+00         g        21        19
      479    1.425855e+01         h        21        19
      480   -1.982978e+01         g        21        20
      481   -1.651703e+01         h        21        20
      482    1.938910e+01         g        21        21
      483   -1.942496e+01         h        21        21
      484   -1.015089e+02         g        22         0
      485   -2.649525e+02         g        22         1
      486   -2.967899e+02         h        22         1
      487    7.787070e+01         g        22         2
      488    3.364039e+02         h        22         2
      489    1.852279e+02         g        22         3
      490    5.601688e+02         h        22         3
      491    9.506743e+01         g        22         4
      492    3.305316e+01         h        22         4
      493    3.809490e+02         g        22         5
      494    1.722325e+02         h        22         5
      495    1.503436e+02         g        22         6
      496    1.747972e+02         h        22         6
      497    3.539418e+02         g        22         7
      498    2.069009e+02         h        22         7
      499    3.759931e+02         g        22         8
      500   -2.143310e+02         h        22         8
      501    9.918315e+01         g        22         9
      502   -1.255570e+02         h        22         9
      503    1.239662e+02         g        22        10
      504    9.263261e+01         h        22        10
      505    1.972425e+02         g        22        11
      506   -4.737684e+01         h        22        11
      507    7.603116e+01         g        22        12
      508   -1.304808e+02         h        22        12
      509    6.252561e+01         g        22        13
      510    5.279399e+01         h        22        13
      511    1.160233e+02         g        22        14
      512   -1.806759e+01         h        22        14
      513    1.115574e+01         g        22        15
      514    4.623373e-01         h        22        15
      515    4.059303e+01         g        22        16
      516    2.837812e+00         h        22        16
      517    9.193986e+00         g        22        17
      518    2.382650e+01         h        22        17
      519    2.355943e+01         g        22        18
      520    2.820627e+01         h        22        18
      521    8.668529e+00         g        22        19
      522    1.740041e+01         h        22        19
      523    7.200215e+00         g        22        20
      524    5.126220e+00         h        22        20
      525   -1.036505e+01         g        22        21
      526    7.605933e+00         h        22        21
      527   -9.710403e+00         g        22        22
      528   -1.544238e+01         h        22        22
      529    2.620974e+01         g        23         0
      530    3.309510e+01         g        23         1
      531   -1.926470e+02         h        23         1
      532    5.025295e+01         g        23         2
      533    5.446744e+01         h        23         2
      534    1.198373e+02         g        23         3
      535    7.732509e+00         h        23         3
      536    6.644487e+00         g        23         4
      537   -2.030288e+02         h        23         4
      538   -2.648216e+01         g        23         5
      539   -5.148747e+01         h        23         5
      540    8.360177e+01         g        23         6
      541   -7.317541e+01         h        23         6
      542    1.285053e+02         g        23         7
      543   -5.958106e+01         h        23         7
      544   -3.409106e+01         g        23         8
      545   -3.120474e+02         h        23         8
      546   -1.222822e+02         g        23         9
      547   -1.160940e+02         h        23         9
      548    5.971646e+01         g        23        10
      549   -1.427966e+01         h        23        10
      550   -3.788382e+01         g        23        11
      551   -1.762960e+02         h        23        11
      552   -7.609391e+01         g        23        12
      553   -8.902468e+01         h        23        12
      554    1.002086e+01         g        23        13
      555   -5.194930e+01         h        23        13
      556    1.414322e+01         g        23        14
      557   -6.983301e+01         h        23        14
      558   -3.542383e+01         g        23        15
      559   -4.501652e+01         h        23        15
      560    1.649937e+01         g        23        16
      561   -2.859794e+01         h        23        16
      562   -1.152444e+00         g        23        17
      563   -3.762754e+01         h        23        17
      564    1.550393e+01         g        23        18
      565    7.660985e+00         h        23        18
      566    1.396141e+01         g        23        19
      567   -7.209008e+00         h        23        19
      568    1.303641e+01         g        23        20
      569    5.917713e-01         h        23        20
      570    6.503412e+00         g        23        21
      571   -4.545903e+00         h        23        21
      572    1.946909e+00         g        23        22
      573    7.046390e+00         h        23        22
      574   -9.160213e+00         g        23        23
      575    4.784710e+00         h        23        23
      576    3.315815e+01         g        24         0
      577    1.454490e+02         g        24         1
      578    4.501451e+01         h        24         1
      579   -8.809993e+01         g        24         2
      580   -6.552262e+01         h        24         2
      581   -2.085177e+01         g        24         3
      582   -1.726076e+02         h        24         3
      583   -1.311200e+02         g        24         4
      584   -4.604758e+01         h        24         4
      585   -2.346836e+02         g        24         5
      586   -9.271001e+00         h        24         5
      587   -2.906092e+01         g        24         6
      588   -5.417527e+00         h        24         6
      589   -6.008108e+01         g        24         7
      590    6.592730e+00         h        24         7
      591   -2.310709e+02         g        24         8
      592   -3.334454e+01         h        24         8
      593   -1.356317e+02         g        24         9
      594    1.060829e+02         h        24         9
      595   -2.231285e+00         g        24        10
      596    6.347422e+01         h        24        10
      597   -1.129565e+02         g        24        11
      598   -1.844401e+01         h        24        11
      599   -1.185847e+02         g        24        12
      600    7.921885e+01         h        24        12
      601   -1.383549e+00         g        24        13
      602    1.738045e+01         h        24        13
      603   -6.083370e+01         g        24        14
      604   -4.871265e+00         h        24        14
      605   -5.027352e+01         g        24        15
      606    3.525845e+01         h        24        15
      607   -1.991369e+01         g        24        16
      608   -1.246930e-01         h        24        16
      609   -2.684548e+01         g        24        17
      610   -1.357149e+01         h        24        17
      611   -1.635692e+01         g        24        18
      612    9.420827e+00         h        24        18
      613    4.026463e+00         g        24        19
      614    1.721153e+00         h        24        19
      615    4.550828e+00         g        24        20
      616   -2.333835e+00         h        24        20
      617    4.951612e+00         g        24        21
      618   -5.818558e+00         h        24        21
      619   -1.625787e+00         g        24        22
      620   -4.862902e+00         h        24        22
      621    6.612731e+00         g        24        23
      622    6.436958e-01         h        24        23
      623    3.693053e+00         g        24        24
      624    7.059733e+00         h        24        24
      625    7.625446e+01         g        25         0
      626    1.235331e+02         g        25         1
      627    1.767858e+02         h        25         1
      628   -3.864300e+01         g        25         2
      629   -4.663261e+01         h        25         2
      630   -7.213623e+00         g        25         3
      631   -1.026379e+02         h        25         3
      632   -5.311913e+01         g        25         4
      633    9.598172e+01         h        25         4
      634   -8.894538e+01         g        25         5
      635    3.004685e+01         h        25         5
      636    1.882183e+01         g        25         6
      637    2.231448e+01         h        25         6
      638   -1.183184e+01         g        25         7
      639    6.159265e+01         h        25         7
      640   -8.632929e+01         g        25         8
      641    1.103134e+02         h        25         8
      642    3.545646e+01         g        25         9
      643    1.574614e+02         h        25         9
      644    7.529554e+01         g        25        10
      645    4.538885e+01         h        25        10
      646   -7.909795e+00         g        25        11
      647    7.670731e+01         h        25        11
      648    1.360678e+01         g        25        12
      649    1.181685e+02         h        25        12
      650    5.492987e+01         g        25        13
      651    3.710999e+01         h        25        13
      652   -9.148971e+00         g        25        14
      653    2.980569e+01         h        25        14
      654    1.141293e+01         g        25        15
      655    7.446827e+01         h        25        15
      656    1.666595e+01         g        25        16
      657    1.831856e+01         h        25        16
      658   -8.391770e+00         g        25        17
      659    1.669534e+01         h        25        17
      660   -5.936853e-01         g        25        18
      661    1.982784e+01         h        25        18
      662    6.369842e+00         g        25        19
      663    1.889719e+01         h        25        19
      664    6.551728e+00         g        25        20
      665    2.796297e+00         h        25        20
      666    2.318501e+00         g        25        21
      667   -8.836352e-01         h        25        21
      668   -2.205738e-02         g        25        22
      669   -2.286046e+00         h        25        22
      670   -1.378627e+00         g        25        23
      671   -1.602115e+00         h        25        23
      672    1.222574e+00         g        25        24
      673   -4.269630e+00         h        25        24
      674    3.609876e+00         g        25        25
      675   -8.644998e-01         h        25        25
      676    9.630136e+01         g        26         0
      677    4.838584e+01         g        26         1
      678    7.014048e+01         h        26         1
      679    2.633990e+01         g        26         2
      680   -2.508211e+01         h        26         2
      681    1.204063e+01         g        26         3
      682   -6.333309e+01         h        26         3
      683    3.838746e+01         g        26         4
      684    3.894939e+01         h        26         4
      685    4.645181e+01         g        26         5
      686   -4.025237e+01         h        26         5
      687    2.208566e+01         g        26         6
      688   -5.519252e+01         h        26         6
      689    1.629336e+01         g        26         7
      690   -1.872302e+01         h        26         7
      691    3.829450e+01         g        26         8
      692    4.049488e+01         h        26         8
      693    8.664676e+01         g        26         9
      694    1.226667e+01         h        26         9
      695    7.230617e+01         g        26        10
      696   -5.836670e+01         h        26        10
      697    3.583605e+01         g        26        11
      698    1.209859e+01         h        26        11
      699    7.781101e+01         g        26        12
      700    2.124846e+01         h        26        12
      701    4.964720e+01         g        26        13
      702   -3.908448e+01         h        26        13
      703    2.246562e+01         g        26        14
      704   -4.916523e+00         h        26        14
      705    4.526692e+01         g        26        15
      706    1.712762e+01         h        26        15
      707    3.422204e+01         g        26        16
      708   -7.954008e+00         h        26        16
      709    1.153044e+01         g        26        17
      710    1.174116e+00         h        26        17
      711    2.083519e+01         g        26        18
      712    4.014123e+00         h        26        18
      713    1.564038e+01         g        26        19
      714    5.967319e+00         h        26        19
      715    1.377747e+01         g        26        20
      716    2.066190e+00         h        26        20
      717    2.948711e+00         g        26        21
      718   -6.509597e-02         h        26        21
      719   -4.610144e-02         g        26        22
      720    1.566649e-01         h        26        22
      721   -3.582555e-01         g        26        23
      722   -2.422892e+00         h        26        23
      723   -4.873660e+00         g        26        24
      724   -1.185030e+00         h        26        24
      725   -3.040408e+00         g        26        25
      726   -1.507470e+00         h        26        25
      727   -5.232253e-01         g        26        26
      728   -4.218215e-01         h        26        26
      729    2.403962e+01         g        27         0
      730   -3.050545e+01         g        27         1
      731   -4.549387e+01         h        27         1
      732   -4.834833e-01         g        27         2
      733    1.017648e+01         h        27         2
      734   -2.298093e+01         g        27         3
      735   -1.971957e+01         h        27         3
      736    1.878175e+01         g        27         4
      737   -3.078569e+01         h        27         4
      738    3.760801e+01         g        27         5
      739   -5.567616e+01         h        27         5
      740   -4.688779e+01         g        27         6
      741   -5.288145e+01         h        27         6
      742   -2.403772e+01         g        27         7
      743   -5.246186e+01         h        27         7
      744    2.231537e+01         g        27         8
      745   -1.377636e+01         h        27         8
      746    9.093483e+00         g        27         9
      747   -6.523312e+01         h        27         9
      748   -2.791805e+01         g        27        10
      749   -7.007673e+01         h        27        10
      750   -6.599099e+00         g        27        11
      751   -2.407985e+01         h        27        11
      752    1.942288e+01         g        27        12
      753   -3.681179e+01         h        27        12
      754   -1.973848e+01         g        27        13
      755   -5.717566e+01         h        27        13
      756   -1.090398e+01         g        27        14
      757   -1.692082e+01         h        27        14
      758    1.776099e+01         g        27        15
      759   -2.483995e+01         h        27        15
      760   -4.740668e+00         g        27        16
      761   -2.050130e+01         h        27        16
      762   -8.968806e-01         g        27        17
      763   -1.209671e+01         h        27        17
      764    8.621564e+00         g        27        18
      765   -1.382054e+01         h        27        18
      766    4.340737e+00         g        27        19
      767   -1.327885e+01         h        27        19
      768    5.383251e+00         g        27        20
      769   -5.001518e+00         h        27        20
      770    5.992243e-01         g        27        21
      771   -3.493360e+00         h        27        21
      772   -1.261929e+00         g        27        22
      773   -4.320328e-01         h        27        22
      774   -8.991922e-01         g        27        23
      775   -1.471338e-01         h        27        23
      776   -3.577122e+00         g        27        24
      777   -5.823119e-01         h        27        24
      778   -2.416783e+00         g        27        25
      779    3.651103e+00         h        27        25
      780   -2.288027e+00         g        27        26
      781    1.951380e+00         h        27        26
      782   -3.987361e-01         g        27        27
      783    4.861680e-01         h        27        27
      784   -4.621594e+01         g        28         0
      785   -5.923047e+01         g        28         1
      786   -4.030917e+01         h        28         1
      787   -1.527785e+01         g        28         2
      788    4.910699e+01         h        28         2
      789   -2.622598e+01         g        28         3
      790    4.566723e+01         h        28         3
      791   -2.056412e+00         g        28         4
      792   -1.470587e+01         h        28         4
      793    1.223331e+01         g        28         5
      794    2.802331e+00         h        28         5
      795   -4.796250e+01         g        28         6
      796    1.762753e+01         h        28         6
      797   -1.889100e+01         g        28         7
      798   -2.872043e+00         h        28         7
      799   -1.205524e+00         g        28         8
      800    6.059629e-01         h        28         8
      801   -2.910732e+01         g        28         9
      802   -2.519388e+01         h        28         9
      803   -6.262801e+01         g        28        10
      804   -1.530966e+00         h        28        10
      805   -1.807896e+01         g        28        11
      806    1.004460e+01         h        28        11
      807   -2.105691e+01         g        28        12
      808   -1.693954e+01         h        28        12
      809   -4.836659e+01         g        28        13
      810    1.482779e+00         h        28        13
      811   -2.218089e+01         g        28        14
      812    1.353762e+01         h        28        14
      813   -4.532474e+00         g        28        15
      814   -1.199641e+01         h        28        15
      815   -2.554208e+01         g        28        16
      816   -3.103287e-01         h        28        16
      817   -8.782112e+00         g        28        17
      818    7.687336e+00         h        28        17
      819   -6.470335e+00         g        28        18
      820   -6.907335e+00         h        28        18
      821   -8.011469e+00         g        28        19
      822   -7.347746e+00         h        28        19
      823   -4.664779e+00         g        28        20
      824    3.024846e-01         h        28        20
      825   -3.277792e+00         g        28        21
      826   -3.418466e-01         h        28        21
      827   -3.907876e+00         g        28        22
      828    4.436759e-01         h        28        22
      829   -4.099911e+00         g        28        23
      830   -1.867472e-01         h        28        23
      831   -6.593582e-01         g        28        24
      832    1.436896e+00         h        28        24
      833   -1.584217e+00         g        28        25
      834    1.493478e+00         h        28        25
      835    2.192475e+00         g        28        26
      836    3.415325e+00         h        28        26
      837    3.400266e-01         g        28        27
      838    1.916503e+00         h        28        27
      839   -5.277360e-01         g        28        28
      840    3.634409e-02         h        28        28
      841   -3.893033e+01         g        29         0
      842   -3.398210e+01         g        29         1
      843    1.296000e-01         h        29         1
      844    5.754586e+00         g        29         2
      845    3.760145e+01         h        29         2
      846    6.860592e+00         g        29         3
      847    4.599297e+01         h        29         3
      848    1.394864e+01         g        29         4
      849    5.467117e+00         h        29         4
      850    1.409034e+01         g        29         5
      851    2.788759e+01         h        29         5
      852    1.128355e+01         g        29         6
      853    3.479689e+01         h        29         6
      854    2.181982e+01         g        29         7
      855    1.843714e+01         h        29         7
      856    9.135227e+00         g        29         8
      857    2.092747e+00         h        29         8
      858   -4.691850e+00         g        29         9
      859    1.088426e+01         h        29         9
      860   -1.689918e+01         g        29        10
      861    2.974206e+01         h        29        10
      862    9.757427e+00         g        29        11
      863    1.731645e+01         h        29        11
      864   -2.546059e+00         g        29        12
      865    1.659590e+00         h        29        12
      866   -1.760452e+01         g        29        13
      867    3.236795e+01         h        29        13
      868    8.751457e+00         g        29        14
      869    2.120304e+01         h        29        14
      870    2.899668e+00         g        29        15
      871   -7.318039e-01         h        29        15
      872   -7.175002e+00         g        29        16
      873    1.234755e+01         h        29        16
      874    4.352071e+00         g        29        17
      875    1.692867e+01         h        29        17
      876    2.604049e+00         g        29        18
      877    3.214931e+00         h        29        18
      878   -3.483174e+00         g        29        19
      879    4.389190e+00         h        29        19
      880   -5.027788e-01         g        29        20
      881    6.754710e+00         h        29        20
      882   -3.785014e-01         g        29        21
      883    3.952552e+00         h        29        21
      884   -2.530850e+00         g        29        22
      885    3.130235e+00         h        29        22
      886   -4.141992e+00         g        29        23
      887    1.946718e+00         h        29        23
      888   -2.054810e+00         g        29        24
      889    3.310191e+00         h        29        24
      890    6.642777e-01         g        29        25
      891   -6.881977e-01         h        29        25
      892    1.161826e+00         g        29        26
      893    2.377650e+00         h        29        26
      894    4.418767e+00         g        29        27
      895   -1.516744e+00         h        29        27
      896    1.158025e+00         g        29        28
      897    3.926122e-01         h        29        28
      898   -8.863229e-02         g        29        29
      899    2.669228e-01         h        29        29
      900   -6.388085e-01         g        30         0
      901    1.828544e+00         g        30         1
      902    1.046777e+01         h        30         1
      903    1.084236e+01         g        30         2
      904   -1.011350e+01         h        30         2
      905    1.360939e+01         g        30         3
      906   -1.212804e+00         h        30         3
      907    1.022205e+01         g        30         4
      908   -1.776023e+00         h        30         4
      909    7.743451e-01         g        30         5
      910    6.846641e+00         h        30         5
      911    3.173749e+01         g        30         6
      912    4.222895e+00         h        30         6
      913    2.400876e+01         g        30         7
      914   -3.312895e+00         h        30         7
      915    7.460747e+00         g        30         8
      916   -1.573272e+01         h        30         8
      917    1.148780e+01         g        30         9
      918    6.707821e+00         h        30         9
      919    1.340249e+01         g        30        10
      920    1.204796e+01         h        30        10
      921    1.490161e+01         g        30        11
      922   -9.849556e+00         h        30        11
      923    8.600488e+00         g        30        12
      924   -5.367891e+00         h        30        12
      925    7.748898e+00         g        30        13
      926    1.091414e+01         h        30        13
      927    2.184341e+01         g        30        14
      928   -2.837757e+00         h        30        14
      929    4.570505e+00         g        30        15
      930   -1.107441e+01         h        30        15
      931    4.730706e+00         g        30        16
      932    4.465149e+00         h        30        16
      933    1.048028e+01         g        30        17
      934    2.545072e+00         h        30        17
      935    6.792939e+00         g        30        18
      936   -8.207263e-01         h        30        18
      937    3.705864e+00         g        30        19
      938   -3.961743e-01         h        30        19
      939    4.138975e+00         g        30        20
      940    2.391467e+00         h        30        20
      941    3.752697e+00         g        30        21
      942    1.304270e+00         h        30        21
      943    4.735788e-01         g        30        22
      944    1.076112e+00         h        30        22
      945   -3.446405e-01         g        30        23
      946    2.093810e+00         h        30        23
      947   -6.465898e-01         g        30        24
      948    1.334285e+00         h        30        24
      949    1.854661e+00         g        30        25
      950    1.052693e+00         h        30        25
      951    4.543847e-01         g        30        26
      952   -5.202435e-01         h        30        26
      953    3.333101e+00         g        30        27
      954   -1.506687e+00         h        30        27
      955   -2.824758e-01         g        30        28
      956   -3.770207e+00         h        30        28
      957    1.337939e+00         g        30        29
      958   -1.053888e+00         h        30        29
      959    5.185699e-01         g        30        30
      960   -1.708337e-01         h        30        30
      961    1.320259e+01         g        31         0
      962    1.543714e+01         g        31         1
      963    6.417967e+00         h        31         1
      964   -7.826106e-01         g        31         2
      965   -3.332867e+01         h        31         2
      966   -3.376547e+00         g        31         3
      967   -2.117316e+01         h        31         3
      968   -9.968961e+00         g        31         4
      969    1.365469e+00         h        31         4
      970   -1.786905e+01         g        31         5
      971   -7.280933e+00         h        31         5
      972    1.054931e+01         g        31         6
      973   -8.182376e+00         h        31         6
      974   -2.705144e+00         g        31         7
      975   -8.355875e+00         h        31         7
      976   -8.337975e+00         g        31         8
      977   -1.159278e+01         h        31         8
      978    5.216141e+00         g        31         9
      979    1.757409e+00         h        31         9
      980    7.471721e+00         g        31        10
      981   -1.862493e+00         h        31        10
      982   -3.049531e+00         g        31        11
      983   -1.531124e+01         h        31        11
      984   -4.403502e+00         g        31        12
      985   -5.360202e+00         h        31        12
      986    5.356865e+00         g        31        13
      987   -7.710575e+00         h        31        13
      988    2.618958e+00         g        31        14
      989   -1.433735e+01         h        31        14
      990   -7.862200e+00         g        31        15
      991   -1.199949e+01         h        31        15
      992   -9.037081e-01         g        31        16
      993   -2.593333e+00         h        31        16
      994    1.716920e+00         g        31        17
      995   -5.712296e+00         h        31        17
      996   -3.626042e+00         g        31        18
      997   -3.050127e+00         h        31        18
      998   -2.268008e-01         g        31        19
      999   -2.537630e+00         h        31        19
     1000   -1.729466e+00         g        31        20
     1001   -3.163902e+00         h        31        20
     1002    1.701169e+00         g        31        21
     1003    1.112084e-01         h        31        21
     1004    5.599959e-01         g        31        22
     1005   -1.185387e+00         h        31        22
     1006    7.745949e-01         g        31        23
     1007    5.954160e-01         h        31        23
     1008    5.304504e-01         g        31        24
     1009   -2.036131e+00         h        31        24
     1010    7.736318e-01         g        31        25
     1011   -3.908438e-01         h        31        25
     1012    2.239295e+00         g        31        26
     1013   -2.237872e+00         h        31        26
     1014    2.842630e-01         g        31        27
     1015   -1.439134e+00         h        31        27
     1016   -1.101937e+00         g        31        28
     1017   -2.457172e+00         h        31        28
     1018   -2.092435e+00         g        31        29
     1019   -5.946313e-01         h        31        29
     1020   -2.319470e-01         g        31        30
     1021   -2.152627e+00         h        31        30
     1022    3.421330e-01         g        31        31
     1023   -1.217807e+00         h        31        31
     1024    8.106139e+00         g        32         0
     1025    8.449021e+00         g        32         1
     1026    4.014816e+00         h        32         1
     1027   -6.794997e+00         g        32         2
     1028   -1.716864e+01         h        32         2
     1029   -5.682483e+00         g        32         3
     1030   -1.010993e+01         h        32         3
     1031   -1.091547e+01         g        32         4
     1032    8.347657e+00         h        32         4
     1033   -1.492912e+01         g        32         5
     1034   -5.037415e+00         h        32         5
     1035   -9.952637e-01         g        32         6
     1036   -4.200574e-01         h        32         6
     1037   -1.022015e+01         g        32         7
     1038    3.891031e+00         h        32         7
     1039   -1.124645e+01         g        32         8
     1040    7.761538e+00         h        32         8
     1041    5.283757e-01         g        32         9
     1042    7.023795e+00         h        32         9
     1043    4.422613e-01         g        32        10
     1044   -5.912087e-01         h        32        10
     1045   -8.776746e+00         g        32        11
     1046    3.057830e-01         h        32        11
     1047   -9.056507e+00         g        32        12
     1048    4.731056e+00         h        32        12
     1049    1.986765e+00         g        32        13
     1050   -3.640580e+00         h        32        13
     1051   -9.549967e+00         g        32        14
     1052   -4.095979e+00         h        32        14
     1053   -1.255624e+01         g        32        15
     1054    2.422127e+00         h        32        15
     1055   -1.496218e+00         g        32        16
     1056    2.539368e-01         h        32        16
     1057   -4.218046e+00         g        32        17
     1058   -8.730543e-01         h        32        17
     1059   -6.535391e+00         g        32        18
     1060    2.386345e+00         h        32        18
     1061   -3.351669e+00         g        32        19
     1062    3.854704e+00         h        32        19
     1063   -3.931676e+00         g        32        20
     1064    2.180563e-01         h        32        20
     1065   -1.982292e+00         g        32        21
     1066    3.040668e+00         h        32        21
     1067    3.063185e-01         g        32        22
     1068   -4.622834e-02         h        32        22
     1069    2.662753e-01         g        32        23
     1070   -1.747212e-01         h        32        23
     1071   -2.258498e-01         g        32        24
     1072   -1.902648e+00         h        32        24
     1073   -8.109639e-01         g        32        25
     1074   -1.133780e+00         h        32        25
     1075    7.835860e-01         g        32        26
     1076   -2.396047e+00         h        32        26
     1077   -6.732443e-01         g        32        27
     1078   -2.400637e+00         h        32        27
     1079   -9.940765e-01         g        32        28
     1080   -2.082636e-01         h        32        28
     1081   -1.530221e+00         g        32        29
     1082    8.750645e-01         h        32        29
     1083   -6.137806e-01         g        32        30
     1084    8.814360e-01         h        32        30
     1085   -1.966000e+00         g        32        31
     1086   -5.943811e-01         h        32        31
     1087   -1.251660e+00         g        32        32
     1088   -7.061063e-01         h        32        32
     1089    3.558433e+00         g        33         0
     1090   -8.420658e-01         g        33         1
     1091   -3.626397e-02         h        33         1
     1092   -4.159536e+00         g        33         2
     1093    2.003500e+00         h        33         2
     1094    3.594840e+00         g        33         3
     1095    3.558427e-01         h        33         3
     1096    2.181371e+00         g        33         4
     1097    1.458838e+00         h        33         4
     1098   -3.920101e+00         g        33         5
     1099   -3.639779e+00         h        33         5
     1100   -1.384226e-01         g        33         6
     1101    1.800573e+00         h        33         6
     1102    4.873816e-01         g        33         7
     1103    3.847101e+00         h        33         7
     1104   -7.600484e-01         g        33         8
     1105    1.115674e+01         h        33         8
     1106    1.616369e+00         g        33         9
     1107    6.114132e+00         h        33         9
     1108    1.469072e+00         g        33        10
     1109    1.966491e-01         h        33        10
     1110   -3.881488e-01         g        33        11
     1111    7.302022e+00         h        33        11
     1112   -9.476045e-01         g        33        12
     1113    5.276274e+00         h        33        12
     1114    5.570756e+00         g        33        13
     1115    6.273140e-01         h        33        13
     1116   -1.980723e+00         g        33        14
     1117    3.370447e+00         h        33        14
     1118   -3.382474e+00         g        33        15
     1119    8.782310e+00         h        33        15
     1120    4.573662e+00         g        33        16
     1121    3.728856e+00         h        33        16
     1122   -8.904797e-01         g        33        17
     1123    1.588720e+00         h        33        17
     1124    1.956849e-02         g        33        18
     1125    4.249298e+00         h        33        18
     1126    1.004150e-01         g        33        19
     1127    3.553357e+00         h        33        19
     1128    4.230424e-01         g        33        20
     1129    1.940065e+00         h        33        20
     1130   -4.183408e-01         g        33        21
     1131    2.515111e+00         h        33        21
     1132    5.350336e-01         g        33        22
     1133    1.073639e+00         h        33        22
     1134    4.179596e-01         g        33        23
     1135    7.805361e-02         h        33        23
     1136   -4.942920e-01         g        33        24
     1137   -6.539295e-01         h        33        24
     1138   -5.542009e-02         g        33        25
     1139    9.363529e-02         h        33        25
     1140    3.607998e-01         g        33        26
     1141   -1.575557e+00         h        33        26
     1142   -8.942135e-01         g        33        27
     1143   -9.505445e-01         h        33        27
     1144   -7.864882e-01         g        33        28
     1145   -2.100272e-01         h        33        28
     1146   -6.136713e-01         g        33        29
     1147    6.622822e-01         h        33        29
     1148    6.008137e-01         g        33        30
     1149    1.650313e+00         h        33        30
     1150    2.483206e-01         g        33        31
     1151    5.346776e-01         h        33        31
     1152   -9.053068e-01         g        33        32
     1153    1.917242e+00         h        33        32
     1154   -8.344289e-01         g        33        33
     1155    1.283583e+00         h        33        33
     1156   -3.413017e+00         g        34         0
     1157   -2.525082e+00         g        34         1
     1158   -3.969725e+00         h        34         1
     1159    3.361279e-01         g        34         2
     1160    7.508294e+00         h        34         2
     1161    3.542942e+00         g        34         3
     1162    2.749595e+00         h        34         3
     1163    5.881591e+00         g        34         4
     1164   -6.886976e+00         h        34         4
     1165    4.483688e+00         g        34         5
     1166   -2.688720e+00         h        34         5
     1167   -2.267309e+00         g        34         6
     1168   -5.785465e-01         h        34         6
     1169    1.393144e+00         g        34         7
     1170   -3.442695e+00         h        34         7
     1171    5.116120e+00         g        34         8
     1172    2.103678e+00         h        34         8
     1173   -1.357270e+00         g        34         9
     1174   -3.322090e+00         h        34         9
     1175   -7.938918e-01         g        34        10
     1176   -1.906999e+00         h        34        10
     1177    3.653458e+00         g        34        11
     1178    3.442285e+00         h        34        11
     1179    3.419297e+00         g        34        12
     1180   -1.782139e+00         h        34        12
     1181    2.348265e+00         g        34        13
     1182   -2.023278e+00         h        34        13
     1183    3.610049e+00         g        34        14
     1184    5.423588e-01         h        34        14
     1185    4.649520e+00         g        34        15
     1186    2.856971e+00         h        34        15
     1187    4.367227e+00         g        34        16
     1188    7.536836e-01         h        34        16
     1189    2.764495e+00         g        34        17
     1190   -1.229309e+00         h        34        17
     1191    2.504163e+00         g        34        18
     1192   -1.108730e-01         h        34        18
     1193    9.004615e-01         g        34        19
     1194   -1.030248e+00         h        34        19
     1195    1.200653e+00         g        34        20
     1196   -2.107930e+00         h        34        20
     1197    7.333880e-02         g        34        21
     1198   -1.513292e+00         h        34        21
     1199    9.634566e-02         g        34        22
     1200   -6.425045e-01         h        34        22
     1201   -2.765628e-01         g        34        23
     1202    3.941723e-01         h        34        23
     1203    1.390342e-01         g        34        24
     1204   -2.523210e-01         h        34        24
     1205   -5.430353e-02         g        34        25
     1206    9.365667e-02         h        34        25
     1207    9.535796e-01         g        34        26
     1208   -1.217298e+00         h        34        26
     1209   -5.618980e-01         g        34        27
     1210   -6.165711e-01         h        34        27
     1211    3.680901e-01         g        34        28
     1212    9.377441e-02         h        34        28
     1213   -8.933534e-01         g        34        29
     1214    1.184802e-01         h        34        29
     1215    5.372052e-02         g        34        30
     1216    1.442615e+00         h        34        30
     1217    1.610438e+00         g        34        31
     1218   -2.301487e-01         h        34        31
     1219    2.988487e-01         g        34        32
     1220    3.210403e-01         h        34        32
     1221    1.786993e+00         g        34        33
     1222    1.368050e+00         h        34        33
     1223    1.157920e+00         g        34        34
     1224    1.186373e+00         h        34        34
     1225   -5.380552e+00         g        35         0
     1226   -6.365065e-01         g        35         1
     1227   -2.476155e+00         h        35         1
     1228    1.094929e+00         g        35         2
     1229    5.077655e+00         h        35         2
     1230   -5.570557e-01         g        35         3
     1231    1.839928e+00         h        35         3
     1232    1.040874e+00         g        35         4
     1233   -5.340173e+00         h        35         4
     1234    6.399927e+00         g        35         5
     1235   -9.126633e-02         h        35         5
     1236   -2.255255e+00         g        35         6
     1237   -4.742812e-01         h        35         6
     1238   -3.250665e+00         g        35         7
     1239   -3.382283e+00         h        35         7
     1240    2.269725e+00         g        35         8
     1241   -6.226664e-01         h        35         8
     1242   -3.977396e+00         g        35         9
     1243   -5.763932e+00         h        35         9
     1244   -3.438555e+00         g        35        10
     1245   -1.373521e+00         h        35        10
     1246    8.163501e-01         g        35        11
     1247   -6.274119e-03         h        35        11
     1248    1.398966e+00         g        35        12
     1249   -3.090358e+00         h        35        12
     1250   -3.404816e+00         g        35        13
     1251   -2.046443e+00         h        35        13
     1252    8.691257e-01         g        35        14
     1253   -1.183325e+00         h        35        14
     1254    3.182105e+00         g        35        15
     1255   -8.645043e-01         h        35        15
     1256   -1.613216e-01         g        35        16
     1257   -2.339292e+00         h        35        16
     1258    1.140801e+00         g        35        17
     1259   -2.108380e+00         h        35        17
     1260    3.478396e-01         g        35        18
     1261   -2.480212e+00         h        35        18
     1262   -1.615179e+00         g        35        19
     1263   -1.011452e+00         h        35        19
     1264   -3.764128e-01         g        35        20
     1265   -2.502438e+00         h        35        20
     1266   -1.928429e+00         g        35        21
     1267   -2.437762e+00         h        35        21
     1268   -6.418654e-01         g        35        22
     1269   -9.455421e-01         h        35        22
     1270   -1.338204e+00         g        35        23
     1271   -4.545655e-01         h        35        23
     1272    4.783759e-01         g        35        24
     1273    9.481307e-02         h        35        24
     1274   -6.935444e-01         g        35        25
     1275   -9.169882e-01         h        35        25
     1276   -2.928961e-01         g        35        26
     1277   -1.811189e-01         h        35        26
     1278   -5.627090e-01         g        35        27
     1279   -9.509731e-01         h        35        27
     1280   -2.334157e-01         g        35        28
     1281   -3.297976e-02         h        35        28
     1282   -3.340183e-01         g        35        29
     1283   -1.846793e-01         h        35        29
     1284   -5.587594e-01         g        35        30
     1285    1.270834e+00         h        35        30
     1286    1.188590e+00         g        35        31
     1287    5.631261e-01         h        35        31
     1288   -1.740382e-01         g        35        32
     1289   -1.279739e+00         h        35        32
     1290    4.812168e-01         g        35        33
     1291    1.716674e-01         h        35        33
     1292    1.530323e+00         g        35        34
     1293   -1.195356e+00         h        35        34
     1294    1.362732e+00         g        35        35
     1295   -7.716477e-01         h        35        35