      IND             SHC     g | h         n         m
        1    4.107328e+05         g         1         0
        2   -7.126972e+04         g         1         1
        3    2.093970e+04         h         1         1
        4    1.225536e+04         g         2         0
        5   -5.678128e+04         g         2         1
        6   -4.280297e+04         h         2         1
        7    4.811961e+04         g         2         2
        8    2.050260e+04         h         2         2
        9    2.944627e+03         g         3         0
       10   -3.728677e+04         g         3         1
       11   -3.273284e+04         h         3         1
       12    1.521496e+04         g         3         2
       13    4.243702e+04         h         3         2
       14   -1.295022e+03         g         3         3
       15   -2.748217e+04         h         3         3
       16   -3.362803e+04         g         4         0
       17   -8.359259e+03         g         4         1
       18    3.161371e+04         h         4         1
       19   -2.674612e+03         g         4         2
       20    2.785787e+04         h         4         2
       21   -1.074836e+04         g         4         3
       22   -7.877967e+02         h         4         3
       23   -1.796958e+04         g         4         4
       24   -1.537906e+03         h         4         4
       25   -1.888209e+04         g         5         0
       26    4.358834e+03         g         5         1
       27    4.636095e+04         h         5         1
       28    1.645680e+04         g         5         2
       29   -1.350097e+03         h         5         2
       30   -1.743272e+04         g         5         3
       31    5.841013e+03         h         5         3
       32   -2.626001e+03         g         5         4
       33    1.053155e+04         h         5         4
       34   -5.116851e+03         g         5         5
       35    1.004410e+04         h         5         5
       36   -1.956528e+04         g         6         0
       37    9.094009e+03         g         6         1
       38    1.248851e+04         h         6         1
       39    1.214572e+04         g         6         2
       40   -9.067903e+03         h         6         2
       41   -1.239532e+04         g         6         3
       42   -4.975671e+02         h         6         3
       43    2.484468e+03         g         6         4
       44    1.384856e+04         h         6         4
       45    1.364859e+03         g         6         5
       46   -3.599458e+03         h         6         5
       47    7.964408e+03         g         6         6
       48    4.910276e+03         h         6         6
       49   -1.529388e+03         g         7         0
       50    6.087863e+03         g         7         1
       51   -5.793151e+03         h         7         1
       52   -6.746339e+03         g         7         2
       53   -1.249669e+04         h         7         2
       54   -1.808576e+03         g         7         3
       55    1.893962e+03         h         7         3
       56   -6.890314e+03         g         7         4
       57    5.505157e+03         h         7         4
       58    3.393032e+03         g         7         5
       59   -6.675467e+03         h         7         5
       60   -2.353171e+03         g         7         6
       61   -1.976546e+03         h         7         6
       62    3.814623e+03         g         7         7
       63   -5.766730e+03         h         7         7
       64    1.331037e+04         g         8         0
       65    1.375543e+02         g         8         1
       66   -4.073709e+03         h         8         1
       67   -7.406706e+03         g         8         2
       68   -1.170810e+04         h         8         2
       69    1.452394e+02         g         8         3
       70    1.010724e+04         h         8         3
       71   -4.789678e+03         g         8         4
       72   -1.752041e+03         h         8         4
       73   -1.723780e+03         g         8         5
       74    2.353163e+03         h         8         5
       75   -4.326992e+03         g         8         6
       76   -3.314010e+03         h         8         6
       77   -1.375847e+03         g         8         7
       78    9.327974e+02         h         8         7
       79   -3.058915e+03         g         8         8
       80   -3.232465e+03         h         8         8
       81    7.070126e+03         g         9         0
       82   -2.283810e+03         g         9         1
       83   -6.482364e+03         h         9         1
       84    1.158328e+03         g         9         2
       85   -1.986328e+03         h         9         2
       86    7.149624e+02         g         9         3
       87    6.252512e+03         h         9         3
       88    3.538139e+03         g         9         4
       89   -1.187536e+03         h         9         4
       90   -2.778158e+03         g         9         5
       91    3.565594e+03         h         9         5
       92    1.623138e+03         g         9         6
       93   -1.653086e+02         h         9         6
       94   -1.590791e+03         g         9         7
       95    1.924211e+03         h         9         7
       96    1.376716e+03         g         9         8
       97    8.473695e+02         h         9         8
       98   -2.387583e+03         g         9         9
       99    1.795332e+03         h         9         9
      100   -4.352063e+02         g        10         0
      101    8.677253e+02         g        10         1
      102   -6.379541e+03         h        10         1
      103    1.849209e+03         g        10         2
      104    5.639686e+03         h        10         2
      105    4.156318e+03         g        10         3
      106   -2.297927e+03         h        10         3
      107    3.988846e+03         g        10         4
      108   -1.507966e+03         h        10         4
      109    4.175501e+02         g        10         5
      110   -3.759628e+02         h        10         5
      111    1.950425e+03         g        10         6
      112   -7.581378e+02         h        10         6
      113    8.004755e+02         g        10         7
      114   -1.557843e+03         h        10         7
      115    2.490610e+03         g        10         8
      116    4.031836e+02         h        10         8
      117    8.637237e+02         g        10         9
      118   -7.484374e+02         h        10         9
      119    1.094492e+03         g        10        10
      120    1.672928e+03         h        10        10
      121    8.348069e+02         g        11         0
      122    3.469895e+03         g        11         1
      123    6.115245e+02         h        11         1
      124   -1.222804e+03         g        11         2
      125    4.937343e+03         h        11         2
      126    4.070268e+03         g        11         3
      127   -4.237530e+03         h        11         3
      128    3.244903e+02         g        11         4
      129   -3.070353e+03         h        11         4
      130    4.099138e+02         g        11         5
      131   -3.342940e+02         h        11         5
      132   -9.633098e+02         g        11         6
      133   -2.770635e+03         h        11         6
      134   -3.546689e+02         g        11         7
      135   -1.355332e+03         h        11         7
      136    8.179212e+02         g        11         8
      137   -1.846928e+03         h        11         8
      138    2.533747e+02         g        11         9
      139   -1.540185e+03         h        11         9
      140   -1.870173e+02         g        11        10
      141   -6.451448e+02         h        11        10
      142    1.056620e+03         g        11        11
      143   -5.642974e+02         h        11        11
      144    2.642310e+03         g        12         0
      145    1.904652e+03         g        12         1
      146    4.933854e+03         h        12         1
      147   -6.396883e+02         g        12         2
      148    1.760743e+03         h        12         2
      149    9.028852e+01         g        12         3
      150   -1.972650e+03         h        12         3
      151   -6.181346e+02         g        12         4
      152   -9.760819e+02         h        12         4
      153   -9.407614e+02         g        12         5
      154    1.033293e+03         h        12         5
      155   -9.669097e+02         g        12         6
      156   -1.179748e+03         h        12         6
      157   -2.049660e+03         g        12         7
      158    8.119515e+02         h        12         7
      159    5.674214e+02         g        12         8
      160   -9.701623e+02         h        12         8
      161   -1.380753e+03         g        12         9
      162   -5.618664e+02         h        12         9
      163   -7.230008e+02         g        12        10
      164   -3.495100e+01         h        12        10
      165   -6.194786e+02         g        12        11
      166    1.682451e+01         h        12        11
      167   -2.422399e+02         g        12        12
      168   -6.138170e+02         h        12        12
      169    1.638326e+03         g        13         0
      170   -9.462268e+02         g        13         1
      171    3.244039e+03         h        13         1
      172    1.226001e+03         g        13         2
      173    4.471359e+02         h        13         2
      174   -1.956234e+03         g        13         3
      175   -3.959842e+02         h        13         3
      176    5.966063e+01         g        13         4
      177    1.933176e+03         h        13         4
      178    1.683845e+02         g        13         5
      179    2.419796e+02         h        13         5
      180    2.713715e+02         g        13         6
      181    1.003275e+03         h        13         6
      182   -8.204352e+02         g        13         7
      183    1.117367e+03         h        13         7
      184    1.152803e+03         g        13         8
      185    3.448389e+02         h        13         8
      186   -6.131288e+02         g        13         9
      187   -1.174368e+02         h        13         9
      188   -1.470204e+02         g        13        10
      189    1.091906e+03         h        13        10
      190   -2.569369e+02         g        13        11
      191    5.038193e+02         h        13        11
      192   -1.139378e+02         g        13        12
      193    4.877133e+02         h        13        12
      194   -3.582343e+02         g        13        13
      195    5.495400e+01         h        13        13
      196    1.045470e+03         g        14         0
      197   -2.164763e+03         g        14         1
      198    5.789750e+01         h        14         1
      199    1.024250e+03         g        14         2
      200   -8.171057e+01         h        14         2
      201   -1.265545e+03         g        14         3
      202    1.069343e+02         h        14         3
      203   -3.432703e+01         g        14         4
      204    1.581821e+03         h        14         4
      205    1.225710e+03         g        14         5
      206   -9.699263e+02         h        14         5
      207    1.546151e+02         g        14         6
      208    8.237986e+02         h        14         6
      209    6.087701e+02         g        14         7
      210    2.403410e+02         h        14         7
      211    7.451900e+02         g        14         8
      212   -2.495195e+02         h        14         8
      213    2.806114e+02         g        14         9
      214   -3.051217e+02         h        14         9
      215    2.906469e+02         g        14        10
      216    5.038912e+02         h        14        10
      217    3.660059e+02         g        14        11
      218    2.850500e+02         h        14        11
      219    2.482017e+02         g        14        12
      220    2.643036e+02         h        14        12
      221    2.840841e+02         g        14        13
      222    1.624544e+02         h        14        13
      223   -4.800014e+01         g        14        14
      224    1.937799e+02         h        14        14
      225    8.823070e+02         g        15         0
      226   -1.951589e+03         g        15         1
      227   -1.329043e+03         h        15         1
      228   -2.082151e+02         g        15         2
      229   -5.284797e+02         h        15         2
      230   -5.813284e+02         g        15         3
      231    4.299073e+02         h        15         3
      232   -4.575533e+02         g        15         4
      233   -2.664981e+01         h        15         4
      234    2.106968e+02         g        15         5
      235   -7.718500e+02         h        15         5
      236   -4.496476e+02         g        15         6
      237    2.108542e+02         h        15         6
      238    3.852052e+02         g        15         7
      239   -4.339857e+01         h        15         7
      240   -3.034200e+02         g        15         8
      241   -6.902564e+02         h        15         8
      242   -1.172211e+02         g        15         9
      243   -1.536259e+02         h        15         9
      244    1.448448e+02         g        15        10
      245   -1.190816e+02         h        15        10
      246   -4.253935e+01         g        15        11
      247   -3.296008e+01         h        15        11
      248    1.589189e+02         g        15        12
      249   -5.400439e+01         h        15        12
      250    1.236882e+02         g        15        13
      251   -1.150100e+02         h        15        13
      252    1.526376e+02         g        15        14
      253   -1.540285e+02         h        15        14
      254    9.338042e+01         g        15        15
      255    9.340528e+01         h        15        15
      256   -1.644087e+02         g        16         0
      257   -1.174247e+03         g        16         1
      258   -7.766337e+02         h        16         1
      259   -5.758060e+02         g        16         2
      260   -4.177360e+02         h        16         2
      261   -3.796442e+02         g        16         3
      262    5.476514e+02         h        16         3
      263   -2.786242e+02         g        16         4
      264   -2.701738e+02         h        16         4
      265   -7.820349e+02         g        16         5
      266    1.598912e+02         h        16         5
      267   -2.373997e+02         g        16         6
      268    4.280306e+02         h        16         6
      269    7.542992e+01         g        16         7
      270    2.022498e+02         h        16         7
      271   -7.218771e+02         g        16         8
      272   -6.551131e+01         h        16         8
      273   -3.116685e+02         g        16         9
      274    4.088640e+02         h        16         9
      275    5.955442e+00         g        16        10
      276    5.344783e+01         h        16        10
      277   -3.043054e+02         g        16        11
      278    8.083722e+01         h        16        11
      279   -1.064590e+02         g        16        12
      280    2.102679e+02         h        16        12
      281   -6.438503e+01         g        16        13
      282   -1.091972e+02         h        16        13
      283   -3.747665e+01         g        16        14
      284   -5.354918e+01         h        16        14
      285   -6.865811e+01         g        16        15
      286   -1.214178e+02         h        16        15
      287    9.476390e+01         g        16        16
      288   -3.736940e+01         h        16        16
      289   -9.037645e+02         g        17         0
      290   -1.765118e+02         g        17         1
      291    3.451626e+02         h        17         1
      292   -1.841747e+01         g        17         2
      293   -1.388695e+02         h        17         2
      294    7.588218e+01         g        17         3
      295    2.015547e+02         h        17         3
      296    2.950966e+02         g        17         4
      297    5.431134e+01         h        17         4
      298   -4.542700e+02         g        17         5
      299    4.984568e+02         h        17         5
      300    4.146408e+02         g        17         6
      301    3.364298e+02         h        17         6
      302    3.171904e+02         g        17         7
      303    1.230423e+02         h        17         7
      304   -3.239963e+02         g        17         8
      305    2.777293e+02         h        17         8
      306    1.281979e+02         g        17         9
      307    6.039937e+02         h        17         9
      308    2.101640e+02         g        17        10
      309    5.359692e+01         h        17        10
      310   -3.565515e+01         g        17        11
      311    2.423566e+02         h        17        11
      312   -2.586564e+01         g        17        12
      313    2.894521e+02         h        17        12
      314    8.300440e+01         g        17        13
      315    9.540759e+01         h        17        13
      316   -5.811690e+01         g        17        14
      317    3.593633e+01         h        17        14
      318   -1.161622e+00         g        17        15
      319   -7.016211e+00         h        17        15
      320   -8.523952e+01         g        17        16
      321    1.739924e+01         h        17        16
      322   -3.033379e+00         g        17        17
      323   -8.069066e+01         h        17        17
      324   -4.708168e+02         g        18         0
      325    5.207733e+02         g        18         1
      326    6.778944e+02         h        18         1
      327    3.998524e+02         g        18         2
      328   -2.288422e+02         h        18         2
      329    3.910289e+02         g        18         3
      330   -3.011629e+02         h        18         3
      331    5.135565e+02         g        18         4
      332   -1.099755e+02         h        18         4
      333    3.884302e+01         g        18         5
      334    1.106137e+02         h        18         5
      335    5.305437e+02         g        18         6
      336   -2.832932e+02         h        18         6
      337    1.920553e+02         g        18         7
      338   -2.776809e+02         h        18         7
      339    7.950332e+01         g        18         8
      340    1.711881e+01         h        18         8
      341    2.537676e+02         g        18         9
      342    1.976579e+02         h        18         9
      343    2.962237e+02         g        18        10
      344   -2.619316e+02         h        18        10
      345    7.774560e+01         g        18        11
      346    6.363178e+01         h        18        11
      347    1.508168e+02         g        18        12
      348    2.958625e+01         h        18        12
      349    1.157087e+02         g        18        13
      350    5.152637e+01         h        18        13
      351    8.924768e+01         g        18        14
      352   -6.491877e+01         h        18        14
      353    4.620221e+01         g        18        15
      354    1.045112e+01         h        18        15
      355   -1.232551e+01         g        18        16
      356   -2.563080e+01         h        18        16
      357   -9.037395e-01         g        18        17
      358    5.475752e+01         h        18        17
      359   -6.243556e+01         g        18        18
      360   -1.380103e+01         h        18        18
      361    6.929045e+01         g        19         0
      362    5.135874e+02         g        19         1
      363    2.267386e+02         h        19         1
      364    2.020071e+02         g        19         2
      365   -3.491961e+02         h        19         2
      366    1.473954e+02         g        19         3
      367   -3.691310e+02         h        19         3
      368    2.019597e+02         g        19         4
      369   -2.525420e+02         h        19         4
      370    8.816919e-01         g        19         5
      371   -2.110121e+02         h        19         5
      372    6.690171e+01         g        19         6
      373   -4.560014e+02         h        19         6
      374   -2.915780e+02         g        19         7
      375   -3.633915e+02         h        19         7
      376    8.277883e+01         g        19         8
      377   -5.549442e+01         h        19         8
      378   -2.693061e+01         g        19         9
      379   -1.853947e+02         h        19         9
      380    2.062115e+01         g        19        10
      381   -2.712868e+02         h        19        10
      382   -5.552193e+01         g        19        11
      383   -1.249685e+02         h        19        11
      384    6.332880e+01         g        19        12
      385   -1.097657e+02         h        19        12
      386   -2.888994e+01         g        19        13
      387   -7.937453e+01         h        19        13
      388    6.126581e+01         g        19        14
      389   -9.989759e+01         h        19        14
      390   -1.202310e+01         g        19        15
      391   -9.796387e+01         h        19        15
      392    7.857914e+00         g        19        16
      393   -5.043456e+01         h        19        16
      394   -2.437834e+01         g        19        17
      395    9.643237e+00         h        19        17
      396    3.129172e+01         g        19        18
      397    4.523736e+00         h        19        18
      398   -1.823104e+01         g        19        19
      399    4.403914e+01         h        19        19
      400    2.116890e+01         g        20         0
      401    1.131416e+02         g        20         1
      402   -1.395239e+02         h        20         1
      403   -9.875023e+01         g        20         2
      404   -1.372239e+02         h        20         2
      405   -1.469047e+02         g        20         3
      406    3.148484e+01         h        20         3
      407   -9.594853e+01         g        20         4
      408   -2.154885e+01         h        20         4
      409   -4.987776e+01         g        20         5
      410   -8.752140e+01         h        20         5
      411   -2.603507e+02         g        20         6
      412   -7.312321e+01         h        20         6
      413   -3.731938e+02         g        20         7
      414   -4.206000e+01         h        20         7
      415    2.598021e+01         g        20         8
      416    1.314441e+02         h        20         8
      417   -1.221404e+02         g        20         9
      418   -1.716553e+02         h        20         9
      419   -2.065172e+02         g        20        10
      420    1.498927e+00         h        20        10
      421   -6.146729e+01         g        20        11
      422   -4.820857e+01         h        20        11
      423   -7.504594e+01         g        20        12
      424   -5.734722e+01         h        20        12
      425   -8.977957e+01         g        20        13
      426   -2.151294e+01         h        20        13
      427   -4.065812e+01         g        20        14
      428   -3.105582e+01         h        20        14
      429   -4.609788e+01         g        20        15
      430   -7.962441e+01         h        20        15
      431   -5.874755e+01         g        20        16
      432   -2.192023e+01         h        20        16
      433   -3.265480e+01         g        20        17
      434   -7.878639e+00         h        20        17
      435    1.890195e+00         g        20        18
      436    1.588280e+01         h        20        18
      437    4.284317e+00         g        20        19
      438   -1.733607e+01         h        20        19
      439    2.955637e+01         g        20        20
      440    1.665191e+01         h        20        20
      441   -1.370505e+02         g        21         0
      442   -1.291809e+02         g        21         1
      443   -1.520699e+02         h        21         1
      444   -7.003436e+01         g        21         2
      445    1.373824e+02         h        21         2
      446   -8.762491e+01         g        21         3
      447    3.287708e+02         h        21         3
      448   -5.520275e+01         g        21         4
      449    1.280807e+02         h        21         4
      450    9.964696e+01         g        21         5
      451    1.043778e+02         h        21         5
      452   -1.543145e+02         g        21         6
      453    1.753641e+02         h        21         6
      454   -5.041388e+01         g        21         7
      455    1.872092e+02         h        21         7
      456    1.093892e+02         g        21         8
      457    1.193225e+02         h        21         8
      458    8.206694e+00         g        21         9
      459   -4.419248e+01         h        21         9
      460   -1.292735e+02         g        21        10
      461    1.229162e+02         h        21        10
      462    5.419701e+01         g        21        11
      463    5.689668e+01         h        21        11
      464   -4.110852e+01         g        21        12
      465   -3.135316e+01         h        21        12
      466   -3.446124e+01         g        21        13
      467    7.385967e+01         h        21        13
      468   -1.675134e+01         g        21        14
      469    8.407593e+00         h        21        14
      470   -2.562931e+01         g        21        15
      471    2.223805e+00         h        21        15
      472   -4.313158e+01         g        21        16
      473    1.760116e+00         h        21        16
      474   -1.904335e+01         g        21        17
      475    3.169433e+01         h        21        17
      476   -1.226238e+01         g        21        18
      477    1.757168e+01         h        21        18
      478    8.034013e+00         g        21        19
      479    2.539466e+00         h        21        19
      480   -9.634823e+00         g        21        20
      481   -3.665663e+00         h        21        20
      482    1.324354e+01         g        21        21
      483   -1.934558e+01         h        21        21
      484   -8.176098e+01         g        22         0
      485   -9.568590e+01         g        22         1
      486   -1.116451e+02         h        22         1
      487    5.715806e+01         g        22         2
      488    1.681615e+02         h        22         2
      489    6.694275e+01         g        22         3
      490    2.110625e+02         h        22         3
      491    4.641770e+01         g        22         4
      492    4.571219e+00         h        22         4
      493    1.181083e+02         g        22         5
      494    6.703682e+01         h        22         5
      495    3.756784e+01         g        22         6
      496    9.252483e+01         h        22         6
      497    1.422759e+02         g        22         7
      498    1.120618e+02         h        22         7
      499    1.200164e+02         g        22         8
      500   -6.967991e+01         h        22         8
      501    4.311765e+01         g        22         9
      502   -3.412265e+01         h        22         9
      503    1.517661e+01         g        22        10
      504    5.316492e+01         h        22        10
      505    6.931597e+01         g        22        11
      506    9.740330e+00         h        22        11
      507    1.995980e+01         g        22        12
      508   -5.132432e+01         h        22        12
      509    6.128146e+00         g        22        13
      510    4.441771e+01         h        22        13
      511    3.584158e+01         g        22        14
      512   -6.355450e+00         h        22        14
      513   -8.878056e+00         g        22        15
      514    7.289545e+00         h        22        15
      515    1.048409e+01         g        22        16
      516    1.392678e-01         h        22        16
      517   -5.081112e+00         g        22        17
      518    2.197626e+01         h        22        17
      519    1.126630e+01         g        22        18
      520    1.459254e+01         h        22        18
      521    6.171301e+00         g        22        19
      522    1.395930e+01         h        22        19
      523    2.857002e+00         g        22        20
      524   -3.299789e+00         h        22        20
      525   -2.647665e+00         g        22        21
      526    5.591921e+00         h        22        21
      527   -1.264805e+01         g        22        22
      528   -9.546940e+00         h        22        22
      529    2.569441e+00         g        23         0
      530    1.348646e+01         g        23         1
      531   -8.895406e+01         h        23         1
      532    2.021321e+01         g        23         2
      533    5.246919e+01         h        23         2
      534    6.338262e+01         g        23         3
      535   -2.846711e+01         h        23         3
      536   -1.954593e+01         g        23         4
      537   -8.677732e+01         h        23         4
      538   -3.840327e+01         g        23         5
      539   -2.145062e+01         h        23         5
      540    5.797565e+01         g        23         6
      541   -9.230234e+00         h        23         6
      542    8.043473e+01         g        23         7
      543   -1.137589e+01         h        23         7
      544   -1.459929e+01         g        23         8
      545   -1.235356e+02         h        23         8
      546   -3.068336e+01         g        23         9
      547   -2.592004e+01         h        23         9
      548    3.533941e+01         g        23        10
      549    5.672063e+00         h        23        10
      550   -5.590185e+00         g        23        11
      551   -4.525929e+01         h        23        11
      552   -9.155395e+00         g        23        12
      553   -2.073738e+01         h        23        12
      554    6.264181e+00         g        23        13
      555   -9.055471e+00         h        23        13
      556    1.145733e+01         g        23        14
      557   -1.392972e+01         h        23        14
      558   -1.274808e+01         g        23        15
      559   -8.200537e+00         h        23        15
      560    1.158456e+01         g        23        16
      561   -3.562564e+00         h        23        16
      562   -2.937987e+00         g        23        17
      563   -7.844880e+00         h        23        17
      564    7.806320e+00         g        23        18
      565    9.904291e+00         h        23        18
      566    6.889085e+00         g        23        19
      567    2.032352e+00         h        23        19
      568    1.033317e+01         g        23        20
      569   -2.847728e-01         h        23        20
      570   -1.740266e-01         g        23        21
      571   -1.585405e+00         h        23        21
      572    3.443725e+00         g        23        22
      573    2.560348e+00         h        23        22
      574   -6.595720e+00         g        23        23
      575    8.345601e+00         h        23        23
      576    2.475846e+01         g        24         0
      577    6.557090e+01         g        24         1
      578    2.597604e+00         h        24         1
      579   -5.546265e+01         g        24         2
      580   -2.143114e+01         h        24         2
      581    1.325088e+00         g        24         3
      582   -9.000547e+01         h        24         3
      583   -9.741505e+01         g        24         4
      584   -1.609601e+01         h        24         4
      585   -1.065343e+02         g        24         5
      586    3.992099e+00         h        24         5
      587    1.832071e+01         g        24         6
      588   -4.296815e+00         h        24         6
      589    7.107571e-01         g        24         7
      590   -1.416560e+01         h        24         7
      591   -9.515931e+01         g        24         8
      592   -2.749239e+01         h        24         8
      593   -4.118416e+01         g        24         9
      594    4.687141e+01         h        24         9
      595    1.940714e+01         g        24        10
      596    1.528028e+01         h        24        10
      597   -3.462476e+01         g        24        11
      598   -9.440160e+00         h        24        11
      599   -3.213131e+01         g        24        12
      600    3.720914e+01         h        24        12
      601    1.486805e+01         g        24        13
      602   -2.530983e+00         h        24        13
      603   -2.030112e+01         g        24        14
      604   -4.108209e-01         h        24        14
      605   -9.720203e+00         g        24        15
      606    1.576005e+01         h        24        15
      607   -8.754295e-01         g        24        16
      608    2.549725e+00         h        24        16
      609   -3.954894e+00         g        24        17
      610   -4.090790e+00         h        24        17
      611   -4.863264e+00         g        24        18
      612    8.943787e+00         h        24        18
      613    5.920340e+00         g        24        19
      614    3.870360e+00         h        24        19
      615    4.220281e+00         g        24        20
      616   -1.564708e+00         h        24        20
      617    2.491789e+00         g        24        21
      618   -5.822423e+00         h        24        21
      619    1.097714e-01         g        24        22
      620   -8.602046e-01         h        24        22
      621    2.707789e+00         g        24        23
      622   -2.067533e+00         h        24        23
      623    5.689962e+00         g        24        24
      624    4.668431e+00         h        24        24
      625    5.232614e+01         g        25         0
      626    5.837804e+01         g        25         1
      627    7.161835e+01         h        25         1
      628   -2.868376e+01         g        25         2
      629   -3.371529e+01         h        25         2
      630   -5.433662e+00         g        25         3
      631   -3.961861e+01         h        25         3
      632   -5.136971e+01         g        25         4
      633    4.703746e+01         h        25         4
      634   -2.868568e+01         g        25         5
      635    3.680074e+01         h        25         5
      636    2.414649e+01         g        25         6
      637   -3.923236e+00         h        25         6
      638   -3.762203e+00         g        25         7
      639    4.674338e+00         h        25         7
      640   -4.077994e+01         g        25         8
      641    3.605204e+01         h        25         8
      642    1.117291e+01         g        25         9
      643    7.141795e+01         h        25         9
      644    3.819121e+01         g        25        10
      645   -7.139811e-01         h        25        10
      646   -8.955021e+00         g        25        11
      647    2.570077e+01         h        25        11
      648    4.955878e+00         g        25        12
      649    4.553711e+01         h        25        12
      650    2.920283e+01         g        25        13
      651    5.145486e+00         h        25        13
      652   -8.353556e+00         g        25        14
      653    4.770568e+00         h        25        14
      654    6.946773e+00         g        25        15
      655    3.055349e+01         h        25        15
      656    1.028488e+01         g        25        16
      657    4.562538e+00         h        25        16
      658    1.330779e+00         g        25        17
      659    5.166197e+00         h        25        17
      660    1.690668e+00         g        25        18
      661    8.082473e+00         h        25        18
      662    6.145236e+00         g        25        19
      663    8.142729e+00         h        25        19
      664    5.284703e+00         g        25        20
      665   -7.615925e-01         h        25        20
      666    1.014835e+00         g        25        21
      667   -2.911072e+00         h        25        21
      668   -1.932435e+00         g        25        22
      669   -3.178019e+00         h        25        22
      670   -7.256098e-01         g        25        23
      671   -1.050026e+00         h        25        23
      672   -1.048473e+00         g        25        24
      673   -2.550487e+00         h        25        24
      674    3.271017e+00         g        25        25
      675   -3.971374e+00         h        25        25
      676    6.310992e+01         g        26         0
      677    1.904152e+01         g        26         1
      678    3.265171e+01         h        26         1
      679    1.877211e+01         g        26         2
      680   -2.321936e+01         h        26         2
      681    1.072255e+00         g        26         3
      682   -1.526193e+01         h        26         3
      683    1.870896e+01         g        26         4
      684    1.931958e+01         h        26         4
      685    3.811622e+01         g        26         5
      686   -1.264947e+00         h        26         5
      687    1.674150e+01         g        26         6
      688   -3.500655e+01         h        26         6
      689   -5.434330e+00         g        26         7
      690   -2.025881e+01         h        26         7
      691    2.161908e+01         g        26         8
      692    2.335584e+01         h        26         8
      693    2.623276e+01         g        26         9
      694    1.369618e+01         h        26         9
      695    3.253326e+01         g        26        10
      696   -3.306023e+01         h        26        10
      697    3.064181e+00         g        26        11
      698    6.749014e+00         h        26        11
      699    3.020666e+01         g        26        12
      700    1.132303e+01         h        26        12
      701    1.734064e+01         g        26        13
      702   -1.636781e+01         h        26        13
      703    3.163145e+00         g        26        14
      704   -2.664339e+00         h        26        14
      705    1.569863e+01         g        26        15
      706    1.061291e+01         h        26        15
      707    1.413986e+01         g        26        16
      708   -4.075677e+00         h        26        16
      709    4.935969e+00         g        26        17
      710   -1.832965e+00         h        26        17
      711    7.395931e+00         g        26        18
      712    8.022293e-01         h        26        18
      713    6.383840e+00         g        26        19
      714    9.831792e-01         h        26        19
      715    6.352505e+00         g        26        20
      716   -9.786780e-01         h        26        20
      717    1.669884e+00         g        26        21
      718   -4.143200e+00         h        26        21
      719   -8.104893e-01         g        26        22
      720   -2.044682e+00         h        26        22
      721   -2.462305e+00         g        26        23
      722   -1.859798e-01         h        26        23
      723   -1.406972e+00         g        26        24
      724    4.819271e-01         h        26        24
      725   -2.312916e+00         g        26        25
      726    2.622779e-01         h        26        25
      727   -2.730160e+00         g        26        26
      728   -2.191177e+00         h        26        26
      729    1.853143e+01         g        27         0
      730   -1.992810e+01         g        27         1
      731   -2.323966e+01         h        27         1
      732    9.718409e+00         g        27         2
      733    3.098466e+00         h        27         2
      734   -1.380124e+01         g        27         3
      735   -6.716650e+00         h        27         3
      736    2.403851e+01         g        27         4
      737   -1.598971e+01         h        27         4
      738    2.869201e+01         g        27         5
      739   -3.082850e+01         h        27         5
      740   -2.489760e+01         g        27         6
      741   -3.202418e+01         h        27         6
      742   -2.125486e+01         g        27         7
      743   -2.641198e+01         h        27         7
      744    1.802438e+01         g        27         8
      745    6.032932e+00         h        27         8
      746    5.804961e-01         g        27         9
      747   -2.967886e+01         h        27         9
      748   -1.248721e+01         g        27        10
      749   -2.702430e+01         h        27        10
      750   -6.304134e+00         g        27        11
      751   -9.709897e+00         h        27        11
      752    1.086045e+01         g        27        12
      753   -1.104331e+01         h        27        12
      754   -1.060851e+01         g        27        13
      755   -2.187772e+01         h        27        13
      756   -6.391803e+00         g        27        14
      757   -2.576567e+00         h        27        14
      758    8.486472e+00         g        27        15
      759   -6.785005e+00         h        27        15
      760   -1.043185e+00         g        27        16
      761   -9.138356e+00         h        27        16
      762    4.878324e-02         g        27        17
      763   -4.483606e+00         h        27        17
      764    1.078215e+00         g        27        18
      765   -5.814479e+00         h        27        18
      766    1.259401e+00         g        27        19
      767   -3.774253e+00         h        27        19
      768    1.023803e+00         g        27        20
      769   -2.661310e+00         h        27        20
      770    1.107125e+00         g        27        21
      771   -4.703106e+00         h        27        21
      772   -2.256259e+00         g        27        22
      773   -2.854420e+00         h        27        22
      774   -1.527395e+00         g        27        23
      775   -5.501937e-01         h        27        23
      776   -1.008972e+00         g        27        24
      777    1.698820e+00         h        27        24
      778    1.750735e-01         g        27        25
      779    1.324981e+00         h        27        25
      780   -2.632348e-01         g        27        26
      781    2.020434e+00         h        27        26
      782   -1.405221e+00         g        27        27
      783    1.729040e+00         h        27        27
      784   -2.795769e+01         g        28         0
      785   -2.961823e+01         g        28         1
      786   -1.694709e+01         h        28         1
      787   -8.332260e+00         g        28         2
      788    2.814702e+01         h        28         2
      789   -1.782904e+01         g        28         3
      790    1.316503e+01         h        28         3
      791    7.809869e+00         g        28         4
      792   -9.838737e+00         h        28         4
      793    4.993341e+00         g        28         5
      794   -9.667932e+00         h        28         5
      795   -3.546469e+01         g        28         6
      796    3.746180e+00         h        28         6
      797   -1.303276e+01         g        28         7
      798    4.874520e+00         h        28         7
      799    9.768160e-01         g        28         8
      800    5.855952e+00         h        28         8
      801   -9.896342e+00         g        28         9
      802   -1.693730e+01         h        28         9
      803   -3.317131e+01         g        28        10
      804    4.660424e+00         h        28        10
      805   -5.161871e+00         g        28        11
      806    2.802377e+00         h        28        11
      807   -7.002615e+00         g        28        12
      808   -9.158706e+00         h        28        12
      809   -2.091091e+01         g        28        13
      810    2.274025e-01         h        28        13
      811   -7.994770e+00         g        28        14
      812    6.598823e+00         h        28        14
      813    3.648751e-01         g        28        15
      814   -5.392561e+00         h        28        15
      815   -9.789988e+00         g        28        16
      816   -2.999002e+00         h        28        16
      817   -3.935404e+00         g        28        17
      818    3.022475e+00         h        28        17
      819   -2.687988e+00         g        28        18
      820   -4.071719e+00         h        28        18
      821   -4.078669e+00         g        28        19
      822   -5.516875e-01         h        28        19
      823   -2.026405e+00         g        28        20
      824   -7.595990e-01         h        28        20
      825   -1.449296e+00         g        28        21
      826   -1.452473e+00         h        28        21
      827   -3.052361e+00         g        28        22
      828   -2.332329e+00         h        28        22
      829   -2.330679e+00         g        28        23
      830    4.738316e-01         h        28        23
      831   -8.923339e-01         g        28        24
      832    8.131601e-01         h        28        24
      833    1.008904e+00         g        28        25
      834    1.093169e+00         h        28        25
      835    9.998234e-01         g        28        26
      836    4.912979e-02         h        28        26
      837    1.623681e+00         g        28        27
      838    4.699018e-01         h        28        27
      839    9.573335e-01         g        28        28
      840    8.636012e-01         h        28        28
      841   -2.695852e+01         g        29         0
      842   -1.299423e+01         g        29         1
      843    9.704151e+00         h        29         1
      844   -2.984446e-01         g        29         2
      845    2.386646e+01         h        29         2
      846   -1.315384e+00         g        29         3
      847    1.556306e+01         h        29         3
      848    7.445136e+00         g        29         4
      849    3.504799e+00         h        29         4
      850    2.496884e+00         g        29         5
      851    9.512920e+00         h        29         5
      852   -3.943185e+00         g        29         6
      853    1.942776e+01         h        29         6
      854    1.033596e+01         g        29         7
      855    2.012543e+01         h        29         7
      856    4.216807e+00         g        29         8
      857   -1.029876e+00         h        29         8
      858    1.045760e+00         g        29         9
      859    2.343308e+00         h        29         9
      860   -1.237706e+01         g        29        10
      861    1.691735e+01         h        29        10
      862    6.089408e+00         g        29        11
      863    8.895746e+00         h        29        11
      864   -2.399322e+00         g        29        12
      865   -4.878113e+00         h        29        12
      866   -9.608885e+00         g        29        13
      867    1.344965e+01         h        29        13
      868    4.400830e+00         g        29        14
      869    8.364961e+00         h        29        14
      870   -4.746236e-01         g        29        15
      871   -3.569410e+00         h        29        15
      872   -4.908056e+00         g        29        16
      873    3.381375e+00         h        29        16
      874   -3.899502e-01         g        29        17
      875    5.217872e+00         h        29        17
      876   -1.798604e-01         g        29        18
      877   -2.246977e-01         h        29        18
      878   -2.991357e+00         g        29        19
      879    1.267801e+00         h        29        19
      880   -3.647971e-01         g        29        20
      881    1.973645e+00         h        29        20
      882   -1.273676e+00         g        29        21
      883    6.435431e-01         h        29        21
      884   -1.489387e+00         g        29        22
      885    2.782618e-01         h        29        22
      886   -2.069171e+00         g        29        23
      887    1.103479e+00         h        29        23
      888   -3.137709e-01         g        29        24
      889    1.375756e+00         h        29        24
      890    1.663797e-01         g        29        25
      891    7.431875e-01         h        29        25
      892    8.043259e-01         g        29        26
      893   -5.469231e-01         h        29        26
      894    9.342494e-02         g        29        27
      895   -7.096488e-01         h        29        27
      896    4.784347e-01         g        29        28
      897   -1.213028e+00         h        29        28
      898    5.122910e-01         g        29        29
      899   -4.320280e-01         h        29        29
      900   -4.115242e+00         g        30         0
      901    2.692264e+00         g        30         1
      902    1.102316e+01         h        30         1
      903    5.203664e+00         g        30         2
      904   -1.768616e+00         h        30         2
      905    8.415664e+00         g        30         3
      906   -2.455504e+00         h        30         3
      907    3.406297e+00         g        30         4
      908    2.348613e+00         h        30         4
      909    1.724684e+00         g        30         5
      910    2.270777e+00         h        30         5
      911    1.678714e+01         g        30         6
      912    7.671516e+00         h        30         6
      913    1.396090e+01         g        30         7
      914    6.074718e+00         h        30         7
      915    4.178524e+00         g        30         8
      916   -1.154978e+01         h        30         8
      917    5.441498e+00         g        30         9
      918    1.333624e+00         h        30         9
      919    6.606509e+00         g        30        10
      920    6.348090e+00         h        30        10
      921    7.255199e+00         g        30        11
      922   -2.147316e+00         h        30        11
      923    9.519269e-01         g        30        12
      924   -5.309633e+00         h        30        12
      925    1.980243e+00         g        30        13
      926    6.428574e+00         h        30        13
      927    8.786093e+00         g        30        14
      928    2.290163e-01         h        30        14
      929   -1.298456e+00         g        30        15
      930   -6.243858e+00         h        30        15
      931   -6.704554e-01         g        30        16
      932    2.787368e+00         h        30        16
      933    3.099894e+00         g        30        17
      934    1.960741e-01         h        30        17
      935   -1.791305e-02         g        30        18
      936   -5.152527e-01         h        30        18
      937    4.858118e-02         g        30        19
      938   -2.746871e-01         h        30        19
      939    3.334834e-01         g        30        20
      940    7.978055e-01         h        30        20
      941    3.626763e-01         g        30        21
      942    3.045209e-01         h        30        21
      943   -1.298330e-01         g        30        22
      944    9.061899e-01         h        30        22
      945   -1.008198e-01         g        30        23
      946    5.330084e-01         h        30        23
      947    3.411098e-02         g        30        24
      948    1.316583e+00         h        30        24
      949    5.029706e-01         g        30        25
      950    5.280334e-01         h        30        25
      951    3.725673e-01         g        30        26
      952    2.194438e-01         h        30        26
      953   -3.838823e-01         g        30        27
      954   -5.241873e-01         h        30        27
      955   -4.675941e-01         g        30        28
      956   -8.461527e-02         h        30        28
      957   -8.444743e-01         g        30        29
      958   -4.044644e-01         h        30        29
      959   -1.113434e-01         g        30        30
      960   -2.919353e-01         h        30        30
      961    6.908648e+00         g        31         0
      962    4.261489e+00         g        31         1
      963    1.918058e+00         h        31         1
      964   -3.361444e+00         g        31         2
      965   -1.761982e+01         h        31         2
      966    3.255266e+00         g        31         3
      967   -9.107740e+00         h        31         3
      968   -7.620819e+00         g        31         4
      969    1.099708e-01         h        31         4
      970   -4.669426e+00         g        31         5
      971   -4.352839e+00         h        31         5
      972    9.605160e+00         g        31         6
      973   -2.101620e+00         h        31         6
      974    8.123714e-01         g        31         7
      975   -4.161583e+00         h        31         7
      976   -5.090116e+00         g        31         8
      977   -7.933671e+00         h        31         8
      978   -3.506508e-01         g        31         9
      979   -6.984313e-01         h        31         9
      980    5.480610e+00         g        31        10
      981   -2.547515e+00         h        31        10
      982   -7.155524e-01         g        31        11
      983   -6.395437e+00         h        31        11
      984   -4.274206e+00         g        31        12
      985   -2.222785e+00         h        31        12
      986    4.132378e+00         g        31        13
      987   -5.314874e-01         h        31        13
      988    1.785573e+00         g        31        14
      989   -5.018682e+00         h        31        14
      990   -4.588119e+00         g        31        15
      991   -3.301106e+00         h        31        15
      992   -7.164482e-01         g        31        16
      993    1.051044e+00         h        31        16
      994    1.406797e+00         g        31        17
      995   -2.290799e+00         h        31        17
      996   -2.371720e+00         g        31        18
      997   -8.698912e-01         h        31        18
      998    8.004737e-02         g        31        19
      999   -1.930845e-01         h        31        19
     1000   -7.570633e-01         g        31        20
     1001   -1.109846e+00         h        31        20
     1002   -5.510455e-02         g        31        21
     1003    3.402128e-01         h        31        21
     1004    1.154683e-01         g        31        22
     1005    1.889285e-02         h        31        22
     1006    4.872920e-01         g        31        23
     1007   -7.605831e-02         h        31        23
     1008   -5.429448e-02         g        31        24
     1009    7.060741e-02         h        31        24
     1010    6.556555e-01         g        31        25
     1011    4.193706e-01         h        31        25
     1012    3.929470e-01         g        31        26
     1013    8.581028e-02         h        31        26
     1014    2.567327e-01         g        31        27
     1015   -8.013159e-02         h        31        27
     1016   -2.890135e-01         g        31        28
     1017    3.089542e-01         h        31        28
     1018   -6.300487e-02         g        31        29
     1019    2.855189e-01         h        31        29
     1020   -2.916180e-01         g        31        30
     1021    5.516727e-01         h        31        30
     1022   -1.586728e-01         g        31        31
     1023   -5.563416e-02         h        31        31
     1024    5.676658e+00         g        32         0
     1025   -2.145774e-01         g        32         1
     1026   -8.332886e-01         h        32         1
     1027   -6.179265e+00         g        32         2
     1028   -1.299594e+01         h        32         2
     1029   -1.491234e+00         g        32         3
     1030   -5.559967e-01         h        32         3
     1031   -7.181905e+00         g        32         4
     1032    1.915504e+00         h        32         4
     1033   -5.027715e+00         g        32         5
     1034   -4.109632e-01         h        32         5
     1035   -4.382009e-01         g        32         6
     1036   -1.054327e+00         h        32         6
     1037   -5.213377e+00         g        32         7
     1038   -1.041059e+00         h        32         7
     1039   -5.859099e+00         g        32         8
     1040    3.245800e+00         h        32         8
     1041   -2.497190e+00         g        32         9
     1042    3.145402e+00         h        32         9
     1043    1.660712e+00         g        32        10
     1044   -2.172166e+00         h        32        10
     1045   -3.662768e+00         g        32        11
     1046    5.753472e-01         h        32        11
     1047   -3.978508e+00         g        32        12
     1048    3.451242e+00         h        32        12
     1049    3.260309e+00         g        32        13
     1050   -1.313288e-01         h        32        13
     1051   -2.300763e+00         g        32        14
     1052   -2.860085e+00         h        32        14
     1053   -4.071629e+00         g        32        15
     1054    3.356418e+00         h        32        15
     1055    9.244162e-01         g        32        16
     1056    1.558056e+00         h        32        16
     1057   -5.895222e-01         g        32        17
     1058   -9.855722e-01         h        32        17
     1059   -1.861235e+00         g        32        18
     1060    1.334574e+00         h        32        18
     1061   -1.072694e-01         g        32        19
     1062    1.190628e+00         h        32        19
     1063   -6.461861e-01         g        32        20
     1064   -4.555369e-01         h        32        20
     1065   -7.323997e-01         g        32        21
     1066    9.895275e-01         h        32        21
     1067    3.423338e-01         g        32        22
     1068    1.946023e-01         h        32        22
     1069   -1.001136e-01         g        32        23
     1070   -1.150704e-01         h        32        23
     1071   -1.963115e-01         g        32        24
     1072   -2.998827e-01         h        32        24
     1073    4.928590e-02         g        32        25
     1074    2.904873e-01         h        32        25
     1075    4.676980e-01         g        32        26
     1076   -1.718456e-01         h        32        26
     1077    2.930610e-01         g        32        27
     1078   -1.764861e-01         h        32        27
     1079    1.163361e-01         g        32        28
     1080   -1.800335e-01         h        32        28
     1081    2.598695e-01         g        32        29
     1082    1.272735e-01         h        32        29
     1083    1.846855e-01         g        32        30
     1084    4.795121e-02         h        32        30
     1085    3.379528e-01         g        32        31
     1086    1.886466e-01         h        32        31
     1087   -1.234832e-01         g        32        32
     1088    8.305094e-02         h        32        32
     1089    2.192186e+00         g        33         0
     1090   -1.855629e+00         g        33         1
     1091   -2.264958e+00         h        33         1
     1092    2.895812e-01         g        33         2
     1093   -1.993418e+00         h        33         2
     1094   -2.593727e-01         g        33         3
     1095    3.521178e+00         h        33         3
     1096    1.960380e+00         g        33         4
     1097    4.569091e-01         h        33         4
     1098   -1.352670e-01         g        33         5
     1099    9.854792e-01         h        33         5
     1100   -2.366982e+00         g        33         6
     1101    6.020397e-02         h        33         6
     1102   -1.308082e+00         g        33         7
     1103    5.638717e-01         h        33         7
     1104    1.107336e+00         g        33         8
     1105    6.115056e+00         h        33         8
     1106    8.577811e-02         g        33         9
     1107    2.131433e+00         h        33         9
     1108    2.364734e+00         g        33        10
     1109   -9.565096e-01         h        33        10
     1110   -1.878052e-01         g        33        11
     1111    3.438569e+00         h        33        11
     1112    2.103449e+00         g        33        12
     1113    3.961707e+00         h        33        12
     1114    3.012362e+00         g        33        13
     1115   -8.040904e-01         h        33        13
     1116   -6.580975e-01         g        33        14
     1117   -2.261631e-01         h        33        14
     1118    5.668277e-01         g        33        15
     1119    4.503992e+00         h        33        15
     1120    3.264952e+00         g        33        16
     1121    6.960135e-01         h        33        16
     1122   -7.210034e-02         g        33        17
     1123   -6.239962e-01         h        33        17
     1124    6.968240e-01         g        33        18
     1125    2.167282e+00         h        33        18
     1126    1.285660e+00         g        33        19
     1127    6.563833e-01         h        33        19
     1128    3.918609e-01         g        33        20
     1129    3.120122e-01         h        33        20
     1130    1.931410e-01         g        33        21
     1131    6.602399e-01         h        33        21
     1132    7.190747e-01         g        33        22
     1133    5.080020e-01         h        33        22
     1134    1.747097e-02         g        33        23
     1135   -1.946040e-02         h        33        23
     1136   -4.767028e-02         g        33        24
     1137    9.322127e-02         h        33        24
     1138   -1.254623e-01         g        33        25
     1139    1.806036e-01         h        33        25
     1140    3.235507e-01         g        33        26
     1141    1.480880e-02         h        33        26
     1142    6.835244e-02         g        33        27
     1143   -3.135646e-01         h        33        27
     1144    1.534837e-02         g        33        28
     1145   -3.096866e-01         h        33        28
     1146   -8.216958e-02         g        33        29
     1147   -2.107053e-01         h        33        29
     1148    5.848232e-02         g        33        30
     1149   -2.040735e-01         h        33        30
     1150    3.593526e-02         g        33        31
     1151   -1.277794e-01         h        33        31
     1152    1.135870e-01         g        33        32
     1153   -1.924634e-01         h        33        32
     1154    4.538023e-02         g        33        33
     1155    1.356774e-01         h        33        33
     1156   -2.460700e+00         g        34         0
     1157    1.463724e-01         g        34         1
     1158   -3.540737e+00         h        34         1
     1159    3.201629e+00         g        34         2
     1160    5.077425e+00         h        34         2
     1161    1.360375e+00         g        34         3
     1162   -1.098995e-01         h        34         3
     1163    4.066138e+00         g        34         4
     1164   -2.370472e+00         h        34         4
     1165    1.199353e+00         g        34         5
     1166   -8.241136e-02         h        34         5
     1167   -2.417747e+00         g        34         6
     1168   -6.305317e-01         h        34         6
     1169    1.391379e+00         g        34         7
     1170   -1.434509e+00         h        34         7
     1171    2.265134e+00         g        34         8
     1172    1.044082e+00         h        34         8
     1173    2.284427e-01         g        34         9
     1174   -1.810966e+00         h        34         9
     1175    2.104585e-01         g        34        10
     1176   -8.185395e-01         h        34        10
     1177    1.557618e+00         g        34        11
     1178   -8.447716e-02         h        34        11
     1179    2.959351e+00         g        34        12
     1180    3.866775e-02         h        34        12
     1181    3.494719e-01         g        34        13
     1182   -2.449418e+00         h        34        13
     1183   -2.680238e-01         g        34        14
     1184    4.901369e-02         h        34        14
     1185    2.886664e+00         g        34        15
     1186    9.004169e-01         h        34        15
     1187    1.666777e+00         g        34        16
     1188   -1.744832e+00         h        34        16
     1189   -1.670381e-01         g        34        17
     1190   -8.039670e-01         h        34        17
     1191    1.465511e+00         g        34        18
     1192    2.973995e-01         h        34        18
     1193    1.241320e+00         g        34        19
     1194   -9.891534e-01         h        34        19
     1195    2.701145e-01         g        34        20
     1196   -2.099157e-01         h        34        20
     1197    7.944906e-01         g        34        21
     1198   -3.339099e-01         h        34        21
     1199    4.622149e-01         g        34        22
     1200   -1.876611e-01         h        34        22
     1201    3.038356e-01         g        34        23
     1202   -1.277266e-01         h        34        23
     1203    1.881406e-01         g        34        24
     1204   -1.315119e-02         h        34        24
     1205    8.242536e-02         g        34        25
     1206   -5.474328e-02         h        34        25
     1207    1.656270e-01         g        34        26
     1208    6.236157e-02         h        34        26
     1209    7.278713e-02         g        34        27
     1210   -1.988644e-01         h        34        27
     1211   -1.360228e-01         g        34        28
     1212   -1.523954e-01         h        34        28
     1213   -2.546391e-01         g        34        29
     1214   -1.190196e-01         h        34        29
     1215   -2.065317e-01         g        34        30
     1216    1.984660e-02         h        34        30
     1217   -1.480434e-01         g        34        31
     1218   -3.420725e-02         h        34        31
     1219   -8.552041e-02         g        34        32
     1220   -2.508554e-02         h        34        32
     1221   -9.851785e-02         g        34        33
     1222   -6.490590e-02         h        34        33
     1223    1.187427e-01         g        34        34
     1224   -2.928732e-02         h        34        34
     1225   -2.980260e+00         g        35         0
     1226    1.509959e+00         g        35         1
     1227   -1.172052e+00         h        35         1
     1228    1.139227e+00         g        35         2
     1229    4.404561e+00         h        35         2
     1230    9.329368e-01         g        35         3
     1231   -1.422180e+00         h        35         3
     1232    6.826124e-01         g        35         4
     1233   -1.403032e+00         h        35         4
     1234    2.233146e-02         g        35         5
     1235    7.191102e-01         h        35         5
     1236   -1.439865e+00         g        35         6
     1237   -5.669668e-02         h        35         6
     1238    6.122204e-01         g        35         7
     1239   -9.674959e-01         h        35         7
     1240   -4.872376e-01         g        35         8
     1241   -1.644829e+00         h        35         8
     1242   -8.243119e-01         g        35         9
     1243   -1.308523e+00         h        35         9
     1244   -2.163789e+00         g        35        10
     1245    2.227056e-01         h        35        10
     1246    3.530805e-01         g        35        11
     1247   -1.394383e+00         h        35        11
     1248   -1.098811e-01         g        35        12
     1249   -1.446657e+00         h        35        12
     1250   -2.088263e+00         g        35        13
     1251   -8.702143e-01         h        35        13
     1252   -1.006602e+00         g        35        14
     1253    3.247382e-01         h        35        14
     1254    1.372794e+00         g        35        15
     1255   -8.868656e-01         h        35        15
     1256   -1.016366e+00         g        35        16
     1257   -1.758899e+00         h        35        16
     1258   -9.840001e-01         g        35        17
     1259    2.002150e-01         h        35        17
     1260    5.851085e-01         g        35        18
     1261   -7.993636e-01         h        35        18
     1262   -3.340988e-01         g        35        19
     1263   -1.074315e+00         h        35        19
     1264   -4.012880e-01         g        35        20
     1265   -2.251199e-01         h        35        20
     1266    1.995357e-01         g        35        21
     1267   -5.358484e-01         h        35        21
     1268   -1.637782e-01         g        35        22
     1269   -5.650926e-01         h        35        22
     1270   -1.531520e-03         g        35        23
     1271   -1.372434e-01         h        35        23
     1272    1.259394e-01         g        35        24
     1273   -2.553648e-01         h        35        24
     1274   -6.719726e-03         g        35        25
     1275   -2.652371e-01         h        35        25
     1276    7.825206e-03         g        35        26
     1277   -6.377543e-02         h        35        26
     1278    7.510091e-02         g        35        27
     1279   -8.231522e-02         h        35        27
     1280   -7.111904e-02         g        35        28
     1281   -7.343822e-02         h        35        28
     1282   -1.641474e-01         g        35        29
     1283    3.558540e-02         h        35        29
     1284   -1.391031e-01         g        35        30
     1285    1.751674e-01         h        35        30
     1286   -2.343664e-02         g        35        31
     1287    1.561701e-01         h        35        31
     1288   -2.847657e-02         g        35        32
     1289    1.045242e-01         h        35        32
     1290   -1.981723e-02         g        35        33
     1291    5.707950e-02         h        35        33
     1292   -3.843681e-02         g        35        34
     1293    4.377634e-02         h        35        34
     1294   -2.281048e-02         g        35        35
     1295   -8.952213e-02         h        35        35